att_0,att_1,att_2,att_3,att_4,att_5,att_6,att_7,att_8
Var0,Var1,Var2,Var3,Var4,Var5,Var6,Var7,Var8
2,9,12,4,0,3,4,0,0
2,15,9,4,6,3,4,1,0
2,6,4,2,6,0,4,1,0
2,11,8,2,0,0,4,1,0
2,11,8,2,0,5,4,0,1
2,15,9,4,9,3,4,1,0
1,5,3,2,4,0,4,1,0
2,8,10,2,9,0,4,1,0
0,11,8,4,7,3,2,1,0
2,9,12,4,11,2,4,1,0
1,8,10,2,2,0,2,1,1
2,11,8,6,7,4,4,0,0
1,15,9,0,0,4,4,0,0
2,11,8,4,0,1,4,0,0
2,11,8,4,5,1,2,1,0
2,15,9,4,2,1,2,1,0
2,4,2,2,13,2,4,1,0
0,12,13,4,3,1,4,0,1
2,12,13,4,9,1,4,0,0
2,11,8,0,2,1,4,1,0
2,1,6,4,7,3,4,1,0
2,9,12,4,9,1,4,0,0
2,9,12,4,9,1,4,0,0
2,9,12,4,12,4,2,0,0
2,4,2,4,7,2,4,1,0
2,11,8,2,7,0,4,1,0
2,12,13,2,3,0,4,1,1
2,1,6,4,5,3,4,1,0
2,15,9,3,0,3,2,0,0
2,9,12,2,11,0,4,1,1
2,15,9,4,6,3,4,1,0
2,4,2,4,7,3,4,1,0
2,15,9,4,9,1,4,0,0
2,9,12,4,11,1,4,0,0
2,9,12,4,3,1,2,1,0
2,9,12,2,9,0,4,1,1
2,1,6,2,7,0,4,1,0
2,15,9,4,0,1,4,1,0
2,9,12,4,0,3,4,0,0
1,9,12,4,9,3,4,1,0
2,1,6,6,7,1,2,0,0
2,11,8,4,4,3,2,1,0
2,15,9,2,2,0,4,1,0
2,5,3,2,2,0,4,1,0
1,12,13,4,9,1,4,1,0
0,15,9,0,3,1,4,1,0
4,11,8,6,3,1,4,1,0
2,8,10,2,2,0,4,1,1
1,15,9,5,3,4,2,1,0
2,12,13,4,3,1,4,1,0
2,9,12,4,9,3,4,0,0
2,9,12,5,9,1,4,1,0
2,11,8,5,7,4,2,0,0
2,11,8,2,6,0,4,1,0
2,15,9,4,11,3,4,0,0
2,11,8,2,7,0,4,1,0
1,9,12,2,9,5,4,0,1
2,15,9,2,11,5,4,0,0
2,11,8,4,6,1,4,1,0
2,4,2,5,4,1,4,1,0
2,9,12,2,9,0,4,1,1
2,8,10,4,9,1,4,0,0
2,15,9,4,5,3,4,1,0
2,9,12,0,9,1,4,0,1
1,9,12,6,9,1,4,0,0
2,11,8,2,2,0,4,1,1
1,11,8,0,7,1,4,0,0
4,11,8,2,11,0,4,1,0
1,11,8,4,0,3,4,0,0
2,11,8,2,4,0,4,1,0
2,11,8,4,0,1,4,0,0
2,9,12,2,11,0,4,1,1
2,11,8,2,12,0,4,1,0
4,0,5,2,4,0,4,1,0
2,12,13,2,9,5,1,0,0
4,11,8,2,3,0,4,1,0
2,11,8,2,2,0,4,1,0
2,15,9,0,2,4,4,1,0
1,0,5,0,13,1,4,1,0
3,15,9,2,11,0,4,1,1
2,9,12,4,12,1,4,0,0
2,9,12,6,3,1,4,1,1
2,15,9,4,11,1,4,0,0
2,8,10,2,6,0,4,1,0
4,11,8,2,2,0,4,1,0
2,11,8,5,6,1,2,1,0
2,12,13,2,9,0,4,1,0
2,5,3,2,5,0,4,1,0
2,15,9,0,0,1,4,0,0
2,9,12,2,9,0,4,1,1
4,15,9,2,11,0,4,1,1
2,11,8,2,6,0,4,1,0
4,11,8,2,4,0,4,1,0
2,8,10,2,13,0,4,1,0
3,8,10,2,6,0,4,1,1
2,11,8,2,13,0,4,1,0
2,11,8,0,0,1,2,0,0
2,9,12,2,0,0,4,1,1
2,11,8,2,7,0,4,1,0
2,11,8,2,2,0,4,1,0
2,12,13,2,9,0,4,1,0
2,11,8,4,6,3,4,0,0
2,11,8,2,2,0,4,1,0
2,9,12,4,7,1,4,1,1
2,11,8,4,0,1,4,0,0
2,15,9,4,11,1,4,0,0
2,11,8,4,11,1,4,1,0
2,11,8,2,2,0,4,1,0
2,11,8,2,5,0,4,1,0
2,4,2,4,0,3,4,0,0
2,15,9,4,0,3,4,1,0
2,11,8,4,6,2,4,1,0
2,14,14,2,9,0,4,1,0
2,8,10,2,9,0,4,1,1
5,11,8,4,0,3,4,1,0
4,12,13,2,11,0,4,1,0
2,7,11,2,12,0,4,1,0
2,9,12,2,9,5,4,0,1
2,15,9,4,0,1,4,0,0
2,1,6,0,7,1,4,1,0
2,6,4,2,7,5,2,0,0
0,7,11,2,0,5,4,0,1
2,8,10,2,13,0,4,1,0
3,11,8,2,3,0,4,1,1
2,0,5,0,2,1,0,1,0
0,11,8,2,0,0,2,1,0
2,12,13,0,3,1,4,0,0
2,15,9,4,5,3,4,0,0
2,11,8,2,0,0,4,1,0
4,11,8,3,2,1,4,1,0
2,15,9,0,6,1,4,1,0
2,7,11,2,2,0,4,1,0
2,15,9,4,0,1,2,0,0
2,11,8,0,3,4,4,0,0
2,12,13,0,3,4,4,0,1
2,15,9,2,2,0,4,1,1
2,15,9,4,7,2,2,0,0
2,11,8,2,11,0,4,1,1
4,11,8,0,2,3,4,1,0
2,15,9,2,10,0,4,1,0
4,9,12,2,7,0,4,1,0
5,11,8,0,3,1,4,0,0
2,9,12,4,0,3,4,1,0
2,9,12,2,9,0,4,1,1
2,9,12,2,9,0,4,1,1
2,9,12,2,3,0,4,1,1
2,14,14,2,9,0,4,1,1
0,15,9,2,2,0,4,1,0
2,9,12,2,11,0,4,1,1
2,11,8,0,11,1,4,1,0
2,11,8,2,10,0,4,1,0
2,0,5,4,7,3,4,1,0
2,9,12,2,13,0,4,1,1
2,8,10,2,2,0,4,1,0
0,11,8,0,0,1,4,0,0
2,9,12,2,12,0,4,1,1
0,9,12,4,3,1,2,1,0
2,11,8,4,11,1,4,0,0
2,11,8,4,13,1,4,1,0
4,12,13,4,9,1,4,0,0
2,11,8,2,12,2,4,0,1
1,11,8,4,0,1,4,0,0
2,9,12,4,9,1,2,1,0
1,12,13,2,9,0,4,1,1
2,11,8,2,11,0,4,1,0
2,15,9,4,11,1,4,0,0
2,9,12,4,3,4,4,0,1
5,11,8,0,2,4,4,1,0
2,11,8,4,2,4,4,1,0
0,11,8,4,0,1,4,1,0
2,1,6,4,2,3,4,1,0
2,9,12,2,3,0,4,1,0
2,9,12,0,3,1,4,1,0
2,15,9,4,0,1,4,0,0
2,11,8,2,13,0,4,1,0
2,11,8,0,7,1,1,0,0
2,1,6,2,4,0,4,1,0
2,15,9,5,3,4,4,0,0
2,11,8,0,6,1,4,1,0
2,7,11,2,11,0,4,1,1
5,9,12,0,3,1,4,0,1
3,15,9,2,11,0,4,1,1
5,15,9,4,12,3,4,0,0
2,11,8,4,2,3,4,1,0
1,11,8,2,7,5,2,0,1
2,12,13,0,9,3,4,0,0
2,6,4,2,5,2,4,1,0
4,9,12,2,11,0,1,1,0
2,5,3,2,2,0,4,1,0
2,7,11,2,2,0,4,1,1
2,15,9,4,5,3,4,1,0
0,15,9,4,3,1,4,0,0
2,11,8,2,2,0,4,1,0
2,0,5,4,11,2,4,0,0
4,11,8,2,2,0,4,1,0
2,15,9,2,2,0,4,1,0
2,9,12,2,0,5,4,0,0
2,15,9,2,3,0,4,1,1
2,15,9,4,0,3,4,0,0
2,11,8,2,7,0,4,1,1
1,9,12,5,9,1,4,1,0
2,15,9,5,0,4,4,0,0
3,9,12,2,11,0,4,1,1
4,9,12,2,11,0,4,1,1
2,9,12,2,4,0,4,1,0
2,9,12,2,3,0,4,1,1
2,8,10,2,6,0,4,1,0
2,11,8,4,0,1,4,1,0
1,12,13,2,9,0,4,1,1
2,11,8,4,11,1,4,1,0
4,11,8,2,4,0,4,1,0
3,15,9,2,2,0,4,1,0
2,7,11,4,2,2,4,1,0
2,4,2,2,5,0,4,1,0
2,11,8,0,3,1,4,1,0
2,9,12,2,11,0,4,1,1
2,9,12,2,0,0,1,1,1
2,9,12,2,2,0,4,1,0
4,15,9,2,2,0,4,1,1
4,11,8,2,2,0,4,1,0
2,15,9,0,0,4,4,0,0
2,8,10,6,0,4,4,0,0
2,15,9,4,0,3,1,0,0
2,11,8,2,3,0,4,1,0
2,11,8,0,3,1,4,1,0
2,0,5,4,11,4,2,0,0
2,3,1,0,2,4,4,1,0
2,9,12,4,0,1,4,1,0
2,11,8,0,3,1,4,0,1
2,4,2,4,13,1,4,1,0
4,11,8,6,7,1,4,0,0
2,5,3,2,11,0,3,1,0
4,15,9,5,7,3,4,0,0
2,3,1,4,11,3,4,1,0
4,0,5,0,11,3,4,1,0
3,15,9,0,3,4,4,0,0
5,11,8,2,7,0,4,1,0
2,9,12,2,11,0,4,1,1
2,15,9,2,11,0,4,1,1
0,12,13,0,10,1,4,1,1
2,15,9,2,11,0,4,1,0
2,9,12,2,9,0,4,1,1
2,1,6,4,7,3,2,0,0
2,4,2,2,13,0,4,1,0
2,1,6,2,2,0,4,1,0
2,11,8,4,7,1,4,0,0
2,11,8,2,3,5,4,0,0
4,9,12,2,3,0,4,1,1
4,14,14,4,9,1,4,1,1
2,2,7,4,5,4,4,1,0
2,9,12,2,9,0,4,1,0
2,11,8,2,13,0,4,1,1
2,15,9,4,7,3,2,1,0
3,9,12,2,11,0,4,1,1
2,11,8,2,11,0,4,1,1
4,15,9,0,11,1,4,1,0
2,5,3,2,6,0,4,1,0
2,15,9,0,11,1,4,0,0
4,11,8,4,3,1,4,1,0
3,14,14,2,9,0,4,1,1
2,11,8,0,0,3,4,0,0
4,11,8,2,6,0,4,1,0
2,11,8,2,13,0,4,1,0
5,15,9,4,7,3,4,1,0
4,6,4,2,4,0,4,1,0
2,11,8,2,6,0,4,1,0
1,9,12,2,3,0,4,1,1
0,9,12,4,9,1,1,1,0
2,11,8,4,0,3,4,1,0
4,15,9,4,4,1,4,1,0
1,11,8,2,2,0,4,1,0
2,9,12,2,3,0,4,1,1
2,11,8,4,2,3,2,1,0
2,11,8,4,6,1,4,1,0
1,15,9,2,3,0,4,1,0
5,9,12,4,9,4,1,0,1
2,9,12,2,11,0,4,1,0
2,9,12,3,7,1,4,0,0
1,11,8,2,7,0,4,1,0
4,5,3,2,2,0,4,1,0
2,9,12,2,9,0,4,1,1
2,11,8,4,2,1,4,1,0
2,15,9,4,0,1,4,0,0
2,9,12,4,9,1,2,1,1
2,0,5,6,7,1,4,0,0
1,9,12,2,9,0,4,1,1
1,12,13,4,9,1,4,0,0
0,11,8,2,2,0,4,1,1
2,15,9,4,7,4,2,0,0
2,7,11,0,0,4,4,0,0
2,11,8,4,6,3,4,1,0
2,11,8,5,7,1,4,1,0
2,11,8,3,4,1,3,1,0
2,15,9,4,7,3,4,0,0
2,11,8,4,7,3,4,0,0
5,9,12,2,3,0,4,1,1
5,11,8,5,0,1,4,0,0
2,9,12,2,9,5,4,0,1
2,11,8,2,2,0,4,1,1
2,8,10,2,12,0,4,1,1
2,5,3,4,5,1,4,0,0
2,9,12,4,3,1,4,0,0
2,9,12,4,3,1,4,0,1
2,15,9,4,12,1,4,1,1
2,11,8,4,5,3,4,1,0
2,2,7,2,13,0,4,1,0
3,7,11,2,3,0,4,1,1
2,11,8,2,2,0,4,1,1
2,11,8,4,5,3,2,0,0
4,11,8,0,3,1,4,0,0
2,11,8,0,11,4,4,0,0
1,15,9,4,3,3,0,0,0
3,8,10,2,7,5,4,0,1
2,5,3,2,13,0,4,1,0
2,9,12,4,3,1,4,1,0
2,11,8,4,7,3,4,1,0
2,11,8,2,11,0,4,1,0
2,9,12,4,11,1,4,1,0
2,6,4,2,6,0,4,1,0
2,11,8,4,7,3,4,0,0
2,11,8,2,13,0,4,1,1
4,11,8,2,3,0,4,1,0
4,15,9,4,7,3,4,0,0
2,11,8,4,11,3,4,0,0
1,11,8,4,10,2,2,1,0
2,11,8,2,13,0,4,1,1
2,8,10,4,0,1,4,1,1
1,15,9,4,0,4,2,0,0
2,11,8,4,0,1,4,0,0
2,9,12,4,3,3,4,0,0
2,15,9,2,11,0,4,1,1
1,12,13,2,9,2,4,1,0
2,15,9,4,4,3,4,1,0
2,15,9,0,0,1,4,0,0
2,11,8,0,3,4,4,0,0
2,11,8,2,5,0,4,1,1
2,15,9,4,3,3,4,1,0
0,15,9,2,10,0,4,1,1
2,11,8,6,9,1,4,0,0
2,8,10,2,2,0,2,1,1
2,11,8,4,7,1,4,1,0
2,1,6,2,0,0,4,1,0
2,15,9,2,3,0,4,1,0
2,7,11,5,9,1,4,0,0
0,9,12,4,9,1,4,1,0
2,9,12,3,12,3,1,0,0
2,0,5,2,12,0,4,1,1
2,15,9,4,2,1,4,1,0
4,14,14,5,9,4,4,1,1
2,11,8,0,0,1,4,0,0
3,11,8,0,11,1,4,1,0
2,11,8,0,7,2,4,0,0
1,12,13,4,9,3,4,1,0
2,11,8,2,3,0,4,1,0
2,11,8,2,5,0,4,1,1
3,15,9,2,11,0,4,1,0
2,15,9,0,13,1,4,1,0
2,15,9,2,3,0,4,1,1
2,11,8,4,0,4,2,0,0
2,9,12,2,3,0,4,1,0
2,10,15,2,9,0,4,1,1
2,11,8,2,2,0,4,1,0
2,9,12,4,4,3,4,0,0
4,10,15,2,9,0,4,1,0
2,12,13,4,13,3,2,1,0
2,1,6,4,7,1,2,0,0
2,11,8,2,12,0,4,1,1
2,15,9,2,5,0,4,1,0
2,9,12,4,11,1,4,0,0
1,12,13,2,3,0,4,1,1
4,5,3,2,3,0,4,1,0
2,0,5,2,2,0,4,1,0
2,15,9,4,2,1,4,0,0
2,15,9,2,9,0,4,1,0
2,11,8,0,0,1,4,0,0
3,11,8,2,2,0,4,1,1
2,9,12,4,9,1,4,0,0
2,11,8,4,0,1,4,0,0
2,15,9,6,3,4,4,0,0
2,11,8,4,7,1,4,0,0
2,11,8,2,0,5,2,0,0
5,10,15,2,9,0,4,1,1
2,11,8,2,3,0,4,1,0
4,5,3,2,2,0,4,1,0
5,12,13,2,9,0,4,1,0
5,11,8,0,10,3,3,1,0
2,15,9,4,7,3,4,1,0
2,15,9,0,7,4,4,0,0
2,12,13,2,3,0,4,1,1
2,9,12,4,11,1,4,0,0
2,11,8,4,10,3,4,1,0
2,11,8,2,6,5,2,0,0
2,1,6,5,2,3,4,1,0
5,12,13,3,9,1,1,0,0
2,11,8,2,2,0,4,1,1
2,1,6,5,7,4,2,0,0
2,11,8,4,2,1,4,1,0
4,15,9,2,2,0,4,1,0
2,11,8,2,3,0,4,1,0
2,15,9,4,7,3,4,0,0
2,11,8,2,9,0,0,1,0
4,15,9,2,3,0,4,1,0
2,7,11,4,0,1,4,0,0
2,11,8,5,6,4,2,0,0
2,0,5,4,5,1,4,1,0
2,9,12,2,9,0,4,1,1
4,11,8,6,7,1,4,0,0
5,9,12,4,9,3,4,0,0
2,15,9,4,11,1,4,1,0
2,9,12,4,11,1,4,1,1
2,5,3,2,2,0,2,1,1
5,15,9,4,2,1,4,0,0
1,15,9,0,7,2,4,0,1
4,9,12,5,2,3,4,1,0
2,15,9,4,5,3,4,1,0
2,9,12,4,9,1,4,0,0
1,7,11,2,0,5,4,0,0
2,11,8,0,7,4,2,1,0
4,11,8,2,2,0,4,1,1
1,15,9,2,10,0,4,1,0
1,9,12,5,9,4,2,0,0
2,15,9,0,7,1,4,0,0
2,9,12,2,11,0,4,1,1
2,11,8,5,3,4,4,0,0
2,11,8,2,3,5,4,0,1
2,9,12,6,9,1,4,0,1
1,8,10,2,2,0,4,1,1
1,6,4,4,7,3,4,1,0
4,12,13,2,3,5,4,0,1
2,9,12,2,3,0,4,1,0
2,6,4,2,10,0,4,1,0
1,9,12,2,9,0,4,1,1
2,7,11,2,0,5,2,0,0
2,8,10,2,6,0,4,1,0
1,15,9,4,2,1,4,1,0
2,5,3,2,11,0,4,1,1
4,11,8,2,4,0,4,1,1
2,11,8,2,6,0,4,1,0
3,14,14,2,9,0,4,1,1
2,15,9,4,6,3,4,1,0
2,6,4,2,2,0,4,1,0
5,11,8,0,7,4,2,0,0
2,11,8,4,7,1,4,1,0
2,5,3,6,2,4,4,1,0
2,9,12,2,3,0,4,1,1
2,9,12,4,7,1,2,0,0
2,11,8,2,2,0,4,1,1
2,8,10,4,9,1,4,1,0
2,15,9,0,0,1,4,0,0
4,11,8,4,2,1,4,1,0
2,15,9,4,7,1,4,1,0
2,15,9,0,0,1,4,0,0
2,9,12,2,3,0,4,1,1
0,9,12,2,10,0,4,1,1
2,15,9,3,7,1,4,0,0
0,9,12,4,0,1,4,0,0
2,15,9,2,3,0,4,1,1
2,0,5,2,6,0,4,1,0
2,7,11,4,0,3,4,1,0
1,11,8,2,10,0,4,1,0
2,11,8,2,13,0,4,1,0
2,11,8,4,7,3,4,1,0
1,12,13,3,9,1,4,0,0
2,15,9,2,12,0,4,1,1
2,5,3,2,9,0,4,1,0
2,8,10,2,2,0,4,1,1
2,15,9,0,3,1,4,0,0
2,11,8,2,2,0,4,1,1
1,9,12,4,9,1,4,0,1
5,15,9,4,0,3,4,0,0
4,11,8,2,2,0,4,1,0
1,9,12,2,9,0,4,1,1
3,7,11,2,3,5,4,0,1
2,15,9,2,2,0,4,1,1
2,15,9,0,11,1,4,1,0
2,9,12,2,3,0,4,1,1
2,9,12,4,11,1,4,0,0
4,15,9,4,11,2,1,1,0
2,15,9,4,11,3,2,1,0
2,12,13,4,2,1,4,1,1
2,11,8,5,11,1,4,0,0
2,15,9,4,11,3,4,0,0
0,15,9,0,13,1,4,1,0
2,11,8,4,6,3,4,1,0
2,11,8,2,6,0,4,1,1
1,11,8,0,2,1,3,1,1
2,11,8,5,5,4,4,1,0
2,11,8,2,13,0,4,1,1
2,15,9,4,9,1,4,1,0
2,9,12,2,9,0,4,1,0
2,15,9,0,11,1,4,0,0
2,1,6,2,6,0,1,1,0
2,11,8,2,2,0,4,1,0
0,10,15,2,9,0,4,1,1
2,4,2,4,7,1,4,1,0
2,11,8,0,2,4,4,1,0
2,11,8,2,6,0,4,1,0
2,6,4,2,6,0,4,1,0
2,10,15,2,9,0,4,1,1
2,7,11,2,13,0,4,1,0
2,7,11,4,0,3,4,0,0
2,8,10,2,3,0,4,1,1
4,0,5,0,4,4,4,1,0
2,15,9,4,7,3,4,1,0
4,12,13,4,11,1,4,1,1
2,0,5,2,6,0,2,1,0
5,11,8,4,3,1,4,1,0
1,6,4,4,0,2,4,1,0
2,11,8,4,0,3,4,0,0
2,12,13,0,9,1,4,1,0
2,11,8,4,2,3,4,1,0
4,9,12,2,3,0,4,1,0
2,15,9,2,6,5,4,0,1
2,9,12,2,3,0,4,1,0
2,9,12,4,11,3,2,0,0
2,11,8,2,2,0,4,1,1
2,11,8,0,2,1,4,1,0
2,0,5,0,0,4,3,0,0
2,7,11,2,11,0,4,1,1
2,11,8,2,11,0,4,1,1
2,11,8,2,13,0,4,1,1
3,11,8,0,3,1,4,1,0
4,11,8,2,3,0,1,1,0
4,8,10,2,3,0,4,1,0
2,6,4,2,12,5,4,0,0
2,15,9,2,2,0,4,1,0
3,15,9,0,3,1,4,1,0
1,15,9,4,3,1,4,1,0
5,11,8,2,10,0,0,1,1
2,7,11,4,0,1,4,1,0
2,1,6,0,7,1,4,0,0
2,11,8,4,11,3,4,1,0
2,12,13,2,9,0,4,1,1
2,9,12,2,3,0,4,1,1
2,15,9,5,0,2,2,0,0
2,7,11,3,9,3,4,0,0
2,1,6,4,7,3,4,0,0
2,15,9,4,2,3,4,1,0
2,11,8,4,7,3,4,1,0
4,14,14,2,9,0,4,1,0
2,15,9,2,13,0,4,1,0
2,15,9,2,6,0,4,1,0
2,11,8,2,13,0,2,1,0
2,15,9,0,11,1,4,0,0
2,15,9,2,2,0,4,1,0
2,9,12,0,9,1,4,1,1
1,12,13,0,9,4,4,0,0
3,5,3,0,2,4,4,1,0
2,9,12,0,0,1,4,1,1
2,2,7,4,7,3,4,0,0
2,12,13,2,9,0,1,1,0
4,1,6,2,4,0,4,1,0
2,15,9,4,9,1,4,1,0
2,9,12,2,9,0,4,1,1
0,15,9,2,3,0,4,1,1
5,12,13,4,9,1,4,1,0
2,15,9,0,2,4,4,0,0
2,15,9,4,0,1,4,0,0
2,12,13,2,3,0,4,1,1
2,0,5,4,9,1,4,1,1
2,11,8,2,13,0,4,1,0
4,9,12,2,9,0,4,1,1
2,9,12,2,7,0,4,1,0
2,11,8,2,2,0,4,1,0
2,11,8,4,0,1,4,0,0
2,11,8,2,11,0,4,1,1
2,5,3,6,0,1,4,0,0
3,9,12,2,3,0,4,1,1
2,1,6,5,7,1,2,0,0
4,15,9,2,2,0,0,1,0
4,5,3,3,0,1,4,1,1
2,11,8,4,5,2,4,1,0
2,12,13,2,9,0,4,1,0
1,11,8,6,0,4,4,0,0
2,12,13,4,3,1,4,0,0
2,7,11,0,2,4,4,0,0
2,9,12,2,9,0,4,1,1
2,15,9,0,7,3,4,0,0
2,9,12,4,12,1,2,1,0
2,11,8,2,6,0,4,1,0
2,12,13,2,0,0,4,1,0
1,9,12,2,9,0,4,1,1
2,11,8,0,3,3,4,1,0
2,7,11,0,0,4,4,0,0
2,11,8,0,3,1,2,0,0
4,15,9,2,9,0,4,1,0
2,14,14,0,9,1,4,1,1
2,8,10,2,2,0,4,1,1
2,11,8,4,5,4,2,1,0
2,15,9,4,6,1,4,1,0
2,15,9,0,0,3,4,0,0
2,11,8,4,11,4,4,0,0
2,11,8,4,0,1,2,0,0
4,11,8,2,3,0,4,1,0
2,9,12,2,3,0,4,1,1
2,11,8,5,0,4,4,0,0
2,8,10,2,2,0,4,1,0
2,11,8,2,10,0,4,1,1
2,11,8,5,2,1,2,1,0
1,15,9,4,0,3,0,0,0
0,12,13,2,3,0,4,1,1
2,15,9,2,3,0,4,1,0
2,9,12,2,3,0,4,1,0
2,8,10,4,11,3,4,0,0
2,11,8,4,7,4,4,0,0
2,14,14,2,9,0,4,1,0
2,0,5,0,13,1,0,1,0
2,15,9,2,2,0,2,1,1
2,11,8,0,0,1,4,0,0
2,15,9,2,0,0,4,1,0
2,11,8,4,2,2,4,1,0
2,0,5,4,6,1,4,1,0
2,15,9,0,12,4,4,0,0
2,15,9,2,13,0,4,1,1
2,5,3,0,6,4,4,1,0
2,9,12,2,11,0,4,1,1
2,11,8,0,0,4,4,0,0
4,11,8,2,2,0,4,1,1
1,12,13,2,9,0,4,1,1
2,6,4,2,7,0,4,1,0
2,9,12,2,12,5,4,0,1
2,11,8,4,0,1,4,0,0
2,11,8,4,11,1,4,1,0
2,11,8,2,3,0,4,1,0
4,6,4,2,2,0,4,1,0
4,8,10,2,12,2,4,0,0
2,11,8,2,7,2,2,0,0
2,9,12,4,9,1,4,0,0
2,15,9,4,11,3,4,0,0
2,15,9,4,0,3,4,1,0
2,8,10,2,3,0,2,1,0
2,15,9,2,10,0,2,1,1
0,7,11,2,3,0,4,1,0
5,10,15,4,3,1,4,0,1
2,11,8,2,6,0,4,1,0
2,8,10,2,3,5,4,0,1
2,11,8,2,7,5,1,0,0
2,9,12,4,9,1,4,0,0
2,11,8,4,8,2,4,0,0
2,11,8,4,0,1,4,0,0
2,8,10,0,2,4,4,0,0
2,15,9,2,11,5,4,0,1
1,15,9,2,10,0,4,1,0
2,15,9,4,6,1,1,0,0
2,1,6,4,5,3,4,1,0
2,2,7,2,7,5,4,0,0
2,11,8,4,6,3,4,1,0
2,9,12,2,9,0,4,1,1
2,9,12,4,12,3,2,1,0
3,12,13,2,3,0,4,1,1
2,11,8,2,7,0,2,1,0
2,4,2,2,6,0,4,1,1
2,7,11,4,3,3,2,0,0
2,11,8,2,2,0,4,1,0
4,11,8,2,10,0,4,1,0
2,11,8,2,7,5,4,0,0
2,0,5,2,11,0,4,1,0
2,12,13,2,9,5,4,0,1
2,11,8,0,13,1,4,1,0
2,1,6,4,5,1,4,1,0
2,4,2,2,7,0,4,1,0
0,9,12,4,9,1,4,1,0
1,12,13,2,9,0,4,1,1
3,9,12,0,3,1,4,1,0
2,9,12,4,12,1,4,0,0
2,11,8,4,11,1,4,1,0
2,11,8,2,6,0,4,1,1
2,15,9,4,3,1,4,1,0
2,11,8,2,4,0,4,1,0
2,11,8,4,0,4,4,1,0
2,11,8,0,0,4,4,0,0
2,11,8,2,5,0,4,1,0
2,15,9,4,3,1,4,0,0
2,5,3,2,6,0,4,1,0
3,11,8,2,9,0,2,1,1
2,7,11,2,6,0,4,1,1
2,15,9,2,2,0,4,1,0
2,9,12,4,9,1,4,1,1
2,11,8,4,0,1,4,0,0
2,15,9,2,3,0,4,1,1
2,11,8,4,7,1,4,1,0
2,11,8,0,7,1,4,0,0
2,11,8,2,2,0,4,1,0
2,9,12,2,0,0,4,1,1
2,15,9,6,3,1,4,0,0
4,15,9,0,2,1,4,1,0
2,11,8,0,2,1,4,1,1
2,0,5,4,0,1,4,0,0
2,15,9,2,3,0,4,1,1
1,11,8,2,9,0,4,1,1
5,15,9,2,4,0,4,1,0
4,15,9,2,2,0,4,1,0
2,15,9,4,3,3,4,1,0
2,9,12,4,7,1,4,1,0
2,11,8,2,6,0,2,1,0
2,9,12,2,9,5,4,0,1
2,5,3,2,2,0,4,1,0
2,15,9,3,11,3,1,0,0
5,9,12,2,12,0,4,1,0
4,0,5,0,11,1,4,0,0
4,9,12,2,0,5,4,0,0
2,11,8,2,6,0,4,1,0
4,11,8,2,6,5,4,0,1
2,11,8,4,5,3,2,1,0
2,11,8,0,7,1,4,0,0
2,15,9,4,5,3,4,1,0
2,10,15,0,2,1,4,0,1
2,15,9,4,7,1,4,1,0
2,11,8,2,3,0,4,1,1
2,11,8,4,11,1,4,0,0
2,11,8,2,9,0,4,1,0
4,15,9,4,0,1,4,1,0
2,15,9,2,6,0,2,1,0
2,8,10,0,6,4,4,1,0
0,9,12,4,9,1,0,0,0
5,0,5,4,4,3,4,1,0
2,11,8,2,9,0,4,1,1
2,9,12,0,3,4,4,0,0
2,1,6,2,13,0,4,1,0
4,8,10,4,4,3,4,1,0
2,11,8,2,13,0,4,1,0
2,9,12,2,5,0,2,1,1
2,11,8,2,11,0,4,1,0
2,11,8,4,5,4,4,1,0
5,11,8,4,7,3,4,0,0
2,10,15,2,3,0,4,1,1
2,9,12,2,7,0,4,1,0
2,15,9,4,5,3,4,1,0
2,11,8,4,4,4,4,0,0
2,4,2,2,6,5,1,0,0
4,11,8,2,2,0,4,1,0
5,11,8,5,0,4,2,0,0
2,11,8,5,0,4,4,0,0
2,11,8,2,0,5,4,0,1
2,15,9,4,7,1,4,0,0
2,9,12,2,4,0,4,1,1
2,11,8,6,11,4,4,1,0
2,15,9,0,0,4,4,0,0
2,9,12,0,0,1,4,0,0
2,7,11,2,11,0,4,1,0
2,11,8,2,3,5,4,0,0
2,11,8,2,11,0,2,1,0
3,11,8,0,3,1,4,1,0
5,12,13,2,9,0,4,1,1
2,11,8,4,0,4,4,0,0
2,7,11,4,7,3,4,0,0
2,11,8,4,5,1,4,1,0
2,15,9,4,0,1,4,0,0
1,12,13,4,9,4,4,0,1
2,11,8,2,6,0,4,1,0
2,11,8,4,11,1,4,1,0
3,8,10,2,2,0,4,1,0
4,8,10,4,0,1,4,0,0
1,11,8,4,7,3,4,1,0
2,15,9,4,13,3,4,1,0
3,11,8,0,3,1,4,1,0
2,0,5,2,13,0,4,1,1
2,11,8,2,2,0,4,1,0
5,9,12,2,12,0,4,1,0
2,11,8,3,8,2,2,0,0
2,9,12,4,9,1,4,0,0
2,8,10,2,9,0,1,1,1
2,12,13,2,9,0,4,1,1
2,8,10,0,7,4,4,0,0
2,9,12,4,3,1,4,0,0
1,9,12,4,9,3,4,0,0
2,15,9,2,3,0,4,1,0
2,11,8,2,6,0,2,1,0
2,8,10,0,0,1,4,0,0
2,11,8,2,13,0,4,1,0
5,11,8,2,13,0,4,1,1
2,9,12,2,3,0,4,1,1
5,12,13,2,3,0,4,1,0
1,12,13,0,9,1,4,1,0
2,11,8,6,7,4,4,0,0
2,8,10,4,5,3,4,1,0
2,11,8,0,9,1,4,0,0
2,11,8,4,2,3,4,1,0
5,5,3,2,5,0,4,1,0
2,14,14,4,9,1,4,1,0
2,15,9,4,7,3,4,1,0
2,15,9,4,9,1,2,0,0
2,4,2,4,8,1,4,0,0
2,3,1,2,4,0,4,1,0
2,11,8,0,13,4,4,1,0
2,9,12,2,2,0,1,1,0
2,0,5,0,5,1,4,0,0
4,11,8,2,4,0,4,1,0
2,15,9,2,11,0,4,1,1
2,15,9,4,7,1,4,0,0
2,9,12,4,11,3,4,1,0
2,15,9,4,13,1,2,1,0
2,11,8,2,0,0,4,1,0
2,11,8,4,0,1,4,0,0
2,11,8,2,2,0,4,1,1
2,4,2,2,13,0,4,1,0
2,12,13,2,3,0,4,1,1
2,8,10,5,0,1,1,1,0
2,11,8,2,13,0,4,1,1
2,9,12,2,11,0,2,1,1
2,15,9,2,6,0,4,1,1
2,11,8,2,2,0,4,1,1
2,15,9,5,0,1,4,0,0
2,8,10,4,7,2,2,1,0
2,11,8,2,10,0,4,1,0
2,0,5,2,6,0,4,1,0
5,9,12,4,9,1,4,1,0
2,15,9,2,11,2,4,1,0
2,12,13,0,11,3,4,0,0
2,15,9,2,5,0,4,1,1
0,11,8,2,0,0,2,1,1
1,11,8,0,0,4,4,0,0
2,4,2,2,7,0,3,1,0
6,11,8,4,4,3,4,1,0
1,15,9,2,3,0,4,1,1
2,9,12,2,9,0,4,1,1
2,12,13,2,3,0,4,1,1
2,9,12,5,11,1,4,1,0
2,9,12,2,11,0,4,1,1
0,9,12,2,10,0,4,1,0
2,11,8,2,7,0,4,1,0
2,11,8,0,7,1,4,1,0
2,15,9,4,0,3,4,1,0
2,5,3,0,6,3,4,1,0
2,11,8,0,2,4,4,1,0
2,11,8,6,8,1,1,0,0
2,1,6,2,2,0,4,1,0
1,11,8,6,3,1,4,0,0
2,15,9,0,2,2,4,1,0
2,15,9,0,0,4,4,0,0
2,9,12,2,6,0,4,1,0
2,9,12,2,3,0,4,1,1
2,15,9,2,6,0,4,1,0
2,9,12,2,9,0,4,1,1
2,0,5,5,4,4,4,0,0
3,15,9,0,3,4,4,0,0
3,12,13,2,11,0,4,1,1
2,7,11,2,11,0,4,1,0
1,12,13,2,9,0,4,1,1
0,8,10,5,12,1,3,0,0
2,12,13,5,11,4,4,0,0
2,9,12,4,9,3,4,1,0
5,5,3,0,7,1,1,0,0
2,9,12,4,0,3,4,0,0
1,11,8,4,0,3,4,1,0
2,0,5,4,7,1,4,1,0
2,15,9,0,9,4,4,1,0
2,11,8,2,11,0,4,1,0
2,5,3,6,6,1,0,0,0
4,5,3,6,7,1,4,0,0
2,9,12,2,3,5,4,0,0
2,15,9,4,11,3,4,1,0
3,11,8,2,11,0,1,1,0
2,9,12,2,6,0,4,1,0
2,7,11,2,12,0,4,1,1
2,11,8,6,0,1,4,0,0
2,15,9,2,3,0,4,1,1
2,9,12,4,9,1,4,0,0
2,11,8,2,0,0,4,1,0
2,11,8,4,11,3,4,0,0
2,12,13,2,3,0,4,1,1
4,15,9,4,13,1,2,1,0
4,15,9,2,2,0,0,1,1
2,11,8,2,6,0,4,1,1
2,11,8,3,2,1,4,1,0
2,15,9,4,2,1,4,1,0
1,15,9,2,10,0,4,1,0
2,11,8,5,7,1,4,0,0
2,15,9,2,3,0,4,1,0
2,11,8,2,13,0,4,1,1
4,10,15,4,9,1,4,0,0
4,9,12,4,3,1,2,1,1
2,11,8,4,11,3,4,1,0
1,15,9,4,0,1,4,0,0
0,14,14,2,9,0,1,1,1
2,11,8,4,7,1,4,1,0
2,15,9,2,7,5,0,0,0
2,11,8,4,13,2,4,1,0
2,15,9,0,11,4,4,0,0
2,15,9,4,11,3,4,0,0
2,1,6,4,11,1,4,0,0
2,7,11,2,12,0,4,1,1
2,15,9,2,9,0,4,1,1
2,11,8,2,11,0,4,1,0
2,1,6,4,7,1,4,1,0
2,9,12,2,6,0,4,1,0
2,11,8,2,0,5,4,0,0
5,15,9,2,9,0,4,1,1
2,11,8,2,4,0,4,1,1
2,11,8,0,7,1,4,1,0
2,12,13,2,7,0,4,1,0
2,15,9,2,2,0,4,1,0
4,11,8,2,2,0,4,1,1
3,15,9,2,11,0,4,1,1
4,9,12,0,9,1,4,1,0
5,0,5,2,5,0,4,1,0
2,11,8,5,7,4,2,0,0
5,12,13,0,9,4,4,0,0
1,11,8,2,2,0,4,1,0
2,13,0,4,6,1,4,1,0
2,11,8,5,13,1,4,1,0
2,12,13,4,9,4,4,0,0
2,11,8,0,0,1,4,0,0
1,9,12,5,9,1,4,0,0
2,11,8,6,0,1,4,0,0
4,14,14,4,9,1,4,1,1
2,15,9,0,9,1,4,1,0
2,11,8,4,7,3,4,0,0
2,9,12,2,3,0,4,1,1
2,15,9,0,2,1,4,1,1
4,0,5,4,7,3,4,0,0
2,2,7,4,7,3,2,1,0
4,9,12,3,11,3,4,1,1
4,11,8,2,11,0,4,1,0
2,11,8,2,13,0,4,1,0
0,11,8,2,0,0,4,1,0
2,11,8,4,9,1,4,1,0
2,15,9,0,0,4,4,0,0
2,5,3,2,6,0,4,1,0
2,3,1,4,4,4,4,1,0
2,15,9,2,6,0,4,1,1
2,11,8,2,2,0,4,1,0
2,15,9,4,0,3,4,0,0
1,15,9,2,2,0,4,1,1
2,8,10,2,2,0,4,1,1
2,8,10,2,6,0,4,1,1
2,2,7,4,11,3,4,1,0
2,11,8,0,0,1,4,0,0
2,7,11,4,12,3,4,1,0
4,9,12,2,2,0,4,1,0
2,15,9,2,13,0,4,1,1
2,15,9,2,13,0,4,1,0
1,9,12,4,9,3,4,0,0
3,11,8,2,2,0,4,1,1
2,15,9,4,5,3,4,1,0
2,11,8,6,7,4,4,0,0
2,9,12,2,9,5,4,0,1
5,15,9,4,12,1,4,0,0
4,15,9,5,11,4,4,1,0
2,1,6,0,2,1,4,0,0
3,15,9,2,2,0,4,1,1
1,15,9,2,9,0,4,1,0
2,15,9,6,3,4,4,0,0
2,11,8,4,6,3,4,1,0
2,11,8,4,7,4,2,0,0
2,12,13,2,9,0,4,1,0
2,11,8,4,0,1,4,0,0
2,9,12,6,7,1,4,0,1
4,5,3,2,4,0,4,1,0
2,11,8,2,12,0,4,1,1
2,11,8,4,7,1,4,1,0
2,1,6,0,7,4,4,0,0
1,9,12,2,9,0,4,1,1
2,15,9,0,3,1,4,1,0
2,2,7,0,13,1,4,1,0
2,11,8,2,6,0,4,1,1
2,12,13,2,3,0,4,1,1
2,1,6,4,7,3,4,1,0
2,11,8,0,11,1,4,0,0
2,11,8,2,2,0,4,1,0
5,11,8,5,2,1,4,1,0
2,0,5,4,7,3,4,0,0
2,9,12,0,9,4,4,0,0
2,11,8,2,2,0,4,1,1
1,11,8,4,5,3,4,1,0
2,7,11,2,2,0,4,1,0
2,9,12,4,9,1,4,1,0
4,11,8,0,3,1,4,1,0
4,8,10,2,4,0,4,1,1
4,15,9,0,3,4,4,0,0
2,11,8,3,2,1,4,1,0
2,5,3,0,5,2,4,1,0
2,11,8,4,0,3,2,0,0
4,15,9,2,2,0,2,1,0
0,11,8,2,12,0,4,1,1
5,9,12,2,3,0,4,1,0
2,14,14,4,12,1,1,1,1
1,11,8,6,7,1,4,0,0
2,12,13,4,9,1,4,0,0
2,15,9,4,0,3,4,1,0
2,15,9,4,2,1,4,1,0
5,9,12,2,9,0,4,1,1
2,15,9,4,11,3,4,0,0
2,11,8,2,9,5,2,0,0
2,9,12,4,2,1,4,1,0
2,11,8,4,6,2,4,1,0
2,7,11,2,3,0,4,1,0
2,6,4,4,2,2,4,1,0
2,14,14,3,9,1,4,1,1
2,15,9,0,11,1,4,1,0
2,11,8,2,5,0,4,1,0
2,11,8,2,11,0,4,1,0
2,9,12,2,3,0,2,1,1
2,11,8,2,0,5,4,0,1
2,15,9,4,7,3,4,1,0
2,1,6,4,8,4,2,0,0
2,9,12,2,2,0,4,1,1
2,9,12,0,3,1,4,1,1
1,12,13,2,9,5,1,0,1
2,4,2,4,13,1,4,1,0
2,15,9,2,10,0,2,1,1
2,15,9,2,0,2,4,0,1
2,11,8,2,13,0,4,1,1
1,9,12,4,9,1,4,1,0
0,11,8,4,5,1,4,1,0
2,11,8,2,2,0,4,1,1
2,12,13,2,9,0,4,1,1
2,12,13,2,6,0,4,1,0
2,15,9,2,13,0,4,1,0
4,9,12,2,3,0,4,1,1
2,9,12,3,2,4,4,1,0
2,9,12,0,11,3,4,1,0
2,9,12,2,9,0,4,1,1
2,10,15,4,9,1,4,1,0
0,9,12,2,0,0,1,1,1
2,11,8,4,2,3,4,1,0
2,1,6,4,6,2,4,0,0
2,9,12,4,11,3,4,1,0
2,11,8,2,2,0,4,1,1
2,11,8,4,13,4,2,1,0
2,5,3,2,9,5,4,0,0
2,15,9,2,7,0,4,1,0
1,11,8,2,13,0,4,1,0
1,9,12,2,10,0,4,1,1
2,9,12,4,9,1,4,1,0
1,15,9,2,10,0,4,1,0
2,11,8,0,3,1,4,1,0
2,15,9,2,12,0,4,1,1
2,4,2,2,13,0,4,1,0
2,11,8,4,7,3,4,0,0
2,11,8,4,2,1,4,1,0
2,15,9,2,0,5,4,0,0
1,12,13,2,9,5,4,0,1
2,15,9,4,9,3,4,0,0
2,11,8,4,13,3,4,1,0
2,11,8,0,11,4,4,0,0
2,8,10,4,0,1,4,0,0
0,12,13,2,3,0,4,1,1
2,15,9,0,0,1,4,1,0
2,11,8,2,13,0,4,1,0
2,4,2,4,6,1,4,1,0
5,11,8,2,10,0,4,1,0
2,11,8,4,11,3,4,0,0
2,11,8,2,11,0,4,1,0
2,11,8,2,2,0,4,1,1
2,9,12,2,7,0,4,1,1
2,11,8,4,7,3,4,1,0
2,11,8,2,3,0,4,1,0
2,15,9,4,7,3,4,0,0
2,11,8,2,5,0,4,1,0
2,11,8,0,3,1,4,0,0
3,11,8,2,3,0,4,1,0
2,9,12,4,3,1,4,1,0
2,15,9,0,0,1,4,0,0
0,9,12,2,9,0,4,1,1
2,5,3,2,2,0,4,1,0
2,11,8,6,0,1,4,0,0
2,9,12,4,7,1,4,1,0
2,9,12,4,9,1,4,0,0
2,11,8,2,6,0,4,1,0
2,1,6,4,11,3,4,0,0
2,15,9,0,3,1,4,0,1
2,7,11,2,2,0,4,1,0
2,7,11,6,12,4,4,0,0
1,12,13,2,9,0,4,1,1
2,15,9,6,0,1,4,0,0
4,9,12,4,11,1,4,1,0
5,12,13,2,9,0,2,1,1
2,11,8,4,5,3,4,1,0
2,9,12,2,11,0,4,1,0
2,15,9,4,2,1,2,1,0
2,14,14,2,9,0,4,1,1
2,6,4,3,7,2,4,1,0
2,15,9,0,0,4,4,0,0
2,11,8,4,11,3,4,0,0
2,0,5,2,2,0,4,1,0
2,15,9,2,11,0,2,1,0
2,8,10,2,2,0,4,1,0
2,11,8,4,6,1,4,0,0
2,15,9,4,9,3,4,1,0
2,9,12,0,7,1,4,1,0
1,8,10,0,0,4,4,0,0
1,7,11,2,12,0,4,1,1
2,11,8,0,11,2,4,0,0
5,15,9,4,9,1,4,1,0
2,8,10,4,12,3,4,0,0
5,10,15,2,9,0,4,1,1
2,11,8,0,0,1,4,0,0
2,15,9,3,11,4,3,0,0
2,15,9,4,11,1,4,0,0
0,7,11,2,0,0,4,1,1
3,9,12,2,3,0,4,1,0
2,15,9,2,3,0,4,1,0
2,11,8,2,12,0,4,1,1
2,1,6,4,7,1,4,0,0
2,9,12,2,12,0,4,1,1
2,15,9,4,11,3,4,0,0
2,15,9,4,11,1,2,1,0
5,10,15,2,9,0,4,1,1
2,2,7,4,9,3,4,1,0
2,11,8,5,4,1,4,1,0
2,9,12,2,7,0,4,1,0
2,15,9,2,11,0,4,1,0
2,9,12,6,7,3,1,0,0
2,15,9,2,9,0,4,1,1
2,9,12,4,2,1,4,1,1
1,11,8,0,10,3,4,1,0
2,1,6,4,7,4,4,0,0
0,11,8,2,0,5,4,0,1
4,11,8,2,13,0,4,1,0
4,15,9,4,2,3,4,0,0
2,9,12,4,9,1,4,1,0
2,11,8,4,6,1,4,0,0
2,5,3,0,6,1,4,1,0
5,12,13,4,0,1,2,0,0
2,11,8,0,3,4,4,0,0
2,11,8,2,11,0,4,1,0
2,6,4,2,6,0,4,1,0
5,11,8,2,10,0,4,1,0
2,11,8,0,3,1,4,1,0
2,1,6,2,13,0,4,1,0
1,11,8,4,9,4,2,0,0
1,7,11,2,0,0,4,1,0
2,1,6,0,5,1,4,1,0
2,15,9,0,6,4,4,0,0
2,9,12,2,3,0,4,1,1
2,11,8,3,7,1,1,0,0
2,8,10,2,9,0,4,1,1
1,9,12,2,9,0,4,1,1
2,11,8,0,0,1,4,0,0
2,11,8,6,0,2,4,0,0
2,11,8,2,9,0,4,1,1
2,11,8,2,3,0,4,1,1
2,15,9,0,0,4,4,0,0
2,11,8,4,0,2,4,0,0
2,7,11,2,0,0,4,1,1
2,7,11,2,6,0,4,1,1
2,15,9,4,7,3,4,0,0
1,11,8,0,0,4,4,0,0
2,8,10,2,9,5,4,0,1
2,1,6,4,3,3,4,0,0
2,15,9,4,0,3,4,1,0
2,9,12,4,9,1,4,0,0
2,15,9,2,2,0,4,1,0
2,12,13,5,3,1,4,1,1
4,11,8,2,7,5,4,0,0
2,11,8,4,0,1,4,1,0
2,9,12,2,13,0,4,1,0
2,9,12,2,11,5,4,0,0
2,15,9,4,11,3,4,0,0
2,9,12,2,11,0,4,1,1
2,1,6,4,7,3,4,0,0
2,11,8,3,11,4,4,0,0
3,1,6,2,3,0,4,1,0
2,15,9,2,5,0,4,1,0
2,15,9,4,6,3,4,0,0
2,9,12,2,13,0,4,1,0
2,3,1,2,3,0,4,1,1
2,11,8,2,2,0,4,1,0
2,11,8,2,6,0,4,1,0
4,4,2,4,11,1,4,0,0
2,9,12,4,3,4,4,0,0
2,11,8,4,11,3,4,0,0
2,9,12,2,3,0,4,1,1
2,11,8,2,2,0,2,1,0
3,11,8,4,2,1,4,1,0
4,11,8,2,4,0,4,1,0
2,15,9,2,6,0,4,1,0
2,7,11,0,3,1,4,0,0
2,9,12,2,11,0,4,1,0
2,11,8,4,6,1,4,1,0
1,11,8,6,7,4,4,0,0
2,15,9,4,7,3,4,0,0
2,0,5,0,5,4,4,0,0
2,7,11,0,9,1,4,0,0
2,1,6,4,11,3,4,0,0
2,0,5,4,11,3,4,1,0
2,11,8,2,2,0,4,1,0
2,4,2,2,5,0,4,1,0
2,11,8,2,2,0,4,1,0
2,11,8,2,3,5,4,0,0
2,1,6,4,8,1,4,0,0
2,9,12,4,11,3,4,0,0
5,15,9,4,7,3,0,1,0
2,8,10,0,9,1,4,0,0
2,9,12,2,3,0,4,1,1
2,8,10,4,2,3,4,1,1
2,11,8,3,0,1,4,0,0
2,15,9,4,0,3,4,0,0
2,15,9,4,7,3,4,1,0
2,7,11,0,13,1,4,1,0
2,11,8,4,2,1,0,1,0
4,11,8,4,7,1,4,0,0
2,2,7,4,0,3,4,0,0
2,9,12,4,0,1,4,1,0
2,15,9,2,11,0,4,1,0
2,11,8,2,0,5,4,0,0
2,15,9,2,13,0,4,1,1
2,15,9,5,7,1,4,1,0
2,11,8,0,3,4,4,0,0
2,9,12,4,0,3,4,1,0
2,4,2,0,6,4,4,0,0
2,11,8,4,0,3,4,0,0
2,15,9,2,2,0,4,1,0
2,11,8,4,11,3,4,1,0
2,11,8,2,10,0,4,1,0
2,2,7,4,5,3,0,1,0
2,5,3,2,2,0,4,1,0
2,1,6,2,6,0,2,1,0
2,9,12,2,9,0,4,1,1
2,11,8,4,5,1,4,1,0
0,9,12,4,0,1,4,1,0
2,9,12,2,12,0,4,1,1
2,9,12,4,9,3,4,0,0
2,15,9,2,13,0,4,1,0
2,11,8,2,6,0,4,1,0
2,8,10,2,6,0,4,1,1
2,9,12,2,3,0,4,1,1
3,11,8,2,3,0,4,1,0
0,0,5,0,2,4,4,1,0
2,15,9,4,0,1,2,0,0
3,9,12,2,2,0,4,1,0
2,15,9,2,0,0,4,1,0
2,15,9,4,0,3,4,0,0
2,15,9,0,11,4,4,0,0
2,9,12,4,9,1,4,0,0
4,11,8,4,6,2,2,1,0
0,11,8,2,0,5,4,0,1
2,8,10,4,2,3,4,1,0
2,12,13,2,3,0,4,1,1
2,9,12,4,0,1,4,1,0
3,7,11,2,2,0,4,1,1
2,1,6,2,13,0,4,1,0
1,12,13,0,9,3,4,0,0
2,1,6,4,11,3,2,0,0
5,10,15,2,9,0,4,1,0
2,11,8,5,6,2,4,0,0
2,11,8,2,0,5,4,0,0
2,11,8,4,9,3,4,0,0
2,0,5,2,5,0,4,1,0
4,15,9,2,3,0,4,1,1
2,8,10,2,2,0,4,1,1
3,14,14,2,9,0,4,1,1
2,11,8,4,7,3,4,0,0
2,1,6,2,13,0,4,1,0
0,9,12,6,0,1,4,0,0
2,11,8,3,4,3,4,0,0
2,9,12,2,0,0,4,1,1
2,11,8,2,3,0,4,1,1
2,8,10,5,7,4,4,0,0
2,15,9,4,3,1,4,1,0
2,11,8,2,3,0,4,1,1
2,10,15,2,3,0,4,1,0
1,8,10,3,2,1,4,1,0
5,12,13,2,9,2,3,0,1
2,1,6,4,5,3,4,1,0
2,7,11,2,12,0,2,1,0
1,8,10,4,3,4,0,0,0
2,12,13,4,9,1,4,1,1
4,11,8,4,7,3,4,1,0
2,15,9,4,0,1,4,0,0
2,1,6,4,10,1,2,1,1
2,5,3,2,2,0,4,1,0
5,4,2,4,13,1,4,1,0
2,15,9,4,7,4,4,0,0
2,1,6,4,7,3,4,1,0
2,8,10,0,12,1,4,1,0
2,11,8,2,7,0,4,1,0
5,15,9,4,7,2,2,1,0
3,9,12,2,11,0,4,1,1
2,9,12,2,11,0,4,1,1
4,5,3,2,2,0,4,1,0
1,15,9,4,0,3,4,0,0
2,11,8,4,2,3,4,1,0
5,11,8,2,10,3,4,1,0
2,11,8,4,0,4,4,1,0
2,11,8,0,3,1,4,1,0
2,15,9,2,2,0,4,1,1
2,11,8,4,6,3,4,1,0
1,15,9,6,0,1,4,0,0
3,11,8,2,2,0,4,1,1
2,6,4,4,2,3,4,1,0
2,0,5,4,6,1,1,1,0
2,8,10,4,5,1,4,1,0
2,11,8,2,4,0,2,1,0
5,11,8,5,0,4,2,0,0
2,8,10,4,7,1,4,0,0
2,9,12,2,9,5,4,0,1
2,15,9,2,11,0,4,1,1
2,3,1,2,7,0,2,1,0
1,12,13,0,9,4,4,0,0
2,15,9,2,0,0,4,1,1
4,11,8,4,3,1,4,1,0
2,1,6,4,7,1,2,1,0
0,7,11,2,7,0,4,1,0
2,15,9,2,2,0,4,1,0
1,11,8,2,10,0,4,1,1
2,15,9,0,3,4,4,0,0
2,15,9,2,2,0,4,1,1
3,15,9,2,12,0,4,1,1
2,11,8,2,4,0,4,1,0
2,11,8,4,0,1,4,0,0
2,11,8,4,11,3,2,0,0
2,7,11,2,11,0,4,1,1
0,15,9,0,3,1,4,0,0
2,11,8,4,6,3,4,1,0
2,15,9,2,9,0,4,1,1
2,6,4,4,7,4,2,0,0
2,15,9,2,2,0,4,1,0
2,11,8,4,7,1,4,0,0
2,11,8,6,0,1,4,0,1
1,5,3,4,7,4,2,0,0
4,11,8,2,3,0,4,1,0
2,15,9,4,7,1,4,0,0
2,3,1,2,13,0,2,1,0
2,7,11,2,3,0,4,1,1
2,15,9,0,3,1,4,0,0
2,9,12,2,3,0,4,1,1
1,9,12,4,10,1,4,1,0
2,11,8,4,11,1,4,0,0
2,11,8,4,7,1,4,1,0
2,9,12,2,11,0,4,1,1
5,11,8,0,13,1,4,1,0
2,5,3,3,6,1,4,1,0
2,11,8,0,7,1,2,1,0
4,9,12,2,9,0,4,1,0
4,8,10,2,2,0,4,1,1
2,9,12,2,3,0,1,1,0
2,15,9,2,2,0,4,1,0
2,0,5,6,0,1,4,0,0
2,0,5,6,11,1,4,0,0
2,15,9,4,0,3,4,0,0
5,11,8,4,7,3,2,1,0
2,5,3,2,4,0,4,1,0
1,11,8,2,4,0,4,1,0
2,15,9,4,7,3,4,1,0
2,11,8,2,11,0,4,1,0
2,7,11,2,11,5,4,0,0
2,11,8,4,7,1,2,0,0
1,15,9,3,3,4,2,0,0
2,12,13,4,3,1,4,0,0
2,11,8,2,13,0,4,1,1
1,9,12,6,9,1,4,0,0
2,15,9,2,9,0,4,1,1
2,11,8,4,6,1,1,1,0
5,11,8,2,2,0,4,1,0
4,1,6,2,13,0,4,1,0
2,12,13,2,3,0,4,1,1
2,15,9,4,3,1,4,1,0
2,15,9,0,5,1,4,1,0
2,11,8,2,10,0,4,1,0
2,4,2,2,7,0,4,1,0
3,11,8,4,0,3,4,0,0
2,9,12,4,9,1,4,1,1
1,11,8,2,7,0,4,1,0
2,12,13,4,0,1,4,1,0
2,5,3,6,7,4,0,0,0
2,11,8,2,2,0,4,1,0
2,15,9,2,0,0,4,1,0
2,8,10,4,13,3,4,1,0
2,11,8,2,0,5,4,0,1
2,9,12,4,3,1,4,0,0
2,9,12,2,3,0,1,1,1
2,11,8,2,2,0,4,1,0
4,9,12,2,11,0,4,1,0
2,11,8,2,11,5,4,0,0
2,9,12,4,0,3,4,0,0
4,8,10,2,2,0,4,1,0
2,9,12,2,3,0,4,1,1
2,9,12,2,11,0,4,1,1
4,1,6,2,13,0,4,1,0
2,11,8,2,6,0,4,1,0
2,2,7,4,7,1,4,0,0
2,11,8,4,5,3,4,1,0
2,15,9,4,3,3,2,0,0
2,6,4,2,2,0,3,1,0
2,13,0,2,6,5,4,0,0
2,4,2,4,6,2,4,0,0
2,15,9,2,3,0,4,1,0
2,7,11,0,0,3,4,0,0
2,11,8,2,2,0,4,1,0
0,9,12,0,3,4,2,0,1
2,9,12,4,3,1,4,0,0
2,15,9,4,6,1,4,1,0
2,1,6,2,4,0,4,1,0
4,15,9,2,2,0,4,1,0
2,9,12,2,3,0,4,1,0
2,9,12,2,9,0,4,1,1
2,15,9,4,0,3,4,1,0
5,9,12,2,3,0,4,1,1
2,9,12,2,11,0,4,1,0
2,11,8,0,0,1,4,0,0
2,15,9,0,5,3,4,1,0
2,15,9,2,2,0,4,1,0
2,11,8,5,11,3,4,0,0
2,9,12,2,3,5,4,0,1
2,8,10,2,9,5,4,0,1
2,9,12,4,9,1,4,0,0
2,11,8,4,11,3,4,1,0
2,11,8,2,6,0,4,1,0
2,9,12,2,5,0,4,1,0
2,11,8,4,3,3,4,0,0
1,9,12,2,9,5,4,0,1
2,1,6,4,7,3,2,1,0
2,8,10,2,7,0,4,1,0
0,8,10,2,12,0,4,1,0
2,15,9,0,9,1,4,1,0
2,1,6,6,7,4,4,0,0
2,6,4,4,13,1,4,1,0
2,11,8,2,2,0,4,1,1
2,9,12,4,11,3,4,1,0
2,11,8,2,10,5,2,0,0
2,0,5,4,0,3,4,1,0
2,11,8,4,0,4,2,0,0
2,12,13,0,3,4,4,0,0
2,11,8,6,6,4,4,0,0
2,15,9,4,11,1,4,1,0
2,15,9,2,13,0,4,1,1
2,9,12,2,7,5,1,0,1
2,9,12,2,9,5,4,0,0
2,9,12,0,9,4,4,0,0
2,15,9,4,0,3,4,0,0
2,0,5,0,7,1,0,1,0
2,15,9,4,2,3,4,1,0
1,7,11,2,5,0,4,1,0
3,9,12,4,3,3,4,0,0
2,11,8,2,2,0,4,1,0
3,11,8,0,0,4,4,0,0
2,5,3,4,6,4,4,1,0
0,10,15,0,3,1,4,0,1
1,9,12,2,3,0,2,1,1
2,11,8,2,6,0,4,1,0
2,11,8,4,7,3,4,1,0
2,0,5,2,6,0,4,1,0
2,9,12,4,2,1,4,1,1
2,15,9,4,0,3,4,0,0
0,9,12,4,0,3,4,1,0
2,15,9,4,5,3,4,1,0
2,15,9,2,11,0,0,1,0
2,4,2,2,2,2,4,1,0
2,11,8,6,0,1,4,0,0
2,11,8,2,6,0,0,1,0
2,1,6,4,2,3,4,1,0
2,11,8,0,0,1,4,0,0
1,11,8,2,13,0,4,1,0
2,11,8,4,0,1,4,0,0
5,15,9,2,10,0,4,1,1
2,9,12,4,9,3,4,1,0
1,15,9,2,3,0,4,1,0
2,15,9,4,7,1,2,1,0
2,11,8,4,5,3,4,0,0
2,15,9,6,6,4,4,0,0
2,15,9,4,0,3,4,0,0
2,12,13,0,9,3,4,0,1
2,11,8,2,2,0,4,1,1
2,15,9,2,12,0,4,1,0
5,11,8,4,7,1,2,0,0
2,12,13,4,5,4,4,1,0
2,11,8,0,11,1,4,1,1
2,11,8,4,4,1,4,1,0
2,11,8,2,2,0,4,1,0
2,9,12,4,9,1,4,0,0
4,15,9,2,11,0,4,1,1
5,11,8,4,3,4,2,1,0
2,7,11,0,0,4,4,0,0
2,15,9,2,5,0,4,1,1
3,8,10,2,2,0,4,1,1
2,11,8,2,5,0,4,1,0
2,11,8,0,6,3,4,0,0
2,7,11,2,9,0,4,1,0
2,8,10,2,9,0,4,1,1
4,14,14,2,9,0,4,1,1
4,14,14,2,9,0,1,1,1
3,9,12,2,11,0,4,1,1
2,15,9,2,0,0,4,1,0
2,9,12,4,0,1,2,0,0
2,2,7,4,13,1,4,1,0
2,9,12,4,3,1,4,1,0
2,15,9,4,5,2,4,1,0
2,11,8,6,11,1,4,0,0
4,2,7,2,3,0,1,1,0
2,15,9,2,2,5,4,0,0
2,11,8,6,2,4,4,1,1
2,0,5,0,6,1,4,1,0
2,15,9,4,11,3,4,1,0
2,11,8,2,5,0,2,1,0
1,9,12,2,3,0,4,1,1
2,9,12,4,11,3,4,1,0
4,11,8,5,2,3,4,1,0
1,15,9,6,0,4,4,0,0
2,10,15,2,9,0,4,1,0
2,11,8,2,13,0,4,1,0
2,11,8,2,2,0,2,1,1
1,9,12,2,3,0,4,1,1
2,11,8,2,2,0,4,1,0
2,9,12,2,11,0,4,1,1
2,6,4,4,7,4,4,1,0
2,9,12,2,9,0,4,1,1
0,15,9,2,0,0,2,1,0
2,9,12,4,0,1,2,0,0
4,8,10,2,4,0,4,1,0
2,11,8,2,5,0,4,1,0
4,7,11,2,2,0,4,1,0
2,11,8,2,6,0,4,1,1
2,15,9,0,0,1,1,0,0
4,11,8,2,6,0,4,1,0
1,7,11,4,0,3,2,0,0
1,0,5,2,13,0,4,1,0
2,11,8,5,9,4,4,0,0
2,10,15,2,9,0,4,1,1
2,15,9,2,3,0,4,1,1
2,15,9,4,6,1,4,1,0
2,11,8,0,2,1,4,1,0
2,15,9,4,5,3,4,1,0
5,11,8,2,0,5,4,0,0
5,15,9,4,7,3,4,0,0
4,11,8,2,11,0,4,1,0
2,15,9,4,7,3,2,1,0
2,0,5,5,7,4,4,0,0
2,15,9,4,11,3,4,1,0
2,15,9,6,7,1,4,0,0
2,9,12,2,3,0,1,1,1
2,11,8,4,7,1,0,1,0
4,15,9,2,4,0,4,1,0
0,9,12,2,3,0,4,1,0
2,14,14,2,9,0,4,1,1
2,15,9,4,0,3,4,0,0
1,8,10,2,12,5,4,0,1
2,15,9,0,9,1,4,1,1
2,11,8,6,11,1,4,0,0
5,15,9,4,10,4,2,0,0
2,15,9,4,11,3,4,0,0
2,5,3,6,7,1,4,0,0
4,1,6,2,2,0,4,1,0
2,6,4,4,6,1,4,1,0
2,9,12,2,12,0,4,1,0
2,11,8,2,13,5,4,0,0
3,12,13,0,3,1,4,0,0
2,5,3,2,7,0,4,1,0
2,9,12,6,9,4,4,0,1
2,11,8,2,5,0,4,1,0
2,15,9,2,3,0,4,1,1
4,9,12,2,3,0,4,1,1
2,1,6,2,2,0,4,1,0
2,11,8,4,6,3,4,0,0
4,8,10,4,4,3,4,1,0
4,11,8,2,11,0,4,1,0
1,11,8,0,0,4,4,0,0
2,11,8,4,3,1,4,1,0
2,15,9,4,0,1,4,0,0
4,0,5,2,13,0,4,1,0
1,15,9,4,3,3,4,0,0
4,11,8,2,2,0,4,1,0
2,11,8,2,0,0,4,1,0
2,11,8,4,7,3,4,1,0
4,11,8,0,11,1,4,1,0
2,15,9,4,2,1,4,1,0
2,15,9,4,7,3,4,0,0
2,11,8,2,13,0,4,1,0
2,9,12,2,3,0,4,1,1
2,0,5,4,2,1,4,1,0
2,9,12,0,5,1,4,1,1
1,11,8,0,12,4,4,0,0
1,9,12,4,12,3,4,1,0
1,15,9,0,7,1,4,0,0
5,11,8,0,2,4,4,1,0
2,11,8,4,11,2,2,0,0
2,11,8,0,5,4,2,0,0
2,15,9,2,0,0,2,1,1
2,11,8,2,6,0,4,1,1
2,11,8,4,0,3,2,0,0
2,11,8,1,7,5,4,0,1
1,9,12,4,9,3,2,0,0
2,11,8,0,11,1,4,0,0
2,9,12,2,11,0,4,1,1
0,15,9,0,0,4,2,0,0
2,15,9,2,2,0,4,1,1
2,11,8,2,13,0,4,1,0
2,9,12,4,5,3,4,1,0
4,9,12,2,9,0,4,1,1
2,15,9,2,7,0,4,1,0
2,11,8,0,7,4,4,0,0
2,11,8,2,9,5,4,0,0
2,11,8,4,11,3,4,0,0
2,0,5,4,7,3,4,0,0
2,15,9,3,11,4,2,0,0
3,15,9,2,3,0,4,1,1
2,7,11,2,3,0,4,1,1
2,5,3,2,7,5,4,0,0
5,11,8,2,7,5,4,0,0
2,0,5,0,6,1,2,0,0
2,8,10,4,2,1,4,1,0
2,11,8,4,2,1,4,1,0
2,2,7,4,5,3,4,1,0
1,9,12,2,10,5,2,0,1
5,12,13,4,9,1,4,1,0
4,11,8,2,4,0,4,1,1
2,11,8,2,2,0,4,1,0
2,11,8,4,5,1,4,1,0
5,10,15,2,9,5,4,0,1
2,8,10,2,2,0,4,1,0
2,11,8,0,2,4,4,1,0
2,15,9,2,13,0,4,1,0
2,6,4,4,8,1,2,0,0
2,8,10,4,9,1,4,0,0
2,11,8,5,7,1,4,0,0
1,15,9,0,10,4,4,0,0
2,11,8,2,9,5,4,0,1
2,11,8,4,6,1,2,1,0
1,12,13,0,9,4,4,0,0
2,11,8,4,7,1,4,1,0
2,15,9,2,5,0,4,1,0
0,15,9,2,0,0,4,1,1
1,11,8,6,7,4,0,0,0
2,15,9,2,10,0,3,1,0
2,15,9,2,2,0,4,1,1
2,9,12,4,11,1,4,0,0
1,12,13,2,9,0,4,1,1
2,15,9,2,9,5,4,0,0
2,11,8,2,2,0,4,1,1
2,9,12,2,2,0,4,1,0
2,11,8,2,2,0,4,1,1
5,15,9,4,0,1,4,0,0
2,11,8,2,11,0,4,1,0
3,8,10,2,3,0,2,1,1
4,11,8,2,11,0,4,1,1
1,0,5,4,2,4,2,1,0
1,15,9,2,10,0,4,1,1
4,14,14,2,9,0,4,1,1
2,9,12,6,3,4,4,1,1
4,11,8,4,2,1,4,1,0
2,15,9,2,7,0,4,1,0
2,7,11,0,2,1,2,1,0
2,11,8,4,10,3,0,1,0
2,15,9,5,11,4,4,0,0
2,9,12,4,3,1,4,0,0
2,11,8,4,2,3,4,1,0
2,15,9,4,3,2,4,1,0
2,15,9,4,0,3,4,0,0
2,11,8,0,0,4,4,1,0
1,0,5,2,2,0,4,1,0
2,15,9,4,5,3,2,0,0
4,9,12,4,9,3,4,0,0
5,9,12,0,9,1,4,0,0
2,2,7,2,6,0,4,1,1
2,15,9,4,13,1,2,1,0
2,12,13,0,3,1,4,1,1
2,7,11,0,3,1,4,0,0
2,11,8,2,9,0,4,1,1
2,15,9,0,0,4,4,0,0
0,9,12,2,3,0,4,1,1
2,1,6,2,3,0,4,1,0
1,11,8,2,10,0,4,1,0
0,11,8,2,13,0,2,1,1
2,15,9,4,7,3,4,0,0
3,14,14,2,11,0,4,1,1
3,9,12,2,3,0,4,1,1
2,11,8,2,6,0,4,1,0
4,14,14,0,9,1,4,1,1
2,11,8,2,2,0,4,1,0
2,14,14,2,9,0,4,1,1
2,9,12,2,2,0,1,1,1
5,11,8,2,0,0,4,1,1
2,12,13,5,3,1,4,1,1
2,1,6,2,2,0,4,1,1
2,11,8,6,0,1,4,0,0
2,15,9,6,11,2,4,0,0
1,9,12,0,9,1,4,0,1
2,5,3,0,7,2,4,0,0
4,11,8,2,2,0,4,1,0
2,1,6,2,2,0,4,1,0
2,15,9,2,9,0,4,1,1
2,6,4,2,6,0,4,1,0
2,7,11,4,2,1,4,1,0
4,15,9,5,7,4,2,0,0
4,15,9,2,13,0,4,1,1
4,15,9,2,4,0,4,1,0
4,11,8,6,11,1,4,0,0
5,9,12,2,9,5,4,0,1
2,11,8,2,13,0,4,1,0
2,11,8,2,13,0,1,1,0
2,8,10,2,5,0,4,1,0
2,11,8,2,7,0,4,1,0
1,9,12,2,10,0,2,1,1
2,15,9,2,5,0,4,1,0
2,11,8,0,7,1,2,0,0
2,15,9,4,0,1,4,0,0
4,11,8,2,4,0,4,1,1
2,1,6,2,4,0,4,1,0
2,11,8,2,4,0,4,1,0
5,11,8,2,12,0,4,1,0
2,11,8,2,4,0,4,1,0
5,15,9,4,2,1,4,1,0
3,15,9,5,3,4,4,0,0
2,12,13,4,9,1,2,1,0
2,11,8,2,2,0,4,1,1
2,11,8,0,11,1,4,0,0
5,9,12,2,0,0,4,1,1
0,11,8,2,0,0,2,1,1
2,15,9,4,0,3,4,0,0
2,11,8,4,0,1,4,0,0
2,11,8,2,2,0,4,1,1
2,15,9,4,2,1,4,1,0
2,6,4,4,7,3,4,0,0
2,15,9,2,2,3,4,1,0
2,15,9,4,0,3,4,0,0
2,12,13,4,9,1,4,1,1
1,7,11,0,7,1,4,0,0
2,9,12,2,3,0,4,1,1
2,11,8,2,13,0,4,1,0
2,6,4,4,5,2,4,1,0
1,11,8,2,2,0,4,1,1
2,9,12,2,10,0,4,1,1
2,15,9,2,2,0,4,1,0
2,12,13,2,9,0,1,1,1
2,5,3,2,13,0,2,1,0
2,15,9,2,2,0,4,1,0
2,11,8,4,6,3,4,0,0
3,0,5,2,4,0,4,1,0
2,15,9,2,2,0,4,1,1
2,11,8,2,3,0,4,1,0
2,15,9,2,11,0,4,1,1
2,15,9,2,7,0,4,1,0
2,11,8,4,5,1,2,0,0
2,12,13,2,9,0,4,1,1
2,7,11,0,3,1,4,0,0
2,11,8,0,11,1,4,1,0
3,9,12,2,11,0,4,1,1
2,9,12,2,0,5,2,0,0
2,11,8,0,0,1,4,0,0
2,15,9,4,0,1,4,1,0
2,9,12,2,3,5,4,0,1
2,11,8,4,0,3,4,0,0
2,6,4,5,7,1,4,1,0
2,15,9,2,9,0,4,1,0
2,5,3,2,6,5,4,0,0
1,10,15,2,3,0,4,1,1
2,15,9,2,6,0,4,1,0
2,11,8,4,13,1,4,1,0
4,5,3,4,7,2,4,0,0
2,15,9,4,7,3,4,0,0
2,15,9,4,3,3,2,1,0
0,15,9,4,11,1,4,0,0
2,11,8,2,11,0,4,1,0
1,15,9,4,2,1,4,1,0
2,9,12,4,9,1,4,0,0
2,15,9,0,0,4,4,0,1
4,8,10,2,4,0,4,1,0
2,1,6,2,7,0,4,1,0
2,11,8,2,5,0,4,1,0
2,11,8,2,13,0,2,1,0
2,11,8,4,0,1,4,1,0
5,15,9,4,7,3,4,0,0
2,6,4,4,2,3,0,1,0
2,15,9,4,0,1,4,0,0
2,11,8,2,3,0,4,1,1
2,9,12,0,7,1,4,1,0
2,13,0,2,7,0,4,1,0
2,15,9,2,2,0,4,1,1
2,11,8,0,10,1,4,1,0
2,15,9,4,2,3,4,1,0
2,15,9,4,0,3,4,0,0
2,15,9,2,11,0,4,1,0
2,15,9,2,11,0,4,1,1
2,11,8,4,6,1,4,1,0
2,15,9,2,6,0,4,1,0
1,12,13,0,9,1,2,0,0
2,11,8,2,7,0,4,1,0
2,15,9,2,3,0,4,1,1
4,11,8,0,13,1,4,1,0
4,15,9,2,11,0,4,1,0
2,4,2,4,6,2,4,1,0
2,15,9,4,0,4,2,1,0
2,5,3,2,2,0,4,1,0
2,11,8,2,2,0,4,1,1
2,15,9,2,2,0,4,1,1
2,1,6,0,6,4,2,0,0
2,11,8,4,6,1,4,1,0
4,2,7,2,0,5,4,0,0
2,15,9,2,3,0,4,1,1
2,11,8,2,2,0,1,1,0
4,15,9,2,11,0,4,1,0
2,11,8,2,2,0,4,1,0
2,12,13,4,9,1,4,1,0
2,11,8,4,11,1,4,0,0
3,11,8,2,11,0,4,1,1
2,14,14,4,12,3,4,0,0
2,11,8,4,5,3,4,1,0
2,11,8,2,0,0,1,1,0
2,15,9,4,0,1,4,0,0
4,15,9,2,11,0,4,1,0
2,15,9,4,9,1,4,0,0
2,11,8,2,2,0,4,1,0
2,8,10,2,12,0,4,1,1
2,15,9,4,6,1,4,0,0
2,11,8,5,0,4,2,0,0
2,0,5,5,5,1,4,1,0
2,11,8,0,0,4,4,0,0
2,11,8,2,4,0,4,1,0
2,2,7,4,11,1,2,0,0
2,15,9,2,0,5,4,0,1
2,11,8,6,0,1,4,0,0
1,12,13,4,9,1,4,1,0
2,11,8,0,7,1,4,0,0
2,15,9,2,3,0,4,1,1
4,9,12,6,3,4,1,0,0
2,11,8,2,11,0,4,1,0
2,11,8,2,6,0,4,1,0
4,9,12,4,10,3,4,1,0
2,11,8,6,0,4,4,0,0
0,12,13,4,12,1,4,0,0
2,11,8,2,5,0,2,1,0
3,11,8,4,3,1,4,1,1
2,15,9,4,0,1,4,0,0
2,11,8,4,2,1,2,1,0
0,9,12,4,10,1,2,0,0
2,11,8,4,11,3,4,1,0
2,1,6,4,11,3,4,0,0
2,15,9,0,3,4,4,0,0
2,6,4,2,6,0,4,1,0
2,6,4,2,2,0,4,1,0
1,12,13,2,9,5,4,0,1
2,15,9,4,7,1,4,1,0
2,11,8,4,13,1,4,1,0
3,10,15,2,3,5,4,0,1
2,15,9,5,11,4,4,0,0
4,9,12,2,2,0,4,1,0
2,4,2,4,5,2,4,1,0
2,8,10,4,0,1,3,0,0
4,14,14,0,11,1,4,1,1
2,12,13,2,9,0,4,1,1
3,8,10,4,2,1,4,1,0
0,7,11,2,12,0,4,1,0
2,6,4,4,11,3,4,0,0
1,6,4,2,7,0,4,1,0
2,15,9,4,7,3,4,0,0
5,9,12,2,9,0,4,1,0
2,9,12,4,11,1,4,0,0
2,11,8,0,13,4,4,0,0
2,15,9,4,10,1,4,1,0
2,11,8,2,11,0,4,1,0
2,11,8,2,6,0,4,1,0
4,2,7,2,11,5,1,0,0
2,15,9,4,9,2,1,0,0
4,15,9,4,7,1,4,0,0
2,11,8,4,6,3,4,1,0
1,15,9,4,0,4,2,0,0
1,12,13,4,9,1,4,1,0
2,1,6,4,13,3,4,1,0
2,9,12,2,9,0,4,1,1
2,11,8,4,12,1,4,1,0
2,15,9,4,11,3,4,0,0
2,11,8,4,13,3,4,1,0
1,11,8,2,2,0,4,1,0
1,15,9,4,10,3,4,1,1
3,8,10,2,3,0,4,1,1
4,11,8,6,4,1,4,0,0
2,11,8,6,6,3,4,0,0
0,11,8,2,13,0,4,1,1
2,11,8,2,2,0,4,1,0
2,11,8,0,11,1,4,0,0
2,15,9,2,6,0,4,1,0
2,11,8,2,2,0,4,1,0
2,11,8,4,4,3,4,1,0
0,11,8,0,9,1,4,0,0
2,15,9,4,0,1,4,0,0
2,9,12,0,6,1,4,0,0
1,15,9,2,7,0,0,1,0
1,11,8,2,3,0,4,1,0
2,4,2,2,6,0,3,1,0
2,15,9,4,0,2,4,0,0
5,15,9,2,0,0,2,1,0
4,14,14,2,9,0,4,1,1
2,11,8,5,2,4,2,1,0
5,11,8,2,2,0,4,1,1
2,11,8,2,4,0,4,1,1
2,15,9,2,3,0,4,1,1
5,14,14,2,7,0,4,1,0
4,11,8,0,2,4,0,1,0
2,7,11,4,6,4,4,1,0
2,8,10,2,9,5,4,0,1
5,9,12,0,3,1,1,0,0
2,8,10,2,2,0,2,1,1
4,8,10,4,4,3,4,1,0
2,15,9,2,11,0,4,1,1
2,11,8,2,5,0,4,1,0
5,12,13,2,9,0,4,1,0
2,15,9,2,3,3,2,0,0
2,11,8,4,12,3,4,1,0
2,9,12,4,3,1,4,1,0
2,11,8,4,4,1,4,1,0
2,9,12,2,8,2,4,1,0
5,15,9,4,0,3,4,0,0
2,11,8,2,8,5,4,0,0
4,0,5,2,11,0,4,1,0
2,14,14,2,3,0,4,1,1
2,11,8,2,6,0,4,1,0
2,5,3,4,4,3,4,0,0
2,9,12,6,6,2,1,1,0
4,12,13,2,11,0,4,1,1
2,15,9,5,7,1,4,0,0
2,11,8,5,2,3,4,1,0
2,8,10,2,4,0,4,1,0
2,8,10,2,5,0,4,1,0
2,9,12,4,0,1,4,1,1
2,11,8,2,2,0,4,1,0
5,12,13,4,9,1,4,0,1
4,9,12,2,9,0,4,1,0
2,8,10,4,2,1,4,1,0
2,11,8,5,7,1,2,0,0
2,0,5,6,13,4,2,1,0
2,15,9,4,6,3,4,1,0
1,11,8,2,13,0,4,1,1
2,6,4,6,7,4,2,0,0
2,11,8,4,6,1,4,0,0
2,9,12,2,11,0,4,1,1
2,12,13,2,11,0,4,1,0
2,15,9,0,3,1,4,0,0
2,11,8,4,11,3,4,1,0
1,15,9,4,7,3,2,0,0
1,9,12,0,9,4,4,0,0
2,11,8,2,0,0,4,1,0
5,9,12,4,0,1,4,1,0
2,9,12,4,9,3,4,0,0
2,1,6,4,5,3,4,1,0
4,11,8,4,11,2,1,1,1
2,9,12,4,11,1,4,1,0
2,11,8,4,2,4,4,1,0
2,5,3,2,5,3,4,1,0
3,9,12,2,3,0,4,1,0
2,11,8,2,13,0,4,1,1
2,9,12,2,7,0,4,1,1
2,11,8,4,13,4,2,0,0
4,11,8,2,3,0,4,1,0
5,12,13,2,3,0,4,1,1
2,12,13,2,3,0,4,1,1
3,12,13,2,3,0,4,1,1
2,1,6,4,12,3,4,0,0
1,11,8,4,2,3,4,1,0
2,9,12,2,11,0,4,1,1
2,15,9,0,3,4,4,0,0
3,7,11,2,11,0,4,1,1
2,2,7,2,2,0,4,1,0
2,15,9,4,11,3,3,0,0
2,11,8,4,0,3,4,0,0
2,11,8,6,0,1,4,0,0
0,9,12,2,9,0,1,1,0
2,9,12,4,3,1,4,0,0
2,9,12,4,7,1,4,1,0
2,8,10,2,2,0,4,1,0
1,11,8,6,0,1,4,0,0
2,11,8,0,7,4,4,0,0
2,11,8,6,13,1,4,1,0
5,9,12,2,3,0,4,1,1
2,11,8,4,2,1,4,1,0
2,11,8,4,0,2,2,0,0
2,7,11,2,9,0,4,1,1
5,15,9,0,0,4,4,0,0
2,9,12,4,9,1,4,0,0
1,1,6,4,7,1,4,1,0
2,9,12,2,3,0,4,1,1
1,11,8,2,0,5,4,0,1
2,9,12,4,3,1,4,0,0
0,15,9,2,12,0,4,1,0
1,15,9,0,7,4,2,0,0
2,11,8,2,11,0,4,1,1
4,14,14,2,9,0,4,1,1
2,11,8,2,5,0,4,1,1
2,11,8,4,2,1,4,1,0
2,14,14,0,9,1,4,1,1
2,11,8,4,7,3,4,0,0
2,11,8,5,7,1,2,1,0
2,7,11,0,9,1,4,0,0
2,11,8,4,11,1,4,0,0
2,9,12,4,7,1,4,1,0
2,11,8,4,6,4,4,0,0
2,5,3,4,2,1,4,1,0
2,11,8,2,2,0,4,1,1
4,9,12,2,3,0,4,1,1
2,9,12,4,3,1,4,1,1
1,9,12,2,12,0,4,1,1
2,11,8,4,2,3,4,1,0
4,15,9,4,7,4,4,0,0
2,11,8,4,0,3,4,0,0
3,11,8,2,11,0,4,1,1
2,15,9,2,13,0,4,1,1
2,11,8,2,9,5,4,0,0
5,10,15,4,9,1,4,1,0
2,14,14,2,9,0,4,1,1
4,1,6,2,2,0,4,1,0
2,11,8,0,2,4,4,0,0
2,15,9,4,11,3,4,0,0
2,11,8,4,11,3,4,0,0
2,15,9,4,0,1,4,0,0
2,15,9,0,0,4,4,0,0
4,9,12,2,2,0,4,1,0
2,2,7,4,4,3,4,0,0
3,11,8,4,13,1,4,1,0
2,15,9,4,13,3,4,1,0
2,9,12,6,11,4,4,0,0
3,10,15,2,9,0,4,1,1
2,11,8,4,11,3,4,1,0
1,15,9,2,7,0,4,1,0
2,15,9,4,12,1,4,0,0
2,15,9,4,12,2,4,0,0
2,11,8,2,11,0,4,1,1
5,15,9,4,2,3,4,1,0
2,15,9,4,11,1,3,1,0
2,11,8,4,2,4,4,0,0
5,11,8,2,7,0,4,1,0
1,15,9,2,10,0,2,1,0
2,15,9,5,11,3,0,1,0
2,11,8,4,3,1,4,1,0
2,11,8,0,2,4,4,1,0
2,9,12,4,3,1,4,1,0
2,15,9,0,11,1,4,0,0
5,15,9,0,2,1,4,0,0
2,11,8,2,9,0,4,1,1
2,1,6,4,7,1,4,1,0
2,7,11,2,11,0,4,1,0
2,11,8,4,5,1,4,1,0
2,11,8,4,11,3,4,1,0
0,11,8,2,12,0,4,1,1
2,15,9,5,12,4,4,0,0
2,9,12,2,9,0,4,1,1
2,11,8,4,3,3,4,1,0
1,11,8,4,9,3,2,0,0
2,9,12,2,11,0,4,1,1
1,9,12,0,9,4,4,0,0
2,8,10,2,12,0,4,1,1
2,8,10,2,2,0,4,1,1
2,5,3,2,7,0,4,1,0
2,8,10,2,2,0,4,1,0
2,9,12,2,9,0,4,1,0
2,11,8,2,11,0,4,1,1
2,11,8,2,11,0,4,1,0
2,15,9,4,11,3,4,1,0
5,5,3,2,13,0,4,1,0
2,9,12,4,9,3,1,0,0
2,15,9,2,6,0,4,1,0
2,15,9,4,0,1,4,0,0
2,13,0,4,7,1,1,0,0
3,15,9,4,7,3,1,0,0
2,11,8,0,12,3,4,1,0
3,11,8,2,3,0,4,1,1
2,9,12,0,11,1,4,1,1
2,7,11,4,5,3,4,1,0
2,5,3,2,5,0,4,1,0
2,9,12,2,3,0,4,1,1
2,15,9,0,0,1,4,0,0
2,11,8,4,0,3,4,0,0
2,11,8,4,2,3,4,1,0
2,15,9,4,0,1,4,0,0
1,11,8,2,10,0,2,1,0
2,11,8,4,13,3,4,0,0
2,9,12,4,7,1,4,1,0
1,1,6,2,7,5,4,0,0
2,11,8,6,2,4,4,1,1
4,8,10,2,2,0,4,1,0
1,12,13,0,9,1,4,0,0
2,11,8,2,3,0,4,1,0
2,15,9,5,0,4,2,0,0
2,7,11,2,0,3,4,0,0
2,6,4,2,5,0,4,1,0
2,11,8,5,6,4,4,1,0
2,11,8,2,11,0,4,1,0
3,15,9,2,3,0,4,1,1
2,11,8,4,7,3,4,1,0
6,15,9,2,4,3,4,1,0
2,11,8,2,9,0,4,1,1
2,15,9,4,11,1,4,1,0
2,11,8,2,2,0,4,1,0
2,9,12,4,11,1,4,1,1
2,5,3,2,2,0,1,1,0
2,15,9,2,2,0,4,1,1
2,0,5,2,5,0,4,1,0
1,9,12,0,0,1,4,0,0
0,9,12,2,3,0,4,1,1
0,15,9,2,12,0,4,1,1
2,9,12,4,9,3,4,0,0
2,8,10,4,11,1,4,0,0
4,15,9,6,2,1,2,1,0
2,6,4,2,7,0,4,1,0
2,11,8,4,6,1,4,0,0
2,15,9,4,7,3,4,0,0
2,15,9,2,3,0,4,1,0
2,11,8,4,0,1,4,0,0
2,15,9,2,0,0,4,1,0
1,9,12,0,9,1,4,0,0
2,1,6,4,11,3,4,1,0
2,11,8,4,11,3,4,1,0
2,1,6,4,11,4,4,0,0
2,11,8,4,11,1,4,1,0
2,5,3,0,3,1,4,1,0
2,15,9,2,2,0,4,1,1
2,1,6,4,7,3,4,0,0
2,14,14,2,13,0,2,1,1
2,9,12,0,3,1,4,1,0
2,15,9,4,11,3,4,0,0
2,8,10,4,6,4,4,1,0
2,9,12,2,2,0,4,1,1
4,15,9,4,2,4,4,1,0
2,11,8,4,7,4,4,0,0
2,11,8,2,6,0,4,1,0
2,11,8,6,5,1,4,1,0
2,5,3,2,2,0,4,1,0
4,5,3,2,2,0,4,1,0
2,15,9,2,0,0,2,1,1
2,11,8,0,11,1,4,0,0
2,11,8,2,6,0,4,1,0
2,11,8,2,13,0,3,1,0
1,14,14,2,9,0,4,1,1
2,11,8,4,2,1,4,1,0
3,9,12,2,3,0,4,1,0
2,14,14,4,9,1,4,0,0
2,13,0,4,4,1,4,1,0
4,15,9,5,11,1,1,1,0
2,11,8,4,3,1,2,0,0
3,12,13,2,9,0,4,1,1
2,8,10,0,12,3,4,1,0
4,9,12,2,9,0,4,1,1
2,11,8,4,0,3,4,0,0
2,7,11,0,0,1,4,0,0
1,1,6,4,10,3,4,1,0
2,11,8,4,6,3,4,1,0
2,11,8,4,2,1,4,1,1
2,11,8,6,7,4,4,0,0
2,11,8,2,9,0,4,1,1
2,7,11,4,12,1,4,0,0
2,11,8,0,12,4,2,0,0
2,2,7,4,13,4,4,1,0
3,9,12,2,3,0,4,1,1
2,15,9,4,3,3,4,0,0
2,15,9,0,2,4,4,1,0
2,11,8,2,2,0,4,1,0
4,2,7,4,5,3,4,1,0
2,11,8,2,2,0,4,1,0
2,15,9,2,13,0,4,1,1
4,15,9,4,9,1,4,0,0
2,15,9,2,9,0,4,1,1
2,2,7,4,11,2,4,1,0
2,11,8,2,6,1,4,0,0
1,12,13,4,9,3,4,0,0
2,15,9,0,6,3,4,0,0
2,9,12,0,3,1,4,0,1
0,9,12,2,3,5,0,0,1
2,15,9,2,13,0,4,1,1
2,11,8,5,10,1,4,1,0
2,7,11,4,9,3,4,0,0
2,11,8,2,11,0,4,1,1
2,11,8,6,5,1,4,0,0
4,10,15,2,9,0,4,1,1
2,6,4,2,13,0,4,1,0
3,11,8,2,5,0,4,1,0
2,15,9,2,0,0,4,1,0
2,11,8,2,6,0,4,1,0
2,11,8,0,13,1,4,1,0
2,11,8,4,7,1,4,1,0
1,15,9,2,3,0,4,1,1
2,11,8,4,6,3,4,1,0
2,11,8,0,2,1,4,0,0
2,9,12,2,11,0,4,1,1
2,11,8,2,7,0,4,1,0
2,15,9,5,0,1,4,0,0
2,11,8,2,4,0,4,1,0
2,15,9,2,9,0,4,1,1
2,14,14,2,9,0,4,1,1
2,15,9,4,11,3,4,0,0
2,0,5,2,11,0,4,1,0
4,10,15,2,9,0,4,1,1
2,7,11,5,0,4,4,1,0
2,11,8,4,7,4,2,0,0
4,11,8,2,2,0,4,1,0
2,11,8,2,6,0,4,1,1
2,9,12,2,12,0,4,1,0
2,11,8,0,11,3,4,0,0
2,11,8,2,13,0,4,1,0
2,5,3,6,10,1,4,1,0
2,7,11,0,0,3,4,0,0
2,11,8,4,0,2,4,0,0
4,11,8,2,4,0,4,1,1
5,11,8,2,9,0,4,1,0
2,7,11,0,9,4,4,0,0
2,11,8,4,0,3,4,1,0
2,7,11,2,3,0,4,1,1
2,9,12,2,0,2,4,0,0
4,11,8,6,4,1,4,1,0
2,11,8,2,2,0,4,1,0
4,9,12,2,3,0,4,1,0
4,14,14,0,9,1,4,0,0
4,9,12,0,9,1,4,1,0
2,11,8,0,13,1,4,0,0
2,11,8,2,2,0,4,1,0
2,15,9,3,6,1,4,1,1
2,11,8,4,11,1,4,0,0
5,15,9,0,0,4,4,0,0
3,11,8,2,3,0,4,1,0
2,9,12,2,11,0,4,1,1
2,5,3,4,7,4,4,0,0
2,12,13,0,3,1,4,0,0
2,9,12,2,12,0,4,1,1
2,11,8,3,0,3,4,0,0
2,11,8,2,0,0,2,1,0
2,9,12,4,11,1,4,0,0
2,3,1,4,7,4,4,0,0
2,1,6,2,5,0,4,1,0
0,15,9,2,0,5,4,0,1
2,4,2,4,0,2,4,0,0
2,15,9,2,11,0,4,1,1
2,1,6,4,2,4,4,1,0
3,1,6,6,3,1,4,0,0
3,7,11,5,3,4,4,1,0
2,7,11,0,2,1,4,1,0
2,11,8,2,13,0,4,1,1
2,9,12,2,9,0,4,1,1
1,10,15,2,9,0,2,1,1
2,9,12,2,9,0,4,1,1
1,15,9,4,12,1,4,1,1
2,15,9,2,11,0,4,1,0
1,12,13,2,9,0,4,1,1
2,11,8,2,2,0,4,1,1
5,12,13,0,3,4,4,0,1
2,11,8,6,0,4,4,0,0
2,0,5,4,11,3,4,0,0
3,14,14,2,9,0,4,1,1
2,15,9,2,0,5,4,0,1
2,15,9,2,2,0,4,1,1
2,15,9,4,11,3,4,0,0
2,9,12,0,8,1,4,0,0
2,11,8,2,4,0,4,1,0
2,9,12,4,13,1,4,1,0
2,0,5,4,8,3,4,1,0
2,3,1,4,7,2,3,0,0
2,9,12,4,3,1,4,1,0
2,9,12,2,11,0,4,1,1
2,0,5,0,7,4,2,0,0
2,11,8,2,2,0,4,1,0
2,15,9,2,0,0,4,1,0
2,11,8,4,11,4,4,0,0
5,12,13,0,9,4,4,0,0
2,11,8,0,0,1,1,0,0
5,11,8,0,9,1,4,1,0
2,8,10,2,2,0,4,1,1
5,11,8,4,7,1,4,0,0
4,11,8,2,2,0,4,1,0
2,7,11,2,3,0,4,1,1
2,9,12,2,3,0,4,1,1
2,15,9,4,11,3,2,1,0
5,9,12,4,9,2,4,1,0
2,15,9,4,3,1,4,1,0
2,11,8,4,7,3,4,0,0
4,1,6,2,7,5,4,0,0
4,15,9,2,2,0,4,1,0
2,0,5,2,5,0,4,1,0
2,11,8,5,6,4,4,0,0
2,15,9,2,2,0,4,1,0
2,15,9,0,0,4,2,0,0
3,9,12,2,11,0,4,1,1
4,11,8,2,3,0,4,1,1
2,15,9,4,3,1,4,0,0
2,11,8,4,6,1,2,0,0
1,15,9,2,0,0,4,1,1
2,1,6,4,2,1,4,1,0
2,15,9,4,12,3,4,1,0
2,1,6,4,11,3,4,0,0
2,15,9,2,3,0,4,1,0
2,12,13,2,9,5,4,0,0
2,11,8,0,2,1,4,1,0
2,11,8,5,11,1,4,1,0
2,11,8,2,5,0,4,1,0
2,15,9,4,0,3,4,1,0
2,15,9,2,11,5,4,0,0
2,15,9,4,9,3,4,0,0
5,8,10,2,10,0,4,1,0
2,1,6,6,5,4,2,0,0
2,12,13,2,3,0,4,1,1
2,15,9,4,7,3,4,1,0
2,11,8,4,7,3,4,0,0
2,11,8,2,6,0,4,1,0
2,11,8,0,6,4,2,1,0
3,11,8,6,11,2,1,1,1
1,11,8,0,0,3,4,0,0
4,9,12,2,3,5,4,0,0
2,9,12,2,0,0,4,1,0
3,11,8,2,11,0,4,1,0
1,12,13,2,3,0,2,1,1
2,11,8,4,0,4,4,0,0
4,15,9,4,9,1,4,1,0
1,9,12,4,3,3,4,1,0
2,15,9,2,7,0,4,1,0
2,1,6,4,6,3,4,1,0
2,11,8,2,11,0,4,1,0
2,9,12,4,9,3,4,0,0
2,11,8,4,2,1,4,1,0
2,11,8,4,0,3,4,0,0
2,11,8,0,2,4,4,1,0
1,8,10,2,13,0,0,1,0
2,15,9,4,0,3,4,0,0
2,15,9,2,0,0,4,1,1
2,11,8,4,2,2,4,1,0
2,3,1,4,4,1,4,1,0
2,11,8,4,11,3,4,0,0
2,11,8,2,7,0,4,1,0
2,11,8,4,10,1,2,0,0
2,0,5,2,2,0,4,1,0
2,11,8,2,3,0,4,1,0
1,9,12,6,9,1,2,0,0
2,11,8,4,0,3,4,0,0
2,7,11,2,3,0,4,1,0
2,11,8,2,0,0,4,1,0
2,15,9,2,3,0,4,1,1
2,12,13,2,3,5,4,0,1
2,9,12,2,12,0,4,1,1
2,11,8,6,11,1,4,0,0
2,11,8,5,6,1,4,1,0
2,7,11,2,12,5,4,0,0
2,7,11,4,0,1,4,0,0
2,9,12,2,3,0,4,1,0
4,14,14,2,3,0,4,1,1
2,11,8,0,11,4,4,0,0
2,11,8,4,0,3,4,0,0
3,11,8,2,0,0,4,1,0
2,11,8,2,11,0,4,1,1
2,11,8,4,2,1,2,1,0
4,6,4,2,13,0,4,1,1
2,15,9,2,7,5,4,0,0
1,10,15,4,9,1,4,0,1
3,11,8,4,13,1,4,1,0
2,9,12,4,6,3,4,0,0
1,2,7,2,0,0,4,1,0
2,4,2,6,7,2,4,0,0
5,9,12,0,0,4,2,0,0
2,9,12,2,3,0,2,1,1
5,15,9,2,10,0,4,1,0
2,15,9,0,0,4,4,0,0
2,11,8,4,7,1,4,1,0
4,15,9,2,13,0,4,1,0
4,14,14,2,9,0,3,1,1
1,12,13,2,9,0,4,1,1
2,1,6,5,7,4,2,0,0
2,12,13,2,11,0,4,1,1
2,12,13,2,7,0,4,1,0
2,12,13,0,9,1,4,0,0
2,1,6,4,11,3,4,0,0
0,11,8,4,0,4,4,0,0
3,10,15,2,3,0,4,1,1
2,11,8,4,6,3,2,0,0
2,11,8,4,6,4,4,1,0
2,11,8,2,3,0,4,1,0
2,15,9,2,3,5,4,0,0
2,11,8,0,7,1,3,0,0
4,12,13,4,3,1,4,0,0
2,12,13,2,9,0,1,1,1
2,11,8,4,11,3,4,1,0
4,7,11,2,2,0,4,1,0
2,7,11,2,2,0,4,1,0
2,11,8,2,6,0,4,1,0
2,9,12,2,3,0,4,1,1
0,15,9,4,0,2,4,1,0
5,15,9,2,0,0,4,1,0
2,9,12,4,7,2,4,0,0
2,9,12,5,0,4,4,0,0
0,14,14,2,9,0,4,1,1
2,0,5,2,6,3,4,0,0
2,9,12,2,11,0,4,1,1
2,15,9,2,2,0,4,1,0
1,7,11,2,5,0,4,1,0
5,9,12,2,3,0,4,1,0
2,15,9,2,2,0,4,1,0
3,9,12,2,11,0,4,1,1
5,9,12,2,9,0,4,1,0
2,11,8,2,2,0,4,1,0
2,11,8,2,2,0,4,1,1
2,15,9,5,0,4,2,0,0
2,1,6,4,7,3,4,1,0
2,11,8,4,7,3,4,1,0
2,11,8,4,13,3,2,1,0
2,15,9,6,9,1,4,1,0
2,9,12,4,0,1,4,1,0
2,12,13,4,0,1,2,0,0
2,15,9,4,11,3,4,1,0
3,7,11,2,11,0,4,1,0
2,15,9,4,3,1,4,1,0
2,11,8,2,2,0,4,1,1
2,11,8,2,2,0,4,1,0
2,11,8,2,2,0,4,1,1
2,0,5,2,7,0,4,1,0
2,7,11,0,3,3,4,0,0
2,11,8,4,2,1,4,1,0
2,11,8,5,2,4,2,1,0
2,11,8,4,13,1,4,1,0
0,9,12,6,9,1,2,0,0
2,15,9,2,3,0,4,1,0
2,11,8,4,0,1,4,1,0
2,8,10,4,3,2,1,0,0
2,15,9,4,11,2,4,1,0
2,11,8,4,9,1,4,1,0
2,5,3,2,13,0,4,1,0
4,15,9,0,7,4,4,0,0
2,14,14,2,9,5,4,0,1
2,15,9,4,0,3,4,1,0
2,15,9,2,6,0,4,1,0
2,12,13,2,3,0,1,1,1
2,11,8,4,9,1,0,0,0
2,15,9,4,9,2,4,0,0
2,15,9,2,6,0,4,1,0
4,11,8,2,2,0,4,1,0
2,8,10,2,6,0,4,1,0
4,15,9,0,9,1,4,0,0
2,11,8,4,7,4,2,1,0
2,11,8,2,2,0,2,1,0
2,11,8,2,2,0,4,1,0
2,15,9,5,6,1,4,1,0
2,11,8,2,13,3,4,0,0
1,8,10,4,10,1,4,1,0
2,8,10,4,3,3,4,1,0
2,11,8,2,2,0,4,1,0
2,11,8,2,13,0,4,1,0
2,15,9,2,2,0,2,1,1
2,11,8,2,11,0,4,1,1
2,11,8,0,7,4,4,0,1
2,15,9,2,2,0,4,1,1
4,11,8,2,9,0,4,1,0
2,11,8,4,11,1,4,0,0
3,9,12,2,3,0,4,1,0
2,9,12,2,12,0,4,1,1
2,11,8,2,2,0,4,1,1
2,9,12,2,3,0,4,1,0
2,15,9,2,3,0,4,1,1
0,15,9,4,12,3,2,1,0
2,11,8,5,3,1,4,0,0
2,9,12,4,0,3,4,1,0
2,12,13,0,3,4,4,0,0
2,11,8,4,2,3,4,1,0
2,11,8,2,0,0,2,1,1
0,9,12,2,3,0,4,1,1
3,14,14,4,2,1,4,1,1
2,11,8,0,0,3,4,0,0
4,11,8,0,3,4,4,0,0
2,11,8,2,3,0,4,1,1
1,9,12,4,9,1,4,0,0
2,15,9,2,13,0,4,1,1
2,11,8,4,3,1,4,0,0
2,11,8,2,13,0,4,1,0
2,10,15,2,9,0,2,1,1
2,8,10,2,13,5,4,0,0
2,11,8,2,6,0,4,1,0
5,9,12,2,9,0,4,1,1
4,3,1,6,11,2,4,1,0
3,15,9,2,3,0,4,1,1
2,14,14,2,12,0,1,1,0
2,9,12,2,11,0,4,1,1
2,11,8,2,5,0,4,1,0
2,11,8,2,6,0,4,1,1
2,15,9,0,9,4,4,0,0
1,12,13,4,9,1,4,0,0
1,4,2,0,7,1,4,0,0
3,8,10,0,11,4,4,0,0
2,15,9,4,7,3,1,1,0
4,11,8,2,4,0,4,1,0
2,8,10,2,9,0,4,1,0
5,14,14,2,3,0,2,1,1
2,9,12,2,11,0,4,1,1
1,7,11,2,0,5,4,0,1
2,9,12,2,2,0,1,1,1
2,9,12,4,11,1,4,0,1
2,9,12,2,9,0,4,1,0
2,15,9,4,0,1,4,0,0
2,11,8,0,2,1,4,0,0
2,12,13,4,9,1,4,1,1
2,9,12,2,3,0,1,1,0
2,1,6,4,7,1,4,0,0
2,15,9,2,2,0,4,1,1
2,15,9,2,3,0,4,1,1
4,9,12,2,2,0,4,1,0
2,15,9,2,0,5,4,0,0
2,15,9,4,7,1,4,0,0
3,9,12,2,3,0,4,1,1
5,12,13,4,12,1,4,1,0
1,15,9,2,0,0,4,1,0
2,11,8,4,0,3,2,1,0
2,15,9,4,7,3,4,1,0
2,11,8,2,2,0,4,1,0
2,15,9,0,0,4,2,0,0
2,15,9,4,7,3,4,0,0
0,12,13,0,0,4,4,0,0
2,11,8,4,7,3,4,0,0
2,12,13,4,3,1,4,1,1
2,0,5,4,7,1,4,1,0
2,12,13,0,3,4,4,0,0
2,11,8,2,0,0,2,1,0
2,4,2,3,6,2,4,1,0
2,11,8,0,0,4,4,0,0
2,1,6,2,5,0,4,1,0
0,7,11,2,3,5,4,0,1
2,6,4,4,7,4,4,0,0
2,7,11,0,11,4,4,1,0
2,8,10,0,9,1,4,0,0
1,0,5,2,13,0,4,1,0
2,1,6,2,5,0,4,1,0
2,1,6,2,7,0,4,1,0
1,12,13,6,9,4,4,0,1
2,15,9,2,9,0,4,1,0
2,1,6,4,0,3,4,0,0
1,14,14,2,9,5,4,0,1
0,11,8,0,3,1,4,1,1
2,15,9,4,3,3,4,0,0
2,11,8,2,3,0,4,1,1
2,11,8,2,3,0,4,1,1
2,11,8,2,11,3,4,1,0
2,15,9,2,13,0,4,1,1
4,9,12,2,3,0,1,1,0
2,5,3,2,2,0,4,1,0
1,8,10,0,2,4,4,0,0
5,4,2,2,7,0,4,1,0
2,7,11,6,11,4,4,0,0
2,15,9,4,6,1,4,0,0
2,11,8,2,2,0,4,1,0
3,14,14,2,9,0,4,1,1
2,11,8,4,5,1,4,1,0
5,9,12,4,9,1,4,1,0
2,11,8,4,11,4,4,1,0
1,7,11,0,0,4,4,0,0
2,11,8,2,13,0,4,1,0
2,15,9,4,7,3,4,0,0
2,9,12,2,12,0,4,1,0
2,11,8,2,2,0,2,1,0
2,7,11,0,9,1,4,1,0
2,8,10,2,11,0,4,1,0
2,15,9,2,3,0,4,1,1
2,11,8,4,6,4,2,0,0
1,11,8,0,10,4,4,1,0
2,0,5,2,2,0,4,1,0
2,11,8,2,2,0,4,1,0
2,1,6,4,11,3,4,0,0
2,11,8,4,7,3,4,0,0
2,11,8,2,2,0,4,1,0
2,11,8,2,5,0,4,1,0
2,9,12,0,11,1,4,0,0
2,15,9,2,5,0,4,1,0
1,9,12,4,9,1,4,0,0
2,15,9,4,10,4,2,0,0
2,11,8,2,6,0,4,1,0
2,11,8,2,3,5,4,0,1
2,9,12,2,11,0,4,1,0
2,15,9,2,2,0,4,1,1
2,11,8,0,7,1,4,0,0
2,7,11,0,2,1,4,1,1
1,12,13,4,9,4,4,0,0
1,12,13,0,9,4,4,0,0
2,11,8,0,7,3,4,0,0
2,11,8,4,6,2,4,1,0
2,11,8,4,12,1,4,1,0
2,9,12,4,2,1,4,0,0
2,6,4,4,7,3,4,1,0
2,9,12,2,0,5,4,0,0
2,8,10,2,7,2,4,0,0
2,11,8,2,2,0,4,1,1
1,9,12,2,0,0,4,1,1
2,9,12,4,4,1,4,1,0
2,15,9,2,9,0,4,1,0
2,15,9,4,9,1,4,1,0
2,9,12,2,9,0,4,1,1
1,15,9,2,10,0,4,1,1
4,9,12,3,2,1,4,1,0
2,9,12,2,0,5,4,0,0
1,11,8,2,3,5,4,0,0
2,2,7,4,7,4,2,1,0
2,0,5,4,7,3,4,0,0
2,9,12,2,9,0,1,1,0
2,9,12,4,3,4,1,1,0
2,6,4,4,8,4,4,0,0
4,15,9,4,11,3,2,1,1
2,11,8,0,3,1,4,1,0
2,11,8,4,13,4,4,1,0
4,8,10,5,2,1,4,1,0
1,9,12,4,9,1,4,0,0
2,11,8,4,6,3,1,1,0
2,11,8,4,6,3,4,1,0
2,15,9,0,0,4,2,0,0
2,15,9,2,3,0,4,1,1
2,11,8,4,7,1,4,0,0
4,9,12,6,11,4,4,0,0
4,9,12,4,11,4,4,1,0
2,15,9,4,7,1,4,1,0
2,11,8,0,11,1,4,0,1
2,11,8,4,11,3,4,0,0
2,11,8,4,2,1,4,1,1
2,6,4,0,2,1,4,1,0
5,15,9,4,9,3,4,1,0
2,7,11,4,0,1,4,1,0
2,0,5,2,2,0,4,1,0
2,11,8,3,6,1,4,0,0
5,12,13,3,3,4,4,0,1
4,15,9,2,3,0,4,1,0
2,9,12,2,2,0,4,1,1
4,6,4,2,11,0,4,1,1
2,11,8,4,5,1,4,1,0
2,11,8,4,3,1,4,1,0
2,15,9,4,0,3,4,0,0
0,15,9,2,0,0,2,1,0
2,7,11,5,0,4,2,0,0
2,15,9,4,5,3,4,1,0
2,15,9,2,2,5,4,0,1
2,1,6,4,11,3,4,1,0
2,11,8,2,2,0,4,1,1
4,7,11,4,4,2,4,1,1
5,11,8,2,10,0,4,1,0
0,8,10,4,12,3,2,1,0
2,9,12,2,12,0,4,1,1
0,8,10,2,2,0,4,1,1
2,11,8,2,7,5,4,0,0
2,15,9,0,5,3,4,1,0
2,9,12,2,3,0,4,1,0
5,9,12,2,10,0,4,1,1
4,14,14,6,9,1,4,1,1
2,9,12,4,3,1,4,1,1
2,11,8,2,10,0,4,1,0
2,11,8,2,2,0,4,1,0
4,11,8,2,11,0,4,1,0
5,15,9,2,0,0,4,1,0
2,11,8,4,0,2,4,1,0
2,11,8,2,6,0,4,1,1
2,11,8,2,11,0,4,1,1
2,6,4,2,11,0,4,1,0
5,15,9,4,7,3,4,1,0
3,15,9,4,11,1,4,1,0
1,11,8,0,0,4,4,0,0
2,9,12,4,3,3,4,0,0
2,9,12,4,9,1,4,1,0
2,15,9,4,7,3,4,1,0
4,15,9,2,7,5,4,0,0
2,9,12,4,12,1,4,1,0
2,7,11,4,13,3,4,1,0
3,15,9,2,3,0,4,1,1
2,11,8,4,6,1,4,0,0
3,11,8,2,11,0,4,1,1
0,15,9,2,3,5,1,0,1
2,2,7,4,11,4,2,0,0
2,15,9,2,10,0,4,1,0
2,9,12,4,11,1,4,0,0
2,12,13,2,9,0,4,1,1
2,1,6,4,11,3,4,0,0
2,0,5,4,7,4,2,0,0
2,1,6,4,0,2,4,0,0
2,11,8,4,3,3,4,0,0
4,9,12,0,3,1,3,1,0
2,15,9,4,11,3,4,0,0
2,15,9,0,7,3,2,1,0
2,11,8,2,11,0,4,1,1
1,12,13,2,9,0,4,1,1
2,9,12,2,9,0,4,1,1
3,9,12,2,2,0,2,1,0
2,8,10,4,12,4,4,0,0
2,15,9,5,0,2,4,1,0
2,12,13,2,9,0,4,1,1
2,5,3,2,2,0,4,1,0
2,12,13,2,3,0,4,1,1
2,15,9,2,13,0,4,1,1
2,11,8,6,7,2,4,0,0
2,11,8,0,3,1,4,0,1
5,12,13,4,3,1,4,0,0
3,1,6,4,3,2,4,1,1
2,9,12,2,9,0,4,1,0
2,15,9,4,0,3,4,1,0
1,11,8,2,2,0,4,1,0
2,7,11,4,5,1,4,1,0
2,9,12,2,11,0,4,1,0
2,15,9,0,12,1,4,1,0
2,11,8,2,3,0,0,1,0
2,15,9,4,0,1,3,1,0
1,15,9,0,7,4,4,0,0
2,10,15,4,6,1,4,0,1
1,15,9,2,10,0,4,1,1
2,15,9,0,0,1,4,0,0
2,9,12,2,12,0,4,1,0
2,15,9,0,0,4,4,0,0
2,9,12,2,3,0,4,1,0
4,12,13,6,11,1,4,1,0
2,11,8,2,2,0,4,1,0
2,15,9,0,0,4,4,0,0
4,15,9,2,11,0,4,1,0
2,2,7,4,0,3,4,1,0
0,9,12,2,0,5,1,0,0
4,15,9,3,2,3,4,1,1
2,8,10,2,2,0,2,1,0
2,5,3,2,2,0,4,1,0
5,11,8,5,0,3,4,0,0
5,15,9,0,0,2,4,0,0
5,9,12,4,0,1,4,1,0
4,9,12,2,3,0,4,1,0
2,11,8,0,5,1,4,1,0
2,1,6,2,5,0,2,1,0
2,9,12,2,9,5,2,0,0
2,6,4,3,7,1,2,0,0
4,11,8,2,3,0,4,1,1
2,12,13,4,9,1,4,0,1
2,9,12,2,3,0,4,1,1
5,9,12,2,9,0,1,1,1
2,7,11,4,11,1,2,1,0
2,8,10,2,2,0,1,1,1
2,5,3,2,13,0,0,1,0
4,11,8,4,4,3,4,1,0
2,11,8,4,6,4,4,1,0
2,1,6,2,11,0,4,1,0
4,12,13,0,3,4,4,0,1
2,10,15,2,9,0,4,1,1
2,11,8,5,7,4,2,0,0
0,6,4,2,4,0,2,1,0
2,1,6,2,13,0,4,1,0
1,9,12,2,12,0,4,1,1
2,11,8,4,2,3,4,1,0
2,11,8,0,3,1,4,1,0
2,11,8,2,2,0,4,1,0
1,7,11,4,10,1,4,1,0
2,15,9,4,11,3,2,1,0
2,9,12,0,3,3,4,1,0
0,15,9,2,0,3,4,1,0
5,15,9,2,7,0,2,1,0
2,1,6,4,6,4,4,1,0
2,15,9,2,11,0,4,1,1
4,7,11,2,9,0,4,1,0
4,9,12,2,9,0,4,1,0
2,9,12,2,12,0,4,1,0
2,11,8,5,0,4,4,0,0
2,11,8,4,5,1,4,1,0
0,9,12,2,9,0,2,1,1
2,11,8,2,6,0,4,1,0
2,12,13,0,3,4,4,0,0
5,8,10,2,2,0,4,1,0
2,8,10,4,9,1,4,1,0
2,15,9,2,3,5,3,0,0
2,11,8,4,7,3,4,0,0
2,14,14,2,9,5,4,0,1
0,9,12,0,3,1,4,1,1
3,11,8,0,3,1,4,1,0
2,15,9,2,12,0,4,1,1
2,4,2,2,6,0,4,1,0
2,8,10,2,7,0,4,1,0
2,11,8,2,6,0,4,1,0
2,9,12,2,11,0,4,1,0
2,11,8,2,13,0,4,1,0
2,10,15,2,9,0,4,1,1
2,15,9,0,12,1,4,1,0
2,11,8,2,2,0,4,1,0
2,15,9,0,0,1,4,0,0
3,15,9,2,3,0,4,1,1
2,9,12,5,11,3,2,0,0
4,9,12,2,11,0,4,1,1
2,15,9,4,6,1,4,1,0
2,15,9,2,9,2,4,1,0
2,11,8,4,7,3,4,1,0
2,7,11,2,0,0,4,1,0
2,1,6,4,7,3,4,0,0
2,11,8,4,11,1,4,1,0
2,9,12,2,7,0,4,1,0
2,11,8,2,7,5,4,0,0
2,11,8,2,11,0,4,1,0
2,11,8,0,2,1,4,0,1
2,11,8,0,11,3,4,0,0
1,11,8,2,10,0,4,1,1
2,12,13,2,9,0,4,1,0
2,6,4,4,11,1,4,1,0
2,15,9,0,2,4,4,0,0
2,15,9,0,6,4,2,0,0
2,11,8,2,11,5,1,0,0
1,9,12,2,10,0,4,1,1
1,15,9,4,5,1,4,1,0
4,10,15,2,9,0,4,1,1
2,15,9,2,11,0,4,1,1
2,7,11,0,3,4,4,0,0
2,12,13,2,3,0,4,1,1
2,9,12,2,3,0,4,1,1
4,12,13,4,9,1,4,0,0
2,15,9,4,12,3,4,0,0
3,11,8,2,2,0,4,1,1
2,1,6,4,5,3,4,1,0
1,11,8,4,0,1,4,0,0
2,11,8,2,5,0,4,1,0
2,14,14,2,9,0,4,1,1
4,11,8,2,7,0,4,1,1
2,15,9,2,11,5,4,0,0
2,11,8,4,6,3,4,0,0
2,6,4,2,5,0,4,1,0
3,15,9,2,11,0,4,1,0
2,15,9,2,11,0,4,1,0
2,15,9,4,7,3,4,0,0
2,9,12,2,3,0,4,1,0
2,9,12,4,3,3,2,1,0
5,9,12,2,9,0,4,1,1
2,15,9,4,7,3,2,1,0
2,9,12,2,3,5,4,0,1
2,7,11,2,0,0,4,1,1
2,7,11,4,11,1,4,0,0
2,11,8,4,7,1,4,0,0
4,11,8,2,2,0,4,1,0
2,7,11,0,12,1,2,0,0
0,12,13,2,9,0,4,1,1
4,11,8,2,2,0,4,1,0
2,15,9,2,2,0,1,1,1
3,11,8,2,2,0,4,1,0
2,15,9,4,11,3,4,0,0
2,15,9,4,7,3,4,1,0
2,8,10,4,9,1,4,0,1
2,15,9,4,12,2,4,1,0
2,15,9,2,7,0,4,1,0
2,1,6,2,2,0,4,1,0
2,9,12,4,3,2,1,0,0
2,11,8,4,2,3,4,1,0
2,11,8,2,2,0,4,1,0
2,9,12,4,5,1,4,1,0
4,15,9,5,11,4,2,1,0
2,11,8,0,2,1,4,1,0
2,9,12,5,7,2,2,1,0
2,11,8,4,7,4,4,0,0
3,12,13,0,3,4,1,0,0
2,11,8,4,3,1,1,0,0
4,12,13,2,11,0,4,1,1
2,15,9,0,7,4,4,0,0
0,7,11,4,3,1,4,1,0
5,12,13,6,10,4,4,1,0
2,1,6,4,5,3,4,1,0
2,11,8,4,7,1,4,1,0
5,11,8,2,10,0,4,1,0
2,15,9,2,11,0,4,1,1
2,9,12,4,2,1,4,1,0
2,11,8,3,11,4,4,0,0
2,11,8,4,7,3,4,1,0
2,9,12,2,9,0,4,1,0
1,15,9,2,3,0,2,1,1
2,15,9,0,0,1,4,0,0
2,5,3,2,6,0,4,1,1
0,15,9,2,0,0,4,1,1
2,11,8,2,0,0,2,1,0
4,9,12,0,3,1,4,0,0
2,12,13,2,9,5,4,0,0
5,10,15,2,9,0,4,1,1
2,15,9,0,6,1,2,0,0
2,15,9,2,6,0,4,1,0
1,9,12,2,2,0,2,1,0
0,9,12,2,12,0,4,1,0
2,15,9,0,2,1,4,1,0
2,12,13,2,9,2,4,1,1
4,11,8,4,11,1,4,1,0
2,9,12,2,3,0,4,1,1
1,15,9,4,9,1,4,0,0
2,1,6,4,11,3,4,0,0
2,9,12,2,7,0,2,1,1
3,11,8,2,11,5,4,0,1
2,1,6,4,11,3,4,0,0
1,11,8,2,13,0,2,1,0
2,11,8,2,2,0,4,1,1
2,15,9,4,11,1,0,0,0
2,11,8,2,2,0,1,1,0
3,5,3,2,6,0,4,1,1
2,9,12,4,3,1,2,1,1
2,7,11,0,11,1,4,0,0
2,9,12,2,11,0,4,1,0
2,9,12,2,9,0,4,1,0
2,0,5,4,2,1,4,1,0
2,15,9,2,5,0,4,1,0
2,11,8,4,7,1,2,1,0
2,11,8,2,0,0,2,1,0
1,13,0,4,6,1,4,0,0
2,11,8,4,11,3,4,0,0
4,11,8,2,4,0,4,1,0
2,8,10,6,0,1,4,0,0
2,11,8,0,0,1,4,0,0
2,1,6,5,13,1,2,1,0
2,11,8,0,11,4,2,0,0
2,15,9,4,0,1,4,1,0
2,15,9,0,2,2,3,0,0
2,14,14,4,9,1,4,1,1
5,11,8,2,7,0,4,1,0
5,15,9,4,0,1,4,0,0
2,9,12,2,3,0,4,1,1
1,12,13,2,3,0,4,1,1
2,11,8,4,13,3,4,1,0
2,9,12,2,9,0,4,1,1
4,11,8,2,7,5,4,0,0
5,7,11,2,10,0,4,1,0
2,15,9,0,2,1,4,1,0
2,11,8,2,0,0,4,1,0
2,11,8,2,0,0,4,1,1
2,11,8,4,7,1,4,0,0
2,7,11,2,12,0,4,1,1
2,11,8,2,0,0,4,1,0
2,14,14,2,9,5,4,0,1
2,9,12,2,0,5,2,0,0
1,0,5,6,7,4,2,0,0
2,15,9,4,13,1,4,1,0
4,11,8,2,4,0,1,1,1
2,11,8,4,7,3,4,0,0
2,11,8,5,7,1,4,0,0
2,8,10,6,3,1,4,0,0
2,11,8,2,11,0,4,1,0
2,15,9,2,11,0,4,1,0
2,1,6,2,2,0,4,1,0
3,15,9,2,3,0,1,1,1
2,11,8,2,3,0,4,1,1
2,11,8,2,2,5,4,0,1
2,11,8,2,3,0,4,1,1
2,6,4,4,7,3,4,1,0
4,12,13,2,4,0,4,1,0
2,11,8,0,9,3,4,0,0
2,11,8,2,5,0,2,1,0
2,15,9,2,2,0,4,1,1
2,15,9,4,3,1,4,0,0
2,15,9,4,12,3,4,0,0
1,15,9,2,2,0,4,1,1
2,7,11,0,11,4,2,0,0
2,9,12,0,9,1,4,0,0
0,12,13,2,11,0,4,1,1
2,14,14,2,9,0,4,1,1
2,15,9,0,7,1,4,1,0
2,9,12,4,3,1,4,0,0
2,5,3,2,2,0,4,1,0
2,9,12,2,9,0,4,1,0
2,11,8,0,9,1,4,0,0
1,9,12,4,10,1,4,1,0
2,15,9,4,11,3,4,1,0
2,11,8,2,13,0,4,1,0
3,9,12,0,11,1,4,0,0
2,11,8,4,2,3,4,1,0
2,11,8,0,11,1,4,1,0
2,9,12,2,0,0,4,1,1
2,15,9,4,7,1,1,0,0
2,11,8,2,13,0,4,1,1
2,11,8,2,11,0,4,1,1
2,15,9,2,0,5,1,0,0
2,11,8,0,0,1,4,0,0
2,7,11,4,12,1,4,1,0
2,7,11,4,9,1,4,0,0
2,7,11,2,0,0,4,1,1
3,15,9,2,4,0,4,1,1
2,9,12,4,11,1,4,1,0
2,12,13,2,3,0,1,1,1
4,9,12,0,9,1,2,0,1
2,15,9,4,11,3,4,1,0
2,15,9,4,6,1,4,1,0
4,15,9,2,11,0,4,1,0
2,4,2,2,6,2,4,0,0
2,15,9,4,12,1,4,0,0
2,11,8,6,7,1,4,0,0
4,11,8,2,3,0,4,1,0
2,11,8,0,13,1,4,1,0
4,11,8,2,4,0,4,1,0
2,15,9,2,9,5,4,0,1
4,11,8,2,5,0,4,1,0
2,11,8,4,13,1,4,1,0
2,15,9,4,2,1,2,1,0
2,8,10,4,7,1,4,1,0
1,0,5,2,0,0,4,1,0
2,11,8,2,13,0,4,1,0
2,11,8,4,2,2,4,1,0
2,12,13,4,9,1,4,1,0
2,11,8,4,11,4,2,1,0
2,8,10,2,2,0,4,1,1
5,11,8,2,10,0,4,1,1
2,11,8,4,4,1,4,1,0
5,15,9,4,10,3,2,0,0
4,9,12,4,11,1,4,1,0
2,7,11,3,7,1,4,1,0
2,9,12,2,3,0,4,1,1
2,9,12,2,3,0,4,1,1
1,1,6,2,13,0,4,1,0
0,11,8,2,0,0,4,1,1
2,1,6,6,7,4,3,1,0
2,11,8,2,0,5,4,0,0
2,0,5,2,7,5,4,0,0
2,12,13,2,9,0,4,1,1
2,9,12,2,13,0,4,1,0
2,9,12,0,3,1,4,1,1
2,11,8,2,2,0,4,1,0
4,15,9,2,11,0,4,1,0
2,7,11,4,11,1,4,0,0
2,9,12,0,3,1,4,0,1
2,11,8,0,11,4,4,0,0
0,15,9,4,0,4,4,0,0
2,1,6,4,7,3,4,1,0
5,8,10,2,6,0,4,1,1
2,11,8,2,6,0,2,1,0
2,11,8,4,2,1,2,1,0
1,15,9,4,0,3,4,0,0
2,11,8,2,2,5,4,0,0
2,15,9,4,11,1,4,1,0
4,12,13,0,3,1,4,1,0
2,11,8,2,11,0,4,1,0
2,11,8,0,13,1,4,1,0
2,4,2,0,2,1,4,0,0
2,15,9,2,2,0,4,1,0
1,15,9,2,13,5,4,0,0
2,11,8,4,7,1,4,0,0
2,15,9,4,0,3,4,0,0
2,11,8,4,7,2,4,0,0
2,11,8,2,7,5,4,0,1
2,9,12,4,2,1,4,1,0
5,9,12,2,3,0,4,1,1
2,11,8,4,7,1,4,0,0
2,15,9,2,12,0,4,1,0
2,15,9,0,5,4,4,0,0
2,9,12,2,3,0,4,1,1
2,15,9,4,5,3,4,1,0
2,15,9,4,7,1,4,0,0
5,9,12,2,10,0,4,1,1
2,8,10,0,12,1,4,0,0
2,5,3,2,5,0,3,1,0
2,11,8,2,0,0,4,1,0
4,11,8,2,2,0,4,1,0
2,15,9,2,3,0,4,1,0
1,15,9,0,7,1,2,0,0
2,11,8,4,5,4,2,0,0
2,15,9,0,3,4,4,0,0
2,10,15,2,3,0,4,1,1
5,15,9,2,6,0,4,1,0
2,3,1,2,6,0,4,1,0
2,1,6,4,7,3,4,0,0
1,1,6,5,6,1,2,1,0
5,11,8,0,13,4,4,0,0
2,15,9,2,11,0,4,1,0
5,9,12,2,3,5,4,0,1
2,11,8,0,4,1,4,1,0
2,0,5,4,2,4,4,0,0
2,11,8,2,13,0,4,1,0
0,12,13,4,9,1,4,1,0
2,11,8,4,5,1,4,1,0
1,12,13,2,9,0,4,1,0
4,9,12,3,9,1,4,0,0
2,7,11,2,7,5,4,0,1
2,15,9,4,2,3,1,1,0
2,12,13,2,9,0,4,1,1
1,11,8,4,4,1,2,1,0
2,9,12,4,9,1,4,1,0
2,11,8,0,0,1,4,0,0
0,11,8,4,1,3,4,1,0
2,15,9,2,9,0,4,1,1
2,6,4,4,2,2,4,1,0
2,15,9,4,11,1,4,1,0
2,11,8,6,3,4,2,0,0
2,11,8,2,2,0,0,1,0
2,11,8,2,6,0,4,1,0
2,11,8,4,6,3,2,0,0
3,15,9,2,2,0,4,1,1
2,11,8,2,2,0,4,1,1
2,7,11,2,3,0,2,1,1
4,11,8,2,11,5,4,0,1
2,8,10,2,6,0,1,1,1
2,11,8,2,3,5,4,0,0
2,15,9,2,13,0,2,1,0
2,11,8,2,13,0,4,1,0
2,7,11,4,4,3,4,1,0
2,9,12,2,9,0,4,1,0
2,3,1,3,2,4,4,1,0
2,9,12,4,12,1,4,0,0
2,11,8,2,0,5,4,0,0
2,11,8,0,13,4,4,1,0
2,15,9,2,13,0,4,1,0
2,12,13,2,3,0,4,1,1
2,9,12,2,12,5,4,0,1
2,15,9,4,9,4,4,1,1
2,11,8,4,2,1,4,1,0
2,11,8,4,13,1,4,1,0
2,8,10,0,7,1,4,0,0
2,9,12,4,2,1,4,0,0
2,6,4,4,7,1,4,1,0
2,15,9,4,5,3,4,1,0
2,0,5,4,7,1,4,1,0
2,11,8,4,7,4,4,0,0
2,7,11,2,2,0,4,1,0
4,15,9,2,2,0,4,1,0
5,9,12,4,9,1,4,1,0
2,11,8,3,2,4,4,0,0
1,11,8,2,13,0,4,1,0
1,9,12,0,9,4,4,0,0
2,11,8,4,7,1,4,0,0
0,11,8,0,0,1,4,1,0
2,7,11,4,3,1,4,0,0
1,11,8,4,4,1,4,1,0
1,11,8,2,13,0,4,1,0
2,15,9,2,0,0,4,1,0
2,15,9,0,7,4,4,0,0
2,15,9,4,10,3,4,1,0
2,15,9,2,3,0,4,1,0
1,11,8,5,0,4,2,0,0
2,11,8,0,7,4,4,0,0
2,8,10,3,5,4,4,1,0
2,8,10,4,2,1,4,1,0
2,15,9,2,9,0,4,1,1
2,11,8,0,2,1,4,1,0
2,15,9,4,0,1,0,0,0
3,9,12,2,3,0,4,1,1
2,11,8,2,3,0,4,1,1
1,15,9,0,5,1,2,1,0
1,15,9,2,12,0,4,1,1
2,15,9,0,6,4,4,1,1
2,9,12,2,3,0,4,1,1
2,15,9,0,0,1,4,0,0
4,11,8,2,2,0,4,1,0
4,12,13,2,9,0,4,1,0
2,1,6,0,6,4,3,0,0
2,11,8,2,7,0,2,1,0
2,7,11,2,3,5,4,0,1
2,14,14,2,9,0,4,1,1
2,3,1,6,8,1,2,0,0
2,8,10,5,2,1,4,1,0
3,9,12,4,4,1,4,0,0
2,15,9,2,13,0,4,1,0
2,10,15,4,9,3,4,1,0
2,15,9,4,5,4,4,0,0
2,11,8,4,13,1,4,1,0
2,15,9,2,11,0,4,1,0
2,0,5,2,7,5,4,0,0
1,15,9,2,10,0,4,1,0
2,11,8,4,5,3,4,1,0
2,15,9,4,2,4,4,1,0
4,11,8,5,7,4,4,0,0
2,1,6,6,0,4,4,0,0
2,11,8,2,6,5,2,0,0
0,8,10,0,2,4,2,0,1
2,1,6,4,6,1,4,0,0
2,11,8,2,6,0,4,1,0
2,11,8,5,0,4,4,0,0
2,9,12,4,13,1,4,1,0
2,9,12,2,11,0,4,1,1
2,15,9,2,9,0,4,1,1
2,11,8,4,5,4,2,0,0
4,9,12,2,9,0,4,1,1
2,11,8,4,5,3,0,1,0
3,12,13,2,3,0,4,1,0
2,5,3,5,7,4,4,0,0
4,11,8,5,2,1,4,1,0
2,12,13,0,3,4,4,1,0
2,11,8,4,2,3,4,1,0
2,1,6,4,11,3,4,1,0
2,8,10,2,2,0,4,1,1
2,10,15,4,9,1,4,0,0
2,9,12,2,3,5,4,1,1
4,7,11,0,11,4,4,0,0
1,9,12,4,9,1,4,0,0
4,15,9,2,2,0,4,1,0
2,11,8,2,11,0,4,1,1
2,11,8,2,2,0,4,1,0
2,11,8,2,6,0,4,1,0
2,15,9,4,11,3,4,0,0
2,1,6,4,7,3,4,1,0
2,0,5,2,2,0,4,1,1
3,9,12,0,9,1,4,1,0
2,5,3,4,13,1,4,1,1
2,9,12,2,9,0,4,1,1
2,11,8,4,11,3,4,1,0
4,14,14,2,9,0,4,1,1
2,15,9,4,12,1,4,1,0
2,9,12,4,9,1,4,0,0
2,9,12,4,12,1,4,1,0
2,15,9,4,0,3,4,1,0
1,6,4,2,7,0,4,1,0
4,7,11,4,4,1,4,1,0
2,12,13,2,2,0,4,1,1
2,11,8,4,2,1,0,1,0
1,11,8,5,3,1,2,1,0
2,0,5,4,7,3,4,0,0
2,12,13,0,9,1,4,0,0
2,11,8,4,2,1,4,1,0
2,11,8,2,5,0,4,1,0
2,9,12,4,7,3,4,0,0
2,11,8,4,5,3,4,1,0
2,11,8,2,13,0,2,1,0
4,11,8,2,3,0,4,1,0
2,14,14,2,9,0,4,1,1
2,9,12,4,11,3,4,0,0
2,6,4,6,8,4,2,0,0
2,8,10,2,13,0,4,1,0
2,6,4,3,5,4,4,1,0
2,11,8,2,11,0,4,1,1
2,15,9,2,3,0,4,1,1
2,9,12,2,11,0,4,1,1
4,15,9,4,7,4,2,0,0
1,0,5,5,7,4,2,0,0
2,9,12,2,0,5,2,0,1
4,11,8,2,2,0,4,1,0
2,11,8,4,7,3,4,0,0
2,9,12,4,5,1,4,1,0
2,9,12,2,3,0,4,1,1
3,4,2,2,13,0,4,1,0
4,10,15,2,9,0,4,1,1
2,11,8,0,2,1,4,1,0
2,11,8,2,2,0,4,1,0
2,15,9,4,5,3,4,1,0
2,15,9,2,11,0,4,1,1
3,10,15,5,9,1,4,1,1
1,11,8,0,0,4,4,0,0
2,11,8,2,2,0,4,1,0
5,9,12,2,12,0,4,1,1
2,15,9,4,7,3,4,1,0
2,11,8,4,3,2,4,1,0
2,10,15,2,9,0,1,1,1
5,15,9,5,3,1,4,0,0
2,11,8,4,6,3,4,0,0
5,15,9,4,0,4,1,0,0
2,11,8,2,6,0,4,1,1
4,2,7,2,5,0,2,1,1
2,12,13,4,11,1,4,1,0
2,15,9,4,9,1,4,1,0
2,15,9,4,11,1,4,0,0
2,7,11,0,9,4,4,0,1
5,15,9,2,13,0,4,1,0
2,11,8,2,2,0,2,1,1
2,6,4,4,6,1,4,1,0
4,1,6,4,4,3,4,1,0
2,9,12,2,3,0,4,1,1
3,11,8,2,11,0,4,1,1
2,11,8,4,11,3,4,0,0
2,11,8,4,2,1,4,1,0
1,11,8,4,10,3,4,1,0
4,11,8,2,2,0,4,1,1
5,1,6,4,0,3,4,0,0
2,11,8,0,3,1,4,0,0
1,9,12,2,9,5,4,0,0
2,11,8,4,7,2,4,1,0
2,15,9,4,6,3,2,0,0
2,15,9,2,9,0,4,1,0
2,15,9,4,9,3,4,1,0
5,9,12,4,12,1,4,0,0
2,12,13,4,9,1,4,1,1
2,12,13,2,12,0,4,1,1
1,9,12,4,9,1,4,1,0
2,9,12,6,11,4,4,0,0
2,15,9,4,5,3,4,1,0
4,15,9,2,2,0,4,1,0
2,10,15,0,9,4,4,0,1
2,9,12,0,3,3,4,0,1
2,2,7,2,7,0,2,1,0
2,15,9,4,11,1,2,1,0
2,1,6,4,7,2,4,1,0
2,9,12,2,9,0,4,1,0
2,15,9,0,0,4,2,0,0
2,8,10,2,12,0,4,1,0
5,11,8,4,12,3,4,0,0
2,11,8,4,7,1,4,1,0
2,11,8,2,2,0,4,1,0
2,9,12,4,9,1,4,1,0
1,11,8,2,3,0,4,1,1
2,9,12,2,3,0,4,1,1
2,9,12,4,9,1,4,1,1
2,15,9,4,7,1,4,0,0
4,1,6,2,3,0,4,1,1
2,15,9,0,0,1,1,0,0
2,8,10,2,0,0,4,1,0
2,15,9,4,11,1,2,0,0
5,9,12,2,9,0,4,1,0
2,11,8,6,7,4,2,0,0
2,9,12,2,12,0,4,1,1
2,15,9,4,7,2,4,0,0
4,11,8,2,13,0,4,1,0
2,12,13,4,3,1,4,0,1
2,8,10,4,12,3,4,1,0
2,11,8,2,13,0,4,1,1
2,15,9,4,0,3,2,0,0
2,1,6,4,2,3,2,1,0
5,9,12,2,9,0,4,1,0
5,9,12,2,3,0,4,1,1
2,9,12,4,9,4,4,1,0
4,0,5,2,2,0,4,1,0
2,11,8,4,13,4,4,1,0
2,11,8,4,5,1,4,1,0
2,11,8,2,13,0,4,1,1
1,9,12,4,9,1,4,0,0
0,11,8,2,0,5,4,0,1
2,11,8,4,4,1,2,1,0
2,11,8,4,7,1,4,0,0
1,11,8,2,0,5,4,0,1
1,11,8,0,10,4,4,1,0
2,9,12,4,11,1,4,1,1
2,0,5,5,7,4,4,0,0
5,15,9,3,7,2,4,1,0
4,9,12,0,11,1,4,0,0
2,15,9,4,4,1,4,0,0
2,8,10,2,12,5,4,0,1
2,11,8,4,11,1,4,1,0
1,8,10,0,12,1,4,1,0
2,15,9,0,0,4,4,0,0
2,12,13,2,9,0,4,1,0
2,9,12,2,11,0,4,1,1
2,15,9,4,12,1,4,1,0
5,15,9,2,2,0,4,1,0
2,8,10,4,6,1,4,0,0
2,8,10,2,3,0,4,1,1
4,15,9,2,3,0,4,1,0
2,9,12,4,11,1,3,0,1
2,15,9,0,0,1,2,0,0
4,11,8,2,4,0,4,1,0
2,2,7,4,6,3,4,1,0
2,8,10,2,12,0,4,1,1
3,9,12,2,12,0,4,1,0
2,11,8,4,11,1,4,0,0
2,11,8,2,13,0,4,1,1
2,15,9,4,7,2,2,1,0
2,11,8,2,6,0,4,1,0
2,11,8,4,6,1,2,1,0
2,12,13,4,12,1,4,1,1
2,9,12,2,3,0,4,1,1
2,7,11,0,2,1,4,1,0
2,11,8,4,7,3,2,1,0
4,1,6,4,4,4,4,1,0
2,11,8,0,0,4,4,0,0
2,1,6,4,11,3,4,0,0
2,11,8,2,2,0,4,1,1
2,11,8,4,13,3,4,1,0
2,15,9,0,3,1,4,1,0
2,15,9,4,0,3,4,1,0
2,0,5,4,4,3,4,1,0
4,11,8,2,7,5,4,0,0
2,15,9,2,2,0,4,1,1
2,11,8,2,13,0,4,1,0
2,11,8,2,13,0,4,1,1
2,12,13,4,9,1,4,0,0
2,8,10,4,12,3,4,1,0
2,11,8,6,0,1,4,0,0
2,11,8,2,3,0,4,1,0
2,11,8,6,13,4,4,1,1
2,11,8,6,7,1,4,0,0
2,11,8,5,6,4,4,0,0
2,15,9,4,0,1,4,1,0
4,11,8,2,3,0,4,1,0
2,11,8,2,6,0,4,1,0
2,11,8,0,0,1,4,1,0
2,9,12,4,3,1,4,1,0
2,11,8,6,4,1,4,1,0
2,1,6,4,11,3,4,1,0
2,15,9,2,2,0,4,1,0
2,15,9,2,9,0,4,1,1
2,15,9,0,9,1,4,1,0
2,9,12,2,3,0,4,1,1
2,9,12,2,2,0,4,1,0
2,11,8,4,2,3,4,1,0
2,12,13,6,9,1,4,0,1
2,9,12,4,9,1,4,0,0
5,10,15,0,9,3,4,1,1
2,11,8,4,13,3,4,1,0
2,11,8,2,7,0,4,1,1
2,9,12,4,9,3,4,0,0
2,9,12,4,3,1,4,0,1
2,1,6,4,0,3,4,0,0
2,1,6,2,3,0,4,1,0
3,15,9,2,3,0,4,1,0
2,11,8,2,6,0,4,1,0
2,15,9,4,11,1,4,0,0
2,0,5,4,5,1,4,1,0
2,1,6,4,11,3,4,1,0
2,15,9,2,4,0,4,1,1
4,9,12,5,9,3,4,1,0
2,9,12,2,3,0,4,1,1
2,15,9,4,13,3,4,1,0
4,12,13,2,11,0,4,1,1
2,4,2,0,7,4,2,1,0
2,9,12,2,3,0,4,1,1
2,11,8,4,5,4,2,0,0
2,8,10,0,0,4,4,0,0
2,11,8,2,13,0,4,1,1
2,6,4,0,6,1,4,0,0
2,9,12,2,0,2,4,1,1
2,11,8,2,2,0,4,1,0
2,15,9,2,2,5,4,0,0
2,9,12,4,3,3,4,1,0
3,15,9,2,2,0,4,1,0
4,11,8,2,11,0,2,1,0
2,8,10,0,12,1,4,0,0
4,9,12,4,3,1,4,1,0
2,9,12,2,9,0,4,1,1
2,12,13,2,9,0,4,1,0
2,15,9,0,11,3,4,1,0
2,9,12,4,3,3,4,0,0
2,9,12,2,3,0,4,1,1
1,5,3,2,7,0,4,1,0
4,6,4,2,2,0,4,1,0
2,11,8,4,5,3,4,0,0
2,11,8,0,6,1,4,0,0
2,15,9,0,6,1,4,1,0
2,9,12,4,9,3,2,1,0
4,11,8,0,5,3,4,1,0
2,15,9,2,12,0,4,1,0
2,11,8,4,11,1,4,1,0
2,15,9,0,2,1,4,1,0
2,11,8,4,11,3,2,1,0
2,9,12,2,3,0,4,1,1
3,11,8,2,3,0,1,1,1
2,15,9,4,7,3,4,1,0
2,15,9,4,11,1,4,1,0
2,15,9,4,13,4,4,1,0
2,4,2,2,6,5,4,0,0
2,11,8,2,6,0,4,1,0
2,11,8,2,6,0,4,1,0
2,12,13,2,3,0,4,1,1
2,15,9,4,11,1,4,0,0
2,3,1,3,8,1,4,0,0
2,11,8,0,6,1,4,1,0
1,13,0,2,7,0,4,1,0
2,11,8,2,0,5,4,0,0
2,1,6,2,6,0,4,1,1
2,11,8,2,2,0,4,1,1
2,12,13,4,9,1,4,0,0
2,14,14,2,9,0,4,1,1
2,9,12,4,11,1,4,1,1
2,11,8,2,6,0,2,1,0
3,11,8,2,3,0,4,1,1
2,11,8,4,7,1,4,0,0
2,11,8,2,6,0,4,1,0
2,15,9,0,0,4,4,0,0
3,9,12,2,3,5,4,0,1
4,15,9,0,4,4,4,1,0
5,11,8,2,9,5,4,0,1
2,5,3,6,7,4,2,0,0
2,11,8,4,7,3,4,0,0
2,15,9,2,3,0,4,1,0
2,0,5,2,2,0,4,1,0
3,15,9,2,11,0,4,1,1
4,9,12,2,3,0,4,1,1
2,7,11,2,3,0,4,1,1
2,15,9,2,9,0,4,1,0
2,11,8,0,6,1,4,0,0
2,9,12,2,2,0,4,1,0
2,0,5,0,3,4,4,0,0
2,11,8,2,13,0,4,1,0
2,11,8,4,7,3,4,0,0
4,11,8,2,2,0,4,1,0
2,9,12,2,3,0,1,1,1
2,11,8,2,2,0,4,1,1
2,11,8,2,2,0,4,1,0
2,11,8,4,13,4,4,1,0
2,15,9,4,3,1,4,0,0
5,12,13,2,9,0,4,1,1
2,11,8,6,7,1,2,0,0
2,11,8,0,5,3,4,1,0
2,11,8,4,0,1,4,0,0
2,7,11,4,0,1,4,0,0
1,11,8,6,10,1,4,1,1
2,8,10,0,7,1,4,0,0
2,11,8,4,2,3,2,0,0
2,11,8,0,0,4,4,0,0
2,11,8,0,2,4,4,1,0
2,15,9,6,9,1,4,0,0
2,9,12,4,11,1,4,1,0
2,11,8,4,3,1,4,1,0
2,11,8,2,3,0,4,1,1
2,12,13,0,9,1,4,1,0
0,9,12,0,3,4,4,1,1
2,15,9,2,6,0,4,1,0
3,9,12,2,3,0,4,1,1
2,15,9,4,7,3,4,1,0
2,10,15,2,9,0,4,1,1
5,11,8,2,9,5,4,0,1
1,9,12,4,9,3,4,0,0
2,11,8,4,7,3,4,1,0
2,9,12,2,0,0,4,1,0
3,11,8,2,3,0,4,1,1
4,11,8,2,2,0,4,1,1
2,15,9,2,11,0,4,1,0
2,11,8,0,6,1,4,0,0
2,8,10,4,13,3,4,1,0
2,11,8,2,6,0,4,1,1
2,15,9,2,9,0,4,1,1
2,8,10,2,12,5,4,0,1
2,11,8,6,7,4,4,0,0
2,11,8,0,2,1,4,1,0
2,15,9,4,2,1,4,1,0
1,12,13,2,9,0,4,1,1
2,11,8,5,11,1,4,0,0
2,11,8,4,6,4,2,0,0
2,11,8,2,7,0,4,1,0
2,9,12,4,9,1,2,1,0
2,11,8,2,3,0,4,1,1
2,0,5,2,0,5,4,0,0
3,12,13,3,11,1,1,1,0
2,8,10,4,0,1,4,0,0
5,7,11,4,7,3,4,1,0
2,11,8,4,7,1,2,0,0
2,11,8,4,7,1,4,1,0
2,11,8,0,8,4,2,0,0
2,11,8,4,7,1,4,0,0
2,15,9,4,6,3,2,0,0
2,9,12,2,3,0,4,1,1
2,15,9,4,12,1,4,0,0
2,15,9,4,11,1,4,0,0
2,11,8,2,6,0,4,1,0
4,9,12,2,11,0,4,1,1
2,9,12,2,0,0,4,1,1
2,9,12,2,11,0,4,1,0
4,2,7,2,13,0,4,1,0
2,8,10,0,2,1,4,0,0
1,12,13,2,9,0,4,1,1
2,11,8,2,2,0,4,1,1
4,11,8,2,3,0,4,1,0
2,11,8,2,7,0,4,1,0
2,7,11,5,7,4,4,0,0
2,15,9,2,11,0,4,1,1
2,15,9,4,7,3,4,1,0
2,14,14,2,9,0,4,1,1
2,2,7,2,13,0,4,1,0
2,9,12,2,3,0,4,1,0
2,7,11,0,12,1,4,0,0
1,9,12,4,9,3,4,0,0
2,11,8,2,2,0,4,1,1
2,11,8,2,2,0,4,1,1
5,10,15,2,9,5,4,0,1
2,1,6,4,0,3,4,1,0
4,15,9,4,2,3,4,1,0
2,9,12,4,11,1,2,0,0
2,9,12,4,11,3,1,1,0
2,11,8,2,2,0,4,1,0
2,9,12,5,9,4,4,0,0
1,15,9,2,10,0,4,1,1
2,15,9,2,0,0,4,1,0
2,8,10,2,13,0,4,1,0
2,11,8,2,10,0,4,1,0
2,9,12,4,3,1,4,1,0
2,15,9,2,3,0,4,1,1
2,11,8,0,2,3,4,1,0
2,10,15,3,9,1,1,1,0
2,11,8,0,2,1,4,1,0
2,15,9,4,0,3,4,1,0
4,9,12,4,9,3,1,1,0
2,0,5,2,6,0,4,1,0
2,15,9,0,9,4,4,0,0
3,9,12,2,6,0,4,1,1
3,6,4,2,3,0,4,1,0
2,9,12,2,3,0,2,1,0
4,7,11,2,9,5,4,0,1
1,11,8,0,0,4,4,0,0
2,9,12,4,9,1,4,1,0
2,11,8,4,5,3,4,1,0
2,9,12,2,2,0,4,1,1
3,12,13,2,11,0,4,1,1
2,9,12,2,11,5,4,0,1
5,9,12,4,0,1,4,1,0
2,11,8,2,11,5,4,0,0
2,11,8,0,5,3,4,0,0
2,15,9,2,2,0,4,1,0
1,9,12,2,9,5,4,0,1
2,9,12,2,9,0,1,1,0
2,15,9,2,12,0,4,1,0
0,11,8,0,12,1,4,0,0
5,15,9,2,3,0,4,1,0
2,9,12,2,12,0,4,1,0
2,8,10,4,0,3,4,0,0
2,11,8,2,13,0,4,1,1
0,11,8,6,5,1,2,1,0
4,15,9,0,7,4,4,1,0
2,9,12,2,9,0,4,1,0
2,15,9,4,6,1,2,0,0
2,11,8,4,7,4,4,0,0
2,8,10,4,0,3,4,0,0
2,15,9,2,3,0,4,1,1
4,12,13,2,3,0,4,1,1
0,11,8,2,0,0,2,1,1
2,11,8,2,2,0,4,1,0
2,3,1,2,2,0,4,1,0
2,15,9,4,7,3,4,0,0
2,15,9,4,11,1,4,1,0
2,9,12,4,7,1,4,1,0
4,15,9,2,11,0,4,1,0
2,12,13,2,9,0,4,1,1
3,15,9,4,3,1,4,0,0
2,11,8,2,6,0,4,1,0
3,11,8,2,3,0,4,1,1
2,11,8,4,7,3,4,1,0
2,15,9,0,0,4,4,0,0
2,11,8,2,2,0,4,1,0
2,15,9,2,4,0,4,1,0
2,11,8,2,3,0,4,1,1
5,12,13,2,9,5,4,0,1
2,11,8,4,5,3,4,1,0
2,8,10,2,2,0,4,1,0
2,11,8,6,13,4,4,1,0
2,9,12,2,11,0,4,1,1
2,7,11,2,12,0,4,1,1
2,9,12,2,9,5,4,0,1
4,14,14,2,9,0,4,1,0
2,11,8,0,13,1,4,1,0
2,11,8,0,0,1,4,0,0
2,1,6,0,7,1,2,0,0
2,12,13,2,4,1,4,1,1
5,11,8,2,9,0,4,1,1
2,11,8,4,0,4,4,0,0
1,1,6,4,7,1,1,1,0
2,9,12,0,3,1,4,0,1
2,9,12,2,9,0,4,1,0
2,11,8,2,0,0,4,1,0
2,11,8,2,2,0,4,1,0
5,9,12,4,0,1,4,0,0
1,9,12,4,9,3,4,1,0
2,8,10,0,7,1,4,1,0
2,15,9,2,2,0,4,1,1
2,9,12,2,12,0,4,1,0
2,15,9,4,7,3,4,0,0
1,9,12,0,9,1,2,0,0
0,11,8,2,0,0,2,1,1
2,15,9,2,2,0,2,1,0
3,12,13,2,11,0,4,1,1
1,11,8,2,10,0,4,1,0
2,11,8,2,6,0,4,1,0
3,15,9,2,11,0,4,1,1
2,15,9,5,0,3,4,1,0
2,15,9,0,2,4,4,0,0
2,10,15,2,9,0,4,1,1
2,15,9,4,7,3,4,1,0
4,15,9,2,2,0,0,1,1
2,9,12,0,3,1,4,1,0
2,14,14,2,9,0,4,1,1
4,11,8,2,2,0,4,1,1
2,11,8,2,2,0,4,1,0
2,15,9,2,2,0,4,1,0
2,11,8,6,0,3,4,0,0
2,12,13,2,13,0,4,1,1
2,9,12,2,9,0,4,1,1
2,11,8,0,0,4,4,0,0
4,14,14,2,9,0,4,1,0
2,9,12,2,9,0,4,1,1
0,11,8,0,0,4,4,0,0
2,9,12,4,0,1,4,0,0
2,11,8,2,2,0,4,1,0
2,1,6,5,7,1,2,0,0
2,11,8,4,11,1,4,0,0
2,11,8,4,7,3,4,0,0
2,15,9,4,0,3,4,0,0
2,12,13,4,9,1,4,1,1
2,11,8,5,0,1,4,0,0
5,11,8,6,3,1,4,0,0
4,11,8,2,3,0,4,1,1
1,15,9,4,7,1,4,1,0
2,15,9,6,7,1,4,0,0
3,14,14,2,9,0,4,1,1
2,11,8,0,0,1,4,1,0
2,11,8,2,0,5,4,0,0
3,12,13,2,3,0,4,1,1
4,15,9,2,3,0,4,1,0
2,11,8,2,0,0,4,1,0
0,11,8,0,0,1,4,0,0
4,15,9,4,13,1,4,1,0
2,11,8,2,2,0,1,1,0
2,9,12,4,0,1,4,0,0
0,9,12,2,9,0,4,1,1
5,15,9,5,0,1,4,1,0
2,11,8,2,2,0,4,1,0
2,11,8,2,13,0,4,1,1
2,11,8,6,7,1,4,0,0
3,15,9,4,2,3,4,1,0
2,9,12,2,9,0,4,1,1
4,15,9,2,2,0,4,1,0
2,15,9,2,0,0,4,1,0
1,9,12,0,10,1,4,1,0
2,9,12,4,3,4,2,0,0
2,15,9,2,7,0,4,1,0
2,7,11,4,7,1,4,0,0
2,11,8,4,12,1,2,0,0
2,9,12,2,11,0,4,1,1
2,9,12,2,10,0,4,1,1
2,11,8,2,13,0,4,1,0
2,11,8,2,11,0,4,1,0
0,7,11,0,9,4,1,0,1
2,15,9,4,4,3,2,1,0
2,11,8,2,0,5,4,0,1
4,9,12,2,11,0,4,1,1
2,9,12,4,3,1,4,1,0
4,3,1,6,7,4,4,0,0
2,11,8,2,13,0,4,1,0
2,12,13,2,9,0,2,1,0
2,4,2,2,2,0,4,1,0
2,15,9,4,7,1,4,1,0
2,7,11,2,12,0,4,1,0
1,15,9,4,7,3,2,1,0
0,15,9,4,1,1,2,1,0
2,11,8,4,7,4,2,0,0
3,15,9,2,13,5,4,0,1
4,14,14,2,9,0,4,1,0
2,8,10,2,3,0,4,1,0
2,9,12,2,6,0,4,1,1
2,8,10,4,6,1,4,1,0
2,11,8,2,2,5,4,0,1
0,9,12,2,3,0,4,1,0
2,9,12,4,9,1,4,0,0
2,11,8,0,0,4,4,0,0
2,15,9,2,5,0,4,1,1
2,11,8,4,6,3,4,0,0
2,10,15,2,9,0,4,1,1
5,9,12,2,9,0,4,1,1
2,9,12,2,2,0,4,1,1
1,11,8,6,0,4,4,0,0
2,11,8,4,11,1,4,1,1
2,15,9,2,13,0,4,1,1
2,11,8,2,0,0,4,1,1
2,11,8,2,5,0,4,1,0
2,11,8,6,7,4,1,0,1
2,11,8,4,11,3,2,0,0
2,1,6,4,7,4,2,0,0
2,15,9,4,6,1,4,0,0
2,11,8,4,6,1,2,1,0
2,15,9,4,9,1,4,0,0
2,9,12,4,9,1,4,1,0
2,11,8,2,3,0,4,1,1
2,9,12,0,12,3,4,0,0
5,15,9,2,3,0,4,1,0
5,14,14,4,9,4,4,1,0
2,12,13,3,9,1,4,0,0
2,15,9,0,0,1,4,1,0
2,11,8,4,11,1,3,1,0
2,9,12,4,0,3,4,0,0
3,9,12,2,3,0,4,1,1
2,15,9,4,9,1,4,1,1
3,9,12,2,2,0,4,1,1
2,11,8,5,11,3,4,0,0
2,15,9,2,2,0,4,1,0
2,4,2,0,6,1,2,1,0
2,0,5,4,2,2,2,1,0
2,9,12,4,12,1,4,1,0
2,11,8,4,11,1,4,1,0
2,11,8,4,2,1,4,1,0
2,11,8,2,2,0,4,1,1
2,11,8,4,7,1,4,0,0
2,15,9,0,11,4,4,0,0
0,8,10,4,3,1,4,0,0
3,11,8,0,3,4,4,0,0
2,11,8,2,6,5,2,0,0
0,15,9,6,0,1,2,0,0
2,7,11,4,7,3,2,1,0
2,12,13,4,7,1,4,0,0
1,8,10,4,0,1,4,0,0
2,11,8,0,11,4,2,0,0
4,11,8,2,13,0,4,1,0
2,11,8,2,4,0,4,1,0
2,12,13,2,11,0,4,1,1
2,9,12,0,3,4,4,0,0
2,15,9,5,0,3,4,1,0
2,9,12,4,11,1,4,1,0
1,9,12,4,9,1,4,1,0
2,15,9,4,5,3,4,1,0
4,11,8,2,3,0,4,1,0
2,15,9,4,6,3,4,1,0
2,11,8,4,11,1,2,1,0
2,1,6,4,7,3,4,1,0
2,9,12,4,12,1,4,0,0
2,11,8,0,11,4,4,0,0
0,11,8,4,0,4,2,0,0
2,0,5,4,6,1,2,1,0
2,0,5,4,13,4,4,1,1
2,0,5,2,5,0,4,1,0
2,11,8,2,13,0,4,1,1
2,11,8,4,0,1,4,0,0
2,11,8,0,0,1,4,0,0
2,11,8,2,2,0,4,1,0
2,11,8,2,7,0,4,1,1
1,7,11,2,2,5,4,0,1
2,11,8,0,13,1,4,1,0
2,11,8,2,13,0,4,1,0
2,11,8,6,7,4,4,0,0
3,11,8,2,7,0,1,1,0
2,9,12,2,9,0,4,1,1
2,15,9,2,3,0,4,1,1
5,15,9,2,0,0,1,1,0
2,9,12,2,11,0,2,1,1
2,8,10,2,5,0,2,1,0
2,7,11,4,0,3,4,0,0
2,1,6,0,6,4,0,1,0
3,9,12,2,4,0,4,1,1
2,11,8,4,6,1,4,1,0
2,8,10,2,6,5,4,0,0
2,11,8,0,3,1,4,0,0
2,8,10,0,11,1,4,1,1
5,15,9,4,10,1,2,1,0
3,0,5,2,13,5,4,0,0
2,9,12,4,7,1,4,1,0
4,12,13,0,9,4,4,0,0
2,11,8,2,11,0,4,1,1
3,11,8,2,2,0,4,1,0
2,11,8,2,3,0,4,1,1
2,8,10,0,2,1,4,1,0
4,11,8,2,7,0,4,1,1
4,15,9,2,11,0,4,1,0
4,11,8,2,3,0,4,1,0
2,15,9,2,3,0,4,1,1
3,15,9,2,3,0,4,1,1
2,11,8,0,2,1,4,1,0
2,1,6,6,13,4,2,1,0
3,12,13,2,3,0,4,1,1
2,11,8,2,2,0,2,1,1
2,11,8,6,0,4,2,0,0
2,11,8,0,2,1,4,1,0
2,15,9,4,13,1,4,1,0
3,14,14,2,9,0,4,1,1
2,0,5,4,6,1,2,1,0
2,15,9,4,2,1,4,1,1
2,11,8,2,13,0,4,1,1
2,15,9,2,2,0,4,1,0
2,7,11,2,9,0,4,1,1
2,14,14,2,13,0,4,1,1
2,9,12,4,9,3,1,1,0
1,9,12,4,9,1,4,0,0
5,12,13,2,9,0,4,1,0
2,11,8,0,7,4,4,0,0
2,8,10,4,0,3,4,0,0
2,1,6,4,0,3,1,0,0
4,15,9,4,7,1,4,1,0
3,11,8,2,11,0,4,1,1
2,11,8,4,2,1,4,1,0
1,9,12,2,9,0,2,1,1
2,0,5,2,4,0,4,1,0
2,11,8,4,0,4,4,1,0
2,11,8,4,7,3,4,0,0
0,11,8,0,0,4,4,0,0
2,12,13,0,3,4,4,1,1
2,15,9,2,11,0,4,1,0
2,11,8,0,3,1,4,0,0
2,11,8,2,0,0,4,1,1
5,11,8,2,0,0,4,1,1
3,1,6,2,2,0,4,1,1
2,1,6,0,11,1,4,1,1
4,15,9,2,3,0,4,1,1
2,15,9,4,0,1,4,1,0
3,9,12,2,3,0,4,1,1
2,15,9,4,7,1,4,1,0
3,9,12,2,3,0,4,1,1
5,11,8,2,3,0,4,1,0
2,11,8,2,11,0,4,1,0
5,15,9,2,0,0,2,1,0
2,15,9,3,9,4,2,1,0
4,8,10,2,9,0,4,1,1
4,8,10,2,9,0,4,1,0
3,9,12,2,3,0,4,1,1
2,9,12,0,7,1,1,1,0
2,11,8,2,0,0,4,1,1
1,6,4,4,7,3,2,1,0
1,9,12,2,10,0,4,1,0
5,6,4,0,7,1,4,0,0
2,15,9,0,3,4,4,0,0
2,15,9,4,4,3,4,0,0
2,11,8,0,7,4,4,1,0
2,11,8,2,6,0,4,1,0
2,9,12,2,3,0,4,1,1
2,11,8,2,2,0,2,1,0
2,0,5,2,6,0,4,1,1
2,0,5,2,13,0,2,1,1
2,15,9,0,7,1,4,0,0
2,11,8,2,6,0,4,1,0
2,0,5,2,6,5,4,0,0
2,11,8,5,7,1,2,1,0
5,11,8,0,0,3,4,0,0
2,14,14,2,9,0,4,1,0
1,11,8,5,10,1,4,1,0
1,15,9,2,2,0,4,1,0
2,9,12,2,2,0,4,1,0
2,0,5,4,11,3,4,1,0
2,9,12,2,0,0,4,1,0
2,0,5,4,6,4,4,0,0
2,11,8,4,0,3,4,0,0
2,0,5,4,5,3,4,1,0
2,15,9,4,0,1,4,0,0
2,10,15,2,9,0,4,1,1
2,2,7,0,13,4,2,1,0
2,9,12,4,0,1,4,1,0
4,11,8,4,11,1,4,1,0
2,11,8,4,13,1,4,1,0
2,2,7,4,5,3,4,1,0
2,15,9,2,2,0,4,1,0
2,5,3,2,10,0,4,1,0
0,11,8,5,7,2,2,0,0
2,15,9,4,7,1,2,0,0
2,15,9,2,4,0,4,1,0
2,1,6,4,7,1,2,1,0
1,9,12,2,2,0,4,1,0
2,7,11,2,2,0,4,1,1
2,15,9,4,7,3,4,1,0
2,15,9,4,5,3,4,1,0
2,8,10,2,0,0,4,1,0
4,11,8,4,4,1,4,1,0
5,15,9,4,12,1,4,1,0
1,9,12,4,9,1,4,1,0
2,9,12,4,11,3,1,1,0
2,9,12,2,11,0,4,1,0
2,11,8,0,0,1,4,1,1
4,11,8,2,4,0,4,1,0
2,15,9,2,2,0,4,1,1
2,15,9,0,3,4,4,1,0
2,9,12,4,0,1,4,0,0
1,9,12,2,9,0,4,1,0
2,12,13,2,9,0,4,1,1
2,11,8,4,9,1,4,1,1
1,11,8,2,0,5,4,0,0
2,1,6,4,6,3,4,1,0
2,9,12,4,11,1,4,1,0
2,1,6,2,2,0,4,1,0
2,11,8,2,6,0,2,1,1
5,11,8,2,12,0,4,1,0
2,11,8,2,0,0,4,1,0
2,11,8,5,2,3,4,1,0
2,0,5,2,2,0,4,1,0
2,15,9,0,7,4,1,1,0
4,2,7,0,11,1,4,0,0
2,7,11,2,9,5,4,0,1
2,12,13,2,9,0,4,1,1
2,11,8,2,6,0,4,1,1
2,11,8,2,9,0,4,1,1
2,14,14,2,9,0,4,1,1
2,15,9,2,3,5,4,0,0
2,1,6,4,2,2,4,1,0
1,11,8,2,13,0,4,1,0
4,15,9,2,11,0,4,1,1
4,11,8,2,3,0,4,1,1
2,11,8,4,7,3,1,0,0
2,15,9,2,3,0,4,1,0
2,11,8,4,7,1,3,0,0
4,14,14,2,9,0,4,1,1
2,9,12,2,11,5,4,0,1
2,11,8,2,6,5,4,0,0
1,11,8,0,7,1,4,0,0
2,4,2,4,4,1,4,1,0
2,3,1,2,6,0,4,1,0
2,15,9,2,3,0,4,1,1
2,0,5,0,7,1,4,0,0
2,11,8,4,11,1,4,0,0
3,9,12,2,9,0,4,1,1
2,11,8,2,6,0,4,1,1
2,11,8,0,7,2,2,0,0
2,12,13,2,9,0,4,1,1
5,12,13,2,9,0,4,1,1
4,14,14,2,9,5,4,0,0
3,11,8,2,0,5,4,0,1
2,15,9,2,6,0,2,1,0
2,11,8,2,11,0,4,1,0
2,9,12,2,3,0,4,1,1
2,0,5,0,0,1,2,0,0
2,15,9,4,5,3,4,1,0
4,6,4,2,2,0,4,1,0
4,11,8,4,11,3,4,1,0
1,11,8,2,10,0,4,1,0
2,11,8,2,2,0,2,1,1
2,11,8,2,2,0,4,1,0
2,15,9,4,11,3,4,1,0
4,0,5,2,2,0,4,1,0
1,11,8,2,2,0,4,1,0
2,9,12,4,9,1,4,1,0
2,5,3,2,10,0,4,1,0
2,11,8,2,5,0,2,1,0
2,1,6,4,11,1,4,1,0
2,7,11,2,11,0,4,1,1
2,15,9,4,3,4,4,1,0
2,5,3,2,2,0,4,1,0
2,15,9,4,11,3,4,1,0
2,7,11,2,0,5,4,0,1
2,15,9,4,2,1,4,1,0
0,15,9,2,2,0,4,1,0
2,11,8,2,13,0,4,1,0
2,11,8,0,7,4,4,0,0
2,11,8,2,6,0,4,1,0
2,9,12,2,3,0,4,1,1
2,11,8,2,6,5,4,0,0
4,11,8,4,13,3,4,1,0
2,11,8,2,3,0,4,1,1
2,11,8,4,7,1,2,0,0
2,11,8,2,3,0,4,1,1
2,10,15,2,9,0,4,1,1
2,1,6,4,0,3,4,0,0
2,11,8,4,11,3,4,1,0
5,11,8,2,3,5,4,0,1
2,15,9,2,11,0,4,1,0
2,11,8,2,6,0,2,1,1
2,11,8,2,3,5,4,0,0
2,15,9,2,5,0,4,1,0
2,11,8,0,2,1,4,1,0
2,12,13,2,9,0,4,1,0
2,15,9,0,0,4,2,0,0
2,15,9,4,7,3,4,0,0
2,15,9,2,5,0,4,1,0
2,11,8,0,2,1,4,0,0
2,11,8,4,6,1,4,1,0
2,11,8,2,2,0,4,1,1
2,9,12,4,6,1,1,1,0
2,12,13,2,3,0,4,1,1
2,11,8,6,11,2,4,0,0
2,2,7,2,6,0,4,1,0
2,9,12,2,11,0,4,1,1
2,11,8,2,6,0,2,1,0
2,15,9,0,0,4,0,0,0
2,9,12,0,0,1,4,0,0
2,12,13,2,9,0,1,1,1
2,11,8,2,13,0,4,1,0
2,11,8,0,0,1,4,0,0
1,11,8,2,10,0,4,1,0
2,9,12,0,11,1,4,1,1
2,11,8,4,7,1,4,0,0
2,15,9,0,2,1,4,1,0
2,11,8,2,2,0,4,1,1
2,12,13,2,9,5,4,0,1
2,8,10,2,7,0,4,1,0
2,12,13,4,3,3,4,1,0
2,15,9,4,3,1,2,1,0
2,11,8,4,11,1,2,1,0
2,9,12,4,7,1,4,1,0
2,8,10,4,11,1,4,1,0
4,9,12,2,3,0,4,1,1
2,9,12,4,2,2,4,1,0
2,11,8,4,7,1,4,0,0
2,9,12,0,7,1,4,1,1
1,11,8,2,13,0,4,1,0
2,9,12,2,0,0,4,1,1
2,1,6,2,7,5,4,0,0
2,5,3,0,2,1,4,0,0
2,9,12,4,0,3,4,0,0
4,15,9,2,2,0,4,1,0
2,15,9,6,3,1,4,0,0
2,9,12,4,9,3,4,1,0
2,11,8,4,0,1,4,0,0
2,11,8,4,7,1,4,0,0
2,1,6,6,0,4,4,0,0
2,11,8,4,6,1,4,0,0
2,11,8,0,13,1,4,1,0
2,11,8,0,0,4,4,0,0
2,0,5,0,6,1,4,0,0
4,11,8,2,3,0,2,1,1
2,9,12,2,3,3,4,0,0
4,9,12,0,3,1,1,1,0
4,11,8,4,4,1,4,1,0
2,15,9,4,7,3,4,0,0
2,15,9,2,9,5,4,0,1
2,0,5,4,6,3,2,1,0
2,12,13,0,3,1,4,0,1
2,9,12,2,9,5,4,0,1
2,1,6,2,6,0,4,1,0
2,15,9,2,12,0,4,1,1
2,11,8,3,10,1,4,1,0
2,15,9,2,3,0,4,1,1
2,8,10,2,2,0,4,1,1
2,11,8,2,7,5,2,0,1
2,0,5,2,6,0,4,1,0
2,1,6,2,6,0,4,1,0
1,11,8,6,4,4,4,1,0
2,15,9,2,11,0,4,1,1
2,11,8,2,3,0,4,1,0
2,9,12,2,3,0,4,1,1
2,7,11,4,0,1,4,1,0
1,12,13,2,9,5,4,0,1
2,12,13,2,3,0,1,1,1
2,7,11,0,0,4,4,0,0
2,4,2,3,5,4,4,0,0
0,6,4,2,12,0,4,1,0
2,7,11,0,2,1,4,1,0
2,12,13,4,0,1,1,0,0
2,15,9,2,6,0,2,1,0
2,11,8,2,11,0,4,1,1
2,9,12,4,0,1,4,1,0
2,7,11,2,5,0,2,1,0
0,11,8,2,0,0,4,1,1
2,15,9,6,0,4,2,0,0
2,11,8,0,7,1,4,0,0
3,14,14,2,9,0,1,1,1
2,11,8,4,3,1,4,1,0
5,12,13,4,9,1,4,1,0
2,11,8,2,11,0,4,1,0
1,5,3,2,10,0,4,1,0
3,11,8,0,3,4,4,1,0
2,11,8,2,3,0,4,1,0
2,8,10,2,3,0,4,1,1
2,1,6,6,11,3,2,0,0
2,11,8,2,11,0,4,1,1
2,11,8,4,5,3,2,1,0
1,11,8,2,2,0,4,1,0
2,11,8,0,2,4,4,0,0
2,11,8,2,2,0,4,1,0
5,9,12,2,0,0,4,1,1
2,5,3,4,2,1,4,1,0
2,15,9,4,11,3,4,1,0
2,11,8,2,13,0,4,1,1
2,9,12,0,3,4,4,1,1
4,11,8,4,9,4,4,0,1
1,11,8,0,0,4,2,0,0
2,11,8,0,13,4,4,0,0
5,15,9,4,7,3,4,1,0
2,11,8,6,11,1,4,0,0
1,15,9,2,9,0,4,1,0
5,12,13,0,9,1,4,0,0
2,11,8,4,2,1,4,1,0
2,12,13,2,11,0,4,1,0
2,11,8,2,4,0,4,1,0
2,15,9,0,0,4,4,1,0
2,15,9,4,2,1,4,1,0
1,15,9,2,13,0,4,1,0
2,9,12,2,2,5,4,0,0
2,5,3,4,13,1,0,1,0
0,11,8,4,13,1,2,1,0
2,15,9,4,7,3,4,0,0
2,9,12,4,9,1,4,0,0
2,11,8,2,5,0,4,1,0
2,6,4,4,5,3,2,1,0
2,9,12,0,2,4,4,1,0
4,11,8,4,13,4,2,1,0
1,9,12,4,9,3,4,0,0
5,12,13,4,9,1,4,0,0
2,11,8,4,7,3,4,0,0
2,11,8,4,7,3,4,1,0
1,7,11,2,0,5,4,0,1
2,11,8,0,11,1,4,1,0
2,15,9,2,6,0,4,1,0
1,9,12,2,3,0,4,1,1
2,11,8,4,2,2,4,1,0
1,11,8,2,10,0,1,1,1
2,15,9,4,7,1,4,1,0
2,6,4,0,7,1,4,1,0
2,0,5,2,13,0,4,1,0
2,11,8,4,0,3,2,1,0
2,15,9,2,3,0,4,1,1
5,9,12,4,0,1,4,1,0
2,15,9,4,7,3,4,1,0
2,15,9,2,11,0,2,1,1
2,15,9,5,3,1,4,1,1
4,9,12,2,11,0,4,1,0
2,15,9,0,0,1,4,0,0
2,11,8,4,7,4,4,1,0
4,11,8,2,9,5,4,0,1
1,15,9,4,3,4,4,1,0
2,11,8,4,7,1,4,0,0
4,15,9,2,4,0,4,1,1
4,11,8,4,7,3,4,1,0
2,15,9,2,3,5,4,0,0
4,11,8,2,4,0,4,1,0
2,15,9,6,3,1,4,0,0
2,11,8,0,7,2,4,1,0
2,12,13,2,9,0,4,1,1
2,15,9,6,11,1,4,1,0
1,9,12,5,3,1,4,1,1
2,9,12,2,11,0,4,1,0
2,11,8,2,6,0,4,1,0
2,9,12,4,9,3,4,1,0
2,15,9,4,7,1,3,1,0
6,5,3,6,4,4,4,0,0
2,11,8,4,0,1,4,0,0
2,15,9,2,2,0,4,1,1
2,11,8,2,6,0,4,1,1
1,12,13,0,9,4,4,0,0
2,0,5,2,13,0,4,1,0
2,6,4,2,13,0,4,1,0
2,1,6,2,2,0,4,1,0
2,11,8,4,6,4,4,1,0
3,14,14,2,3,0,4,1,0
4,15,9,0,2,1,4,1,0
1,12,13,2,3,0,4,1,1
2,9,12,2,11,0,4,1,0
1,8,10,2,10,0,2,1,0
1,9,12,4,9,3,4,1,0
2,9,12,4,0,1,4,0,0
2,11,8,5,0,4,4,0,0
2,12,13,2,2,0,2,1,1
2,15,9,2,12,0,4,1,1
2,9,12,4,11,3,4,0,0
2,9,12,4,3,1,4,1,1
2,9,12,4,11,1,4,1,0
2,11,8,2,5,0,4,1,0
2,11,8,4,2,3,4,1,0
2,15,9,0,0,1,4,1,0
2,5,3,2,6,2,1,0,0
2,11,8,2,11,0,4,1,0
2,9,12,2,3,0,4,1,0
1,9,12,5,9,4,2,1,0
2,9,12,3,3,4,4,0,0
5,9,12,2,3,0,4,1,1
2,15,9,2,4,0,4,1,0
2,0,5,2,11,0,4,1,0
1,11,8,0,10,4,2,0,0
2,11,8,2,0,5,4,0,1
1,1,6,4,0,2,4,0,0
2,12,13,2,3,0,4,1,1
2,12,13,0,9,1,4,0,0
5,11,8,4,0,4,2,0,0
5,9,12,2,9,0,4,1,0
4,9,12,2,3,0,4,1,0
1,11,8,2,3,0,4,1,0
2,11,8,2,6,0,4,1,0
2,0,5,2,10,0,4,1,0
2,1,6,4,13,3,4,1,0
2,11,8,2,11,0,4,1,0
2,11,8,6,7,1,4,0,0
2,9,12,4,9,1,4,0,0
2,15,9,2,3,0,4,1,1
2,11,8,4,0,3,4,1,0
2,12,13,2,9,0,4,1,1
2,9,12,2,11,0,4,1,1
2,9,12,4,13,4,4,1,0
2,15,9,4,11,3,4,1,0
2,11,8,4,0,4,2,0,0
2,0,5,2,2,0,4,1,0
4,11,8,2,11,0,1,1,1
2,15,9,4,11,1,4,1,0
2,12,13,4,9,1,4,1,1
2,11,8,2,7,0,4,1,0
2,9,12,3,9,1,1,1,1
2,9,12,4,3,1,4,1,0
4,1,6,2,4,0,4,1,1
1,0,5,0,5,3,2,1,0
1,14,14,0,9,1,4,0,0
0,11,8,2,0,0,4,1,1
2,9,12,4,3,1,2,0,0
2,11,8,2,2,0,4,1,1
3,15,9,2,3,0,4,1,1
2,11,8,4,6,1,4,1,0
3,15,9,2,11,0,4,1,1
2,11,8,2,2,0,4,1,0
2,15,9,4,11,1,2,0,0
2,11,8,4,8,1,4,0,0
2,11,8,4,5,1,4,1,0
2,15,9,4,11,1,4,1,1
2,11,8,0,3,4,4,1,0
2,15,9,0,6,1,4,1,0
2,11,8,2,11,0,4,1,1
4,12,13,3,9,1,4,0,0
2,9,12,2,11,0,4,1,1
2,15,9,4,11,2,4,0,0
4,11,8,2,4,0,4,1,0
2,6,4,2,3,5,1,0,1
2,11,8,4,4,3,2,1,0
2,15,9,4,0,2,2,0,0
2,5,3,2,2,0,4,1,0
2,11,8,4,2,3,4,1,0
2,15,9,3,7,1,4,0,0
2,9,12,4,3,1,4,0,0
2,15,9,4,7,3,4,0,0
2,15,9,4,7,1,4,0,0
1,9,12,4,9,1,4,0,0
2,9,12,2,9,0,4,1,0
2,14,14,4,9,1,4,0,0
2,12,13,4,9,1,4,1,0
2,12,13,2,3,0,4,1,1
1,7,11,2,7,5,4,0,0
2,10,15,4,9,1,4,1,0
2,15,9,0,7,2,4,1,0
2,7,11,0,7,3,4,0,0
2,8,10,2,6,0,4,1,1
2,11,8,4,5,1,4,1,0
0,15,9,2,12,0,4,1,0
5,12,13,2,9,0,4,1,0
2,7,11,2,3,5,4,0,1
4,15,9,2,9,5,4,0,1
2,8,10,2,2,0,4,1,0
2,1,6,2,11,3,2,1,0
2,11,8,5,3,4,4,0,0
2,0,5,2,2,0,4,1,0
5,15,9,2,9,0,4,1,0
2,15,9,2,3,0,4,1,1
2,9,12,4,3,4,4,1,0
2,5,3,6,7,4,2,0,0
4,9,12,2,3,0,4,1,1
4,0,5,4,0,3,4,1,0
2,15,9,4,2,1,4,1,0
2,11,8,2,2,0,4,1,1
2,9,12,3,9,3,4,0,0
2,9,12,2,11,0,4,1,1
2,1,6,4,7,2,2,1,0
2,15,9,4,11,4,4,1,0
2,11,8,4,11,1,4,0,0
1,5,3,2,13,0,4,1,0
5,8,10,4,9,1,4,1,1
2,11,8,4,5,3,4,1,0
2,2,7,4,0,3,4,0,0
2,9,12,4,9,3,4,0,0
1,12,13,2,3,0,4,1,1
2,15,9,0,0,1,4,0,0
2,11,8,4,8,4,4,0,0
2,11,8,2,3,0,4,1,1
2,11,8,6,0,1,4,0,0
2,9,12,2,7,5,1,0,1
2,15,9,0,3,3,4,1,0
2,9,12,4,9,1,4,1,0
1,15,9,2,3,0,2,1,1
1,15,9,2,10,0,4,1,1
0,11,8,4,0,3,2,1,0
2,11,8,0,7,4,4,0,0
4,15,9,4,6,3,4,1,0
2,11,8,4,4,3,4,1,0
2,15,9,2,3,0,4,1,0
1,11,8,5,10,4,2,0,0
2,9,12,2,3,0,4,1,1
2,12,13,2,3,0,4,1,1
3,7,11,2,11,0,4,1,1
2,11,8,4,0,3,4,1,0
0,11,8,2,0,5,4,0,1
2,11,8,2,7,0,4,1,1
2,15,9,0,11,1,4,1,0
2,9,12,2,11,0,4,1,1
2,15,9,2,2,0,4,1,1
2,9,12,4,9,1,1,1,0
1,11,8,0,0,1,4,0,0
2,15,9,2,9,0,4,1,1
4,12,13,2,2,0,4,1,0
2,8,10,2,2,0,4,1,0
2,11,8,0,2,4,4,0,0
2,15,9,2,13,0,1,1,0
2,11,8,2,2,0,4,1,1
2,15,9,3,2,2,2,0,0
1,11,8,2,4,0,4,1,0
2,15,9,2,11,0,4,1,1
2,11,8,2,10,0,4,1,1
2,15,9,5,0,4,4,0,0
2,15,9,2,0,5,4,0,1
2,11,8,4,11,4,4,0,0
2,9,12,4,3,3,4,1,0
2,11,8,0,2,1,4,1,0
2,11,8,2,0,5,4,0,0
2,11,8,4,6,3,4,0,0
2,11,8,4,10,3,2,1,0
2,9,12,4,12,3,4,1,0
2,4,2,4,8,3,4,0,0
2,11,8,4,11,3,4,1,0
2,11,8,4,2,1,4,1,0
5,15,9,2,9,0,4,1,0
5,1,6,5,0,4,1,0,0
1,12,13,0,9,4,4,0,0
2,11,8,4,0,1,4,0,0
2,12,13,4,3,1,4,0,0
0,15,9,0,0,2,4,0,0
2,11,8,4,7,1,4,0,0
2,9,12,2,3,0,4,1,1
1,12,13,6,9,4,4,0,0
1,15,9,6,0,4,4,0,0
2,11,8,2,13,0,4,1,0
4,11,8,2,2,0,4,1,0
2,1,6,4,9,3,4,0,0
2,11,8,2,6,0,4,1,0
5,9,12,0,9,1,4,1,0
2,15,9,2,2,0,4,1,0
2,1,6,4,6,1,2,1,0
2,15,9,4,0,1,4,1,0
2,12,13,2,9,0,4,1,1
2,0,5,6,8,1,4,0,0
2,15,9,2,2,0,2,1,0
3,9,12,2,11,0,4,1,1
3,12,13,2,11,0,4,1,1
4,4,2,2,11,0,4,1,1
2,11,8,2,3,0,4,1,1
2,15,9,4,7,1,4,0,0
2,1,6,4,2,3,4,1,0
2,11,8,2,11,0,4,1,0
2,9,12,2,3,0,4,1,1
4,8,10,0,11,4,4,1,0
2,0,5,5,8,1,2,0,0
2,11,8,2,2,0,4,1,0
2,11,8,2,6,0,4,1,0
2,6,4,2,13,0,4,1,0
2,11,8,2,11,0,4,1,0
2,9,12,2,9,5,4,0,1
2,15,9,2,2,0,4,1,0
1,11,8,0,0,1,4,0,0
2,7,11,2,6,0,4,1,1
4,9,12,2,3,0,4,1,1
2,7,11,2,3,5,4,0,1
2,9,12,2,9,0,4,1,1
4,12,13,0,11,4,4,1,1
4,5,3,2,4,0,4,1,0
3,12,13,2,11,0,4,1,1
2,11,8,0,2,2,4,1,0
2,9,12,4,6,1,4,1,0
2,15,9,4,11,1,4,1,0
0,15,9,6,13,1,4,0,0
2,15,9,4,0,1,4,0,0
2,2,7,5,0,3,2,0,0
2,9,12,2,11,0,4,1,0
2,11,8,2,6,0,4,1,0
2,15,9,2,2,0,4,1,1
2,9,12,4,0,3,4,0,0
2,9,12,2,0,5,4,0,1
2,11,8,2,13,0,4,1,0
2,8,10,2,4,0,4,1,0
0,7,11,2,0,0,4,1,0
2,9,12,6,0,4,4,0,0
1,9,12,4,9,3,4,0,0
2,11,8,5,3,4,4,0,0
2,11,8,2,6,5,2,0,1
2,11,8,2,13,0,4,1,1
2,11,8,4,7,1,2,0,0
2,11,8,4,7,1,4,0,0
2,11,8,2,5,0,4,1,0
4,11,8,4,7,1,4,1,0
2,15,9,2,11,0,4,1,1
2,15,9,4,0,1,4,0,0
2,12,13,2,3,0,4,1,1
2,11,8,4,6,4,2,0,0
2,11,8,0,11,1,4,0,0
2,0,5,4,2,1,4,1,0
5,11,8,5,7,1,4,0,0
2,5,3,4,2,3,2,1,0
2,1,6,4,13,4,4,1,0
5,9,12,4,12,1,4,1,0
2,7,11,2,0,5,2,0,1
2,5,3,2,13,0,4,1,0
4,9,12,2,11,0,4,1,1
2,9,12,4,3,3,4,0,0
2,8,10,2,11,0,4,1,1
2,8,10,0,9,4,4,0,0
2,11,8,2,12,5,4,0,1
5,9,12,2,9,0,4,1,1
2,15,9,4,12,4,4,0,0
2,15,9,2,0,0,4,1,0
0,14,14,2,9,0,4,1,1
2,8,10,2,5,0,4,1,1
0,15,9,0,3,4,4,0,0
2,15,9,2,2,0,4,1,1
1,11,8,0,0,1,4,0,0
0,9,12,2,0,0,1,1,1
2,9,12,0,3,4,4,0,0
5,15,9,4,0,4,4,0,0
2,10,15,2,0,0,4,1,1
3,11,8,2,3,0,4,1,1
4,9,12,2,4,0,4,1,0
2,11,8,4,7,3,4,0,0
2,12,13,2,11,0,4,1,1
1,9,12,4,3,4,1,1,0
2,11,8,4,13,3,4,1,0
2,9,12,2,2,2,4,1,0
2,15,9,0,2,1,4,1,0
2,8,10,4,3,3,4,1,0
2,15,9,2,11,0,4,1,1
2,2,7,4,6,3,4,1,0
1,11,8,4,13,4,2,0,0
2,11,8,2,2,0,4,1,0
4,9,12,2,11,0,4,1,0
2,11,8,0,2,4,4,1,0
2,8,10,4,6,1,4,1,0
2,15,9,4,11,3,4,0,0
2,15,9,2,11,0,4,1,0
2,15,9,2,6,0,4,1,0
2,7,11,6,7,3,4,0,0
2,11,8,2,2,0,4,1,0
1,14,14,4,9,1,4,0,0
5,15,9,4,9,1,4,0,0
2,11,8,2,7,0,4,1,1
1,9,12,4,9,4,4,0,0
2,10,15,4,9,1,4,1,0
2,9,12,4,11,1,4,0,0
2,12,13,2,9,0,1,1,1
1,9,12,2,9,0,4,1,1
2,15,9,2,10,2,2,0,0
2,11,8,4,5,3,4,0,0
2,11,8,0,2,1,4,1,0
2,15,9,2,2,0,4,1,1
2,11,8,0,2,4,4,0,0
2,8,10,4,6,3,4,1,0
2,9,12,0,0,4,4,0,0
4,11,8,2,7,0,4,1,0
4,9,12,0,3,1,4,1,0
2,11,8,5,11,1,4,0,0
2,15,9,0,12,1,4,1,0
2,15,9,4,7,1,1,1,0
2,9,12,2,11,0,4,1,1
2,9,12,2,7,5,4,0,1
2,15,9,4,5,3,4,1,0
2,9,12,2,9,0,4,1,1
2,5,3,6,13,1,4,1,0
2,15,9,3,9,1,4,1,1
2,9,12,2,11,5,4,0,1
1,7,11,4,0,3,0,0,0
2,15,9,6,2,1,4,1,0
2,9,12,2,3,0,4,1,0
3,11,8,4,11,1,4,1,0
5,12,13,2,9,0,4,1,1
3,9,12,2,11,0,4,1,1
2,15,9,4,2,1,4,1,0
1,15,9,2,10,0,4,1,1
2,11,8,4,2,3,4,1,0
0,12,13,2,3,0,4,1,1
2,9,12,2,3,0,4,1,1
2,1,6,2,4,0,4,1,0
2,15,9,0,11,1,4,1,0
0,15,9,2,3,5,1,0,1
2,8,10,0,9,1,4,1,0
4,1,6,2,13,0,4,1,1
2,1,6,5,13,1,4,1,0
2,1,6,3,6,1,4,1,0
2,0,5,4,13,3,4,1,0
2,11,8,4,12,3,4,0,0
2,8,10,2,2,0,4,1,0
4,11,8,4,4,1,4,1,0
2,1,6,4,7,4,2,0,0
2,12,13,2,3,0,4,1,1
2,9,12,2,11,0,4,1,1
4,8,10,2,12,0,4,1,0
2,6,4,4,5,3,4,1,0
4,2,7,2,2,0,4,1,1
2,7,11,0,3,1,4,0,0
2,9,12,4,3,1,4,0,1
2,9,12,2,3,0,4,1,1
2,9,12,2,4,0,4,1,0
2,7,11,2,11,0,4,1,0
2,9,12,2,3,0,4,1,0
2,14,14,2,9,0,4,1,1
2,15,9,2,2,0,4,1,1
2,11,8,4,5,3,4,1,0
2,11,8,4,13,3,2,1,0
2,15,9,5,7,1,2,0,0
2,8,10,4,0,1,4,1,0
3,12,13,5,9,1,4,0,1
2,11,8,4,2,3,4,1,0
2,6,4,2,5,0,4,1,0
5,11,8,2,10,0,4,1,0
2,15,9,2,2,0,4,1,0
2,10,15,4,9,1,4,1,0
2,15,9,0,3,1,4,1,0
2,5,3,3,7,4,0,0,0
2,15,9,4,3,3,4,0,0
2,5,3,2,13,0,4,1,0
3,11,8,2,3,0,4,1,1
2,9,12,4,9,1,4,1,0
2,15,9,2,5,0,4,1,0
2,11,8,4,5,1,4,1,0
2,15,9,4,11,3,4,0,0
2,2,7,4,6,1,4,1,0
2,12,13,4,9,1,4,0,1
2,11,8,4,11,3,4,0,0
2,11,8,0,6,1,4,1,0
5,15,9,4,0,1,2,0,0
2,15,9,4,6,3,0,1,0
2,5,3,2,7,0,4,1,0
2,15,9,2,11,0,4,1,0
2,1,6,2,7,5,4,0,0
2,15,9,4,7,3,4,1,0
2,0,5,2,7,0,4,1,0
1,15,9,0,0,4,4,0,0
2,15,9,4,3,3,1,1,0
2,15,9,4,4,1,4,1,0
2,9,12,0,3,4,4,1,1
4,6,4,2,4,0,4,1,0
2,15,9,4,0,3,4,0,0
4,2,7,2,2,0,4,1,0
2,11,8,6,0,1,4,0,0
2,1,6,2,13,0,4,1,0
4,9,12,4,11,1,4,1,0
2,11,8,2,6,0,4,1,1
2,11,8,4,11,3,4,0,0
2,11,8,2,2,0,4,1,1
4,11,8,2,2,0,4,1,1
2,14,14,2,11,0,1,1,0
5,9,12,2,3,0,4,1,1
2,9,12,4,12,1,4,1,0
1,15,9,4,7,4,2,0,0
5,12,13,4,0,1,4,1,0
5,11,8,4,7,1,2,1,0
2,15,9,4,12,3,4,0,0
4,11,8,2,11,0,4,1,0
2,6,4,2,6,0,2,1,0
1,15,9,0,0,4,4,0,0
2,11,8,4,11,3,4,1,0
2,15,9,2,9,0,0,1,0
2,11,8,0,7,1,4,0,0
1,11,8,4,10,1,2,0,0
2,0,5,5,7,3,4,0,0
2,9,12,0,11,1,4,0,0
2,8,10,4,7,4,4,0,0
2,11,8,0,6,1,4,0,0
2,11,8,2,2,0,4,1,0
1,15,9,5,0,4,4,0,0
4,8,10,0,2,3,4,1,0
2,8,10,2,2,0,4,1,1
4,7,11,4,2,1,4,1,0
2,9,12,2,3,0,4,1,1
2,8,10,0,10,1,2,1,0
2,11,8,0,6,1,4,0,0
2,11,8,0,11,2,4,0,0
2,9,12,0,11,1,4,1,0
4,11,8,2,11,5,2,0,1
0,12,13,2,12,0,4,1,1
2,9,12,4,9,1,4,0,0
3,9,12,2,11,0,4,1,1
4,11,8,2,2,0,4,1,0
2,1,6,4,13,3,4,0,0
2,0,5,5,2,1,4,1,0
3,9,12,2,6,0,4,1,0
2,11,8,5,5,4,4,1,0
2,15,9,2,11,0,4,1,0
3,9,12,2,3,0,4,1,1
2,1,6,4,0,1,4,1,0
4,9,12,2,3,0,4,1,0
2,11,8,2,2,0,4,1,0
2,11,8,0,0,1,4,0,0
4,5,3,2,2,0,0,1,0
2,15,9,0,11,4,4,0,0
2,11,8,0,2,4,4,1,0
2,11,8,4,5,3,4,0,0
2,1,6,4,2,3,4,1,0
2,9,12,2,13,0,4,1,1
2,11,8,4,10,3,2,1,0
2,4,2,0,6,1,4,0,0
2,11,8,0,2,4,4,0,0
2,5,3,2,13,0,4,1,0
4,11,8,6,2,1,4,1,1
4,14,14,2,11,0,4,1,0
4,11,8,4,2,1,4,1,1
2,7,11,2,2,1,1,1,1
2,11,8,0,10,1,2,1,0
2,15,9,4,0,1,4,0,0
2,15,9,2,13,0,4,1,1
2,2,7,2,7,5,4,0,0
2,9,12,2,3,0,4,1,1
2,11,8,4,7,3,2,0,0
2,8,10,2,2,0,4,1,0
2,8,10,5,7,4,4,0,0
2,5,3,2,6,0,4,1,0
2,8,10,0,6,1,4,1,0
1,11,8,0,9,4,1,0,0
2,9,12,4,3,2,4,0,0
4,9,12,2,3,0,4,1,0
2,15,9,4,7,1,4,0,0
2,15,9,4,7,1,4,0,0
1,2,7,4,10,3,4,1,0
2,15,9,4,11,1,2,1,0
2,11,8,4,0,1,4,1,0
2,15,9,4,11,1,4,1,0
2,11,8,2,6,0,4,1,1
0,11,8,5,3,4,2,0,0
2,15,9,2,0,0,2,1,1
2,15,9,3,11,1,4,1,0
2,11,8,6,6,4,4,1,0
2,15,9,2,13,0,4,1,1
1,8,10,0,0,1,4,0,0
2,10,15,3,9,1,4,0,0
2,15,9,4,7,3,4,0,0
2,11,8,2,4,0,4,1,0
2,15,9,2,11,0,4,1,0
2,15,9,4,4,3,4,1,0
2,9,12,2,11,0,4,1,1
1,15,9,4,9,1,4,0,0
5,10,15,2,9,0,1,1,0
2,15,9,2,0,5,4,0,0
2,8,10,2,0,5,4,0,1
2,6,4,4,6,4,2,0,0
0,11,8,4,0,4,4,0,0
2,15,9,4,11,3,2,1,0
2,11,8,2,0,0,4,1,0
5,12,13,4,9,1,4,1,0
4,11,8,4,4,3,4,1,0
3,15,9,2,3,0,4,1,1
2,6,4,5,2,1,4,1,0
2,1,6,0,6,1,4,0,0
2,9,12,2,9,0,4,1,1
3,11,8,2,11,0,4,1,1
2,11,8,0,0,4,4,0,0
2,11,8,2,13,0,4,1,0
2,11,8,2,13,0,4,1,1
2,3,1,3,6,4,4,0,0
2,0,5,2,2,0,4,1,0
2,9,12,2,3,0,4,1,1
2,11,8,0,0,1,4,0,0
2,9,12,2,9,0,1,1,0
2,15,9,2,3,0,4,1,1
2,9,12,2,2,0,4,1,1
2,11,8,0,0,2,1,0,0
2,15,9,3,2,1,4,1,0
2,12,13,4,3,1,2,1,1
2,7,11,0,5,4,4,0,0
2,0,5,4,2,3,2,0,0
2,8,10,0,9,1,4,0,1
2,11,8,2,13,0,4,1,1
2,7,11,2,0,0,4,1,1
0,11,8,2,13,0,0,1,0
5,8,10,0,12,4,4,0,0
2,11,8,2,7,0,3,1,0
2,9,12,2,3,0,4,1,1
2,15,9,4,7,1,4,0,0
5,15,9,2,3,0,4,1,0
2,1,6,4,11,2,0,0,0
2,11,8,2,13,0,2,1,0
5,11,8,2,11,0,4,1,0
2,11,8,4,6,2,4,1,0
2,9,12,2,3,0,4,1,1
2,14,14,6,0,1,2,0,0
2,11,8,4,0,1,4,0,0
3,11,8,2,5,0,4,1,0
0,11,8,2,13,0,4,1,1
2,12,13,4,11,1,4,1,0
2,11,8,2,2,0,0,1,0
2,9,12,4,2,1,4,0,0
2,7,11,2,2,0,4,1,1
0,11,8,2,3,0,4,1,1
2,8,10,0,2,1,4,1,0
2,11,8,4,5,2,4,1,0
2,11,8,2,2,0,4,1,0
0,1,6,4,12,1,4,1,0
2,9,12,2,12,0,4,1,1
3,9,12,2,11,0,4,1,1
5,12,13,2,9,0,4,1,0
5,15,9,4,0,1,4,0,0
2,9,12,2,3,5,4,0,1
2,4,2,4,6,1,4,0,0
4,1,6,2,2,0,4,1,0
1,9,12,0,9,1,4,0,0
3,15,9,4,0,3,4,0,0
2,8,10,2,2,0,4,1,1
2,11,8,4,7,1,4,0,0
2,15,9,4,0,1,4,0,0
2,11,8,2,0,5,4,0,0
2,11,8,4,0,3,2,0,0
2,12,13,3,3,1,4,1,0
2,9,12,2,9,0,4,1,1
2,15,9,4,0,1,1,1,0
2,15,9,2,3,0,1,1,0
2,9,12,4,0,2,1,0,0
2,11,8,4,11,3,4,0,0
2,15,9,6,0,4,4,0,0
2,11,8,2,13,0,4,1,0
0,14,14,2,9,0,4,1,0
2,11,8,2,2,0,4,1,1
2,11,8,2,2,0,2,1,0
2,11,8,5,6,4,4,0,0
2,9,12,0,3,1,4,0,1
2,9,12,2,11,0,4,1,1
2,11,8,4,5,3,4,1,0
2,4,2,2,7,0,4,1,0
2,15,9,6,3,1,4,0,1
2,11,8,2,5,0,4,1,1
2,14,14,4,9,1,4,1,0
2,5,3,4,7,1,4,1,0
2,11,8,2,2,0,4,1,0
2,15,9,4,0,4,4,1,0
2,15,9,4,4,1,4,0,0
2,15,9,6,12,4,4,0,0
1,9,12,2,9,0,4,1,0
2,15,9,2,9,0,4,1,0
1,9,12,3,9,1,4,1,0
2,11,8,2,12,0,4,1,1
0,15,9,4,0,4,2,0,0
2,11,8,0,9,1,4,1,0
5,12,13,2,9,0,4,1,1
2,9,12,2,13,0,4,1,0
2,6,4,2,2,0,4,1,0
4,9,12,2,0,0,4,1,0
1,11,8,2,7,0,4,1,0
2,9,12,4,3,1,4,1,0
2,15,9,2,2,0,4,1,0
2,11,8,2,13,0,4,1,1
2,15,9,0,7,3,4,1,0
2,11,8,2,11,0,4,1,0
4,11,8,0,4,1,4,1,0
5,12,13,0,9,1,4,0,0
2,11,8,4,0,1,4,0,0
2,1,6,4,7,3,4,1,0
2,15,9,4,7,3,4,0,0
1,11,8,2,5,2,4,1,0
4,14,14,2,9,0,4,1,1
2,11,8,0,11,1,4,0,0
2,11,8,4,0,3,4,0,0
2,15,9,4,6,2,4,1,0
2,11,8,4,7,1,4,1,0
2,15,9,0,3,1,4,0,1
2,1,6,4,2,3,4,1,0
2,8,10,6,0,1,4,0,0
2,9,12,0,11,4,4,1,0
2,9,12,0,3,1,0,1,0
2,11,8,2,11,0,4,1,1
1,15,9,4,0,4,0,0,0
2,15,9,2,11,0,4,1,1
2,1,6,4,5,3,4,1,0
2,11,8,4,3,3,4,0,0
1,9,12,0,9,4,4,0,1
2,12,13,4,9,1,4,0,1
0,9,12,4,9,1,4,1,1
2,11,8,4,0,1,4,0,0
2,15,9,4,7,3,4,0,0
2,11,8,2,8,2,2,0,0
2,14,14,2,9,0,4,1,1
2,15,9,4,7,1,4,1,0
1,11,8,2,10,0,4,1,1
2,11,8,0,11,2,4,0,0
2,15,9,2,0,5,4,0,1
2,11,8,4,3,1,4,0,0
2,9,12,2,3,0,4,1,1
2,11,8,0,7,4,2,1,0
5,11,8,2,0,0,4,1,0
2,15,9,2,11,0,4,1,1
2,11,8,2,6,0,2,1,0
2,1,6,2,6,0,4,1,0
2,15,9,2,13,0,4,1,0
2,6,4,4,6,3,4,0,0
2,8,10,0,11,1,4,1,0
4,5,3,2,4,0,4,1,0
2,15,9,4,7,3,4,0,0
1,12,13,2,3,0,4,1,1
2,11,8,4,5,3,4,1,0
2,15,9,5,3,1,2,1,0
2,11,8,2,3,0,4,1,1
2,11,8,2,2,0,4,1,1
0,11,8,4,0,1,4,0,0
2,11,8,4,7,3,4,0,0
2,15,9,0,0,4,4,0,0
2,11,8,4,2,3,4,1,0
2,9,12,2,13,0,4,1,1
2,11,8,0,11,1,4,0,0
1,15,9,4,10,3,4,1,0
0,15,9,0,0,4,4,0,0
2,9,12,0,3,1,4,0,0
2,15,9,4,7,3,4,1,0
2,9,12,2,12,0,4,1,1
5,10,15,2,9,0,2,1,1
2,9,12,4,11,3,4,1,0
2,11,8,5,0,1,4,0,0
2,11,8,0,7,1,4,1,0
2,15,9,2,9,0,4,1,0
2,11,8,4,11,3,2,0,0
2,7,11,6,0,4,4,0,0
2,15,9,4,11,1,4,0,0
5,12,13,4,9,1,4,0,0
3,15,9,0,6,1,4,1,0
2,15,9,6,0,1,4,0,0
2,11,8,0,0,1,4,0,0
2,11,8,0,2,1,4,1,0
2,11,8,6,11,1,4,0,0
2,9,12,2,9,0,4,1,0
2,11,8,0,6,4,2,0,0
2,9,12,4,0,1,4,1,0
2,1,6,4,7,4,0,1,0
2,9,12,2,9,0,4,1,0
2,12,13,4,9,3,4,1,0
2,7,11,2,0,5,4,0,0
2,0,5,4,11,3,4,1,0
5,12,13,5,9,1,4,1,0
2,11,8,6,7,4,2,0,0
2,11,8,0,7,4,4,0,0
2,9,12,4,0,1,4,0,0
4,15,9,2,4,0,4,1,0
2,11,8,2,11,5,4,0,0
2,15,9,4,0,1,4,1,0
2,9,12,4,11,3,4,1,0
2,3,1,2,6,0,4,1,1
2,12,13,4,9,1,4,0,0
0,9,12,2,3,0,4,1,0
2,0,5,0,2,3,4,1,0
1,2,7,4,9,3,4,1,0
2,15,9,4,6,1,4,1,0
2,12,13,2,9,0,4,1,1
1,11,8,2,3,0,4,1,0
4,15,9,2,11,0,4,1,1
3,14,14,2,9,0,4,1,1
2,1,6,4,11,3,4,0,0
2,11,8,0,2,1,4,1,0
4,15,9,2,7,5,4,0,0
2,0,5,0,11,1,4,0,0
2,6,4,2,2,0,4,1,0
2,14,14,4,9,1,4,1,1
5,9,12,2,0,0,2,1,0
1,15,9,2,7,0,4,1,1
3,11,8,2,11,0,4,1,1
2,15,9,2,11,0,4,1,1
2,9,12,2,9,0,4,1,0
2,15,9,2,3,0,4,1,1
2,15,9,4,7,3,4,0,0
2,7,11,2,4,0,4,1,0
5,15,9,4,9,3,4,0,0
2,11,8,5,11,2,4,0,0
2,15,9,4,9,1,4,1,0
2,8,10,4,7,4,2,0,0
2,12,13,2,11,0,4,1,1
2,3,1,4,6,1,4,0,0
2,15,9,2,11,5,4,0,0
2,11,8,0,6,4,4,1,0
2,15,9,2,5,0,4,1,0
4,5,3,0,7,4,4,0,0
4,9,12,4,9,3,4,1,0
2,11,8,4,5,3,2,1,0
4,6,4,2,2,0,4,1,0
1,11,8,2,10,0,4,1,1
4,9,12,2,2,0,4,1,0
5,12,13,0,9,4,4,0,0
0,7,11,2,0,5,4,0,1
2,11,8,4,10,2,2,1,0
2,4,2,4,2,1,4,1,0
2,1,6,2,2,0,4,1,0
2,5,3,2,5,0,4,1,0
2,1,6,4,7,2,4,1,0
2,15,9,5,0,1,4,0,0
2,12,13,0,3,1,4,0,1
2,13,0,6,2,4,2,1,0
2,11,8,2,2,0,4,1,1
0,11,8,1,11,5,4,0,0
1,9,12,0,9,4,4,0,0
2,11,8,2,0,0,4,1,0
2,11,8,3,7,3,4,0,0
2,15,9,5,0,3,4,0,0
2,14,14,2,3,0,4,1,0
2,11,8,4,9,1,4,0,0
2,9,12,2,3,0,4,1,1
2,15,9,5,0,4,4,0,0
2,11,8,2,6,0,4,1,1
2,0,5,5,7,1,4,0,0
2,11,8,0,12,4,4,0,0
3,9,12,2,3,0,4,1,1
2,11,8,2,5,0,4,1,0
2,15,9,2,11,0,4,1,0
2,15,9,2,7,0,4,1,0
2,1,6,0,7,4,4,0,0
2,6,4,6,8,1,2,0,0
1,11,8,0,0,3,4,0,0
3,14,14,2,3,0,4,1,1
2,11,8,4,5,3,4,1,0
2,15,9,4,11,3,4,0,0
1,12,13,4,0,1,4,0,0
2,1,6,4,6,4,4,0,0
2,15,9,0,11,4,4,0,0
2,9,12,2,3,0,4,1,0
2,11,8,2,11,0,4,1,1
4,11,8,2,4,0,4,1,0
2,5,3,4,2,2,4,1,0
2,11,8,0,2,4,2,1,0
2,11,8,4,2,1,4,1,0
2,7,11,2,11,5,4,0,1
2,11,8,3,2,1,1,1,0
2,11,8,0,6,3,2,0,0
2,9,12,4,0,3,4,0,0
2,0,5,2,13,0,4,1,0
4,14,14,4,9,3,4,1,1
2,9,12,4,6,3,4,1,0
1,15,9,2,0,0,4,1,0
2,11,8,4,7,3,4,1,0
4,15,9,2,4,0,4,1,0
2,11,8,4,11,4,2,0,0
2,15,9,2,3,0,4,1,1
2,11,8,2,2,0,4,1,0
5,9,12,4,12,3,1,1,0
2,11,8,4,2,3,2,1,0
2,13,0,4,7,2,4,0,0
2,9,12,2,9,0,4,1,1
2,11,8,4,2,3,4,1,0
2,9,12,2,9,0,4,1,1
2,15,9,6,3,4,2,0,0
2,11,8,4,6,4,2,0,0
2,15,9,2,9,0,4,1,0
2,9,12,2,3,0,4,1,1
1,12,13,5,9,4,4,0,0
2,15,9,0,3,1,4,0,0
3,0,5,2,4,0,4,1,0
2,9,12,4,9,1,4,1,0
2,8,10,2,9,0,4,1,1
4,11,8,4,4,3,4,1,0
2,11,8,4,2,3,4,0,0
2,15,9,2,3,0,4,1,1
2,11,8,4,2,1,4,1,0
2,15,9,4,11,1,4,1,0
4,9,12,4,4,1,4,1,0
2,9,12,2,9,0,4,1,1
2,11,8,0,5,3,4,1,0
2,1,6,2,2,0,2,1,0
2,15,9,4,0,4,2,0,0
2,11,8,0,2,1,4,1,0
2,15,9,2,11,0,4,1,1
2,11,8,0,6,4,4,1,0
5,15,9,0,0,4,2,0,0
2,6,4,4,5,2,4,1,0
4,11,8,2,4,0,4,1,0
2,9,12,4,7,3,4,0,0
1,1,6,2,2,0,2,1,1
2,15,9,4,2,3,4,1,0
2,12,13,2,3,0,1,1,0
2,15,9,4,9,3,4,1,0
2,8,10,4,3,4,4,0,0
2,0,5,2,4,5,0,0,0
1,1,6,2,13,0,4,1,0
2,9,12,4,3,1,4,1,0
2,11,8,0,6,2,4,0,0
2,11,8,2,5,0,4,1,0
2,5,3,2,2,0,4,1,0
2,15,9,5,7,4,4,0,0
2,7,11,4,0,1,4,0,0
2,8,10,0,12,4,4,0,0
2,15,9,0,12,2,4,1,0
2,11,8,4,2,2,4,1,0
2,11,8,2,2,0,4,1,0
3,11,8,2,11,5,4,0,0
2,12,13,5,3,1,4,1,1
2,9,12,2,9,0,4,1,1
5,10,15,4,9,1,4,0,1
2,11,8,2,5,0,4,1,1
5,9,12,2,0,0,4,1,0
0,9,12,2,9,0,4,1,1
2,11,8,4,4,3,4,1,0
2,15,9,4,3,1,2,0,0
5,10,15,2,9,0,4,1,1
2,14,14,2,2,0,1,1,1
2,9,12,2,2,0,4,1,1
2,0,5,4,2,1,2,1,0
2,11,8,4,11,3,4,0,0
4,11,8,2,2,0,4,1,0
2,11,8,2,6,0,4,1,0
2,15,9,4,7,1,4,1,0
5,12,13,2,3,0,4,1,0
2,11,8,6,6,4,4,0,0
2,15,9,2,2,0,4,1,1
2,11,8,1,0,0,4,1,0
1,9,12,6,9,4,4,0,0
1,2,7,2,2,0,4,1,0
4,15,9,2,11,0,4,1,1
1,14,14,4,3,1,2,0,1
5,9,12,4,9,1,4,1,0
2,15,9,4,0,2,4,0,0
2,11,8,4,5,2,4,1,0
2,4,2,0,13,1,4,1,0
2,9,12,4,11,1,4,1,0
4,15,9,2,4,0,4,1,0
3,7,11,2,3,0,4,1,1
3,14,14,2,13,0,4,1,1
2,9,12,0,11,4,4,0,0
2,15,9,2,13,0,4,1,1
2,11,8,2,5,0,4,1,0
4,11,8,2,3,0,4,1,0
2,11,8,2,11,0,4,1,1
1,0,5,2,3,0,4,1,0
2,15,9,4,0,3,4,0,0
2,15,9,4,7,3,4,1,0
2,7,11,0,9,1,4,0,0
2,15,9,2,2,0,4,1,0
2,15,9,4,13,3,4,1,0
1,9,12,6,0,1,4,0,0
2,15,9,0,3,1,4,1,0
2,11,8,4,3,3,4,0,0
2,15,9,2,3,0,4,1,1
2,11,8,4,2,3,2,1,0
2,15,9,4,11,3,4,1,0
2,15,9,4,11,3,4,0,0
2,9,12,2,11,0,4,1,0
2,9,12,2,3,0,4,1,1
5,14,14,2,9,0,4,1,1
2,11,8,0,6,4,4,0,0
3,15,9,6,3,4,4,1,0
2,11,8,4,2,3,4,1,0
2,15,9,4,5,3,4,1,0
4,15,9,4,4,3,4,1,0
2,11,8,0,6,4,2,0,0
1,11,8,0,0,4,4,0,0
4,9,12,2,11,0,4,1,1
2,15,9,5,0,1,4,0,0
2,14,14,2,12,0,4,1,1
3,9,12,2,3,0,4,1,1
1,9,12,2,9,5,4,0,0
3,9,12,2,3,0,4,1,1
5,15,9,0,9,4,4,0,0
2,2,7,4,11,3,4,0,0
3,11,8,2,4,0,4,1,0
2,15,9,0,6,3,4,0,0
2,15,9,4,7,3,4,0,0
2,15,9,2,11,0,4,1,0
2,14,14,2,9,0,4,1,1
5,10,15,2,9,0,4,1,1
2,15,9,2,3,3,4,1,1
2,15,9,4,11,3,4,0,0
2,10,15,2,9,0,4,1,1
2,9,12,2,3,0,4,1,1
2,15,9,4,7,3,4,1,0
2,15,9,2,12,0,4,1,0
3,9,12,2,11,0,4,1,0
2,4,2,4,4,1,4,1,0
2,15,9,0,0,4,4,0,0
2,15,9,4,2,3,4,1,0
2,11,8,2,0,5,4,0,1
2,8,10,0,0,4,4,0,0
2,15,9,4,0,3,4,0,0
2,12,13,2,3,0,4,1,1
5,11,8,2,0,0,4,1,0
2,9,12,4,3,3,4,1,0
2,15,9,2,6,0,4,1,0
0,7,11,5,9,1,4,0,1
2,1,6,0,7,4,3,0,0
2,15,9,2,13,0,4,1,0
2,11,8,4,2,3,4,1,1
2,11,8,2,13,0,4,1,0
2,0,5,2,11,0,4,1,1
0,11,8,0,0,4,4,0,0
2,15,9,4,0,3,4,1,0
2,11,8,2,2,0,4,1,1
2,11,8,2,2,0,4,1,0
2,11,8,2,11,0,4,1,0
2,9,12,4,9,1,4,0,0
2,15,9,2,3,0,1,1,0
3,11,8,2,3,0,4,1,0
2,11,8,2,5,0,4,1,0
4,10,15,2,3,0,4,1,1
0,9,12,2,9,0,4,1,1
2,11,8,2,11,0,4,1,1
2,15,9,2,7,0,4,1,0
2,8,10,2,3,0,4,1,1
1,12,13,0,9,4,4,1,0
1,11,8,2,3,5,4,0,1
2,14,14,2,0,0,4,1,1
2,0,5,2,3,5,4,0,0
2,15,9,2,2,0,4,1,1
2,12,13,2,9,0,4,1,1
2,9,12,2,3,0,4,1,1
2,11,8,2,13,0,4,1,0
5,15,9,4,0,3,4,0,0
4,12,13,2,11,0,4,1,0
5,15,9,4,9,1,4,1,0
2,15,9,2,5,5,4,0,0
2,14,14,0,9,1,4,1,1
2,9,12,2,0,5,4,0,1
4,11,8,3,7,4,4,0,0
1,11,8,2,10,0,4,1,1
2,11,8,4,2,3,4,1,0
2,7,11,4,6,4,4,1,0
2,11,8,6,11,1,4,0,0
2,9,12,2,11,0,4,1,1
2,11,8,5,11,4,2,0,0
3,15,9,2,6,0,4,1,0
2,0,5,2,2,0,4,1,1
2,5,3,5,6,1,2,0,0
2,2,7,0,6,4,2,0,0
2,11,8,0,7,3,2,1,0
2,11,8,3,11,4,4,1,0
2,4,2,3,4,2,4,1,0
3,11,8,2,11,0,4,1,0
2,11,8,2,6,5,4,0,1
2,15,9,2,11,0,1,1,1
2,6,4,4,6,1,4,1,0
2,11,8,4,11,3,1,1,0
2,9,12,2,11,5,4,0,0
2,5,3,4,2,4,4,1,0
1,9,12,2,3,0,4,1,1
2,0,5,6,6,1,4,1,0
2,11,8,6,9,1,4,0,0
2,7,11,2,5,0,4,1,0
2,9,12,2,11,0,4,1,1
2,15,9,4,0,3,4,1,0
2,15,9,2,2,0,4,1,0
2,9,12,2,4,0,4,1,1
2,9,12,2,2,0,4,1,1
2,9,12,2,11,0,4,1,1
2,1,6,0,0,4,4,0,0
3,9,12,0,3,1,4,1,1
4,15,9,4,2,4,4,1,0
2,9,12,0,0,1,2,1,0
4,14,14,2,11,5,4,0,1
1,0,5,2,13,0,4,1,0
2,9,12,2,11,0,4,1,0
2,9,12,2,3,5,2,0,1
4,3,1,5,3,1,4,1,0
2,11,8,0,6,1,4,0,0
2,11,8,4,7,4,2,0,0
2,11,8,3,2,1,4,1,0
2,9,12,2,3,0,3,1,0
2,15,9,4,7,4,4,0,0
2,15,9,5,7,1,2,1,0
2,11,8,4,5,1,4,1,0
2,6,4,4,6,2,4,1,0
1,9,12,5,9,4,4,1,0
2,15,9,2,11,0,4,1,1
2,8,10,4,11,1,4,1,0
3,9,12,2,11,0,4,1,0
2,9,12,2,3,0,4,1,1
2,15,9,4,11,3,2,0,0
1,9,12,4,9,1,4,0,1
2,11,8,4,5,4,4,1,0
4,11,8,2,2,0,4,1,1
2,11,8,0,2,3,4,1,0
2,11,8,4,5,3,4,1,0
2,7,11,0,9,4,4,0,0
4,11,8,2,13,0,4,1,1
3,7,11,5,3,1,4,1,0
2,9,12,2,12,0,4,1,0
2,11,8,2,9,0,4,1,1
0,12,13,2,3,0,4,1,1
2,0,5,4,2,1,4,1,0
2,11,8,2,2,0,4,1,1
2,15,9,0,0,4,4,0,0
2,11,8,2,2,0,4,1,0
2,9,12,0,3,4,4,0,0
2,15,9,4,13,1,4,1,0
1,10,15,4,9,1,4,1,1
2,15,9,4,4,2,4,1,0
2,11,8,5,7,2,4,0,0
2,14,14,2,0,0,4,1,0
2,11,8,4,7,3,4,1,0
2,4,2,4,7,1,4,1,0
3,15,9,2,4,0,4,1,0
5,7,11,2,2,0,4,1,0
2,1,6,2,2,0,4,1,0
2,9,12,2,9,0,4,1,1
4,11,8,2,3,0,4,1,0
2,11,8,0,3,4,4,0,0
2,15,9,4,12,1,4,0,0
2,11,8,2,13,0,4,1,0
2,11,8,2,0,0,4,1,0
2,9,12,2,7,0,4,1,0
2,11,8,0,0,4,4,0,0
4,9,12,0,3,1,4,1,0
2,15,9,4,11,1,4,1,0
2,11,8,0,0,1,4,0,0
2,11,8,2,5,0,2,1,0
2,7,11,2,0,0,4,1,0
2,15,9,4,11,1,4,0,0
2,9,12,2,9,0,4,1,0
2,11,8,2,4,0,4,1,0
2,9,12,4,9,3,4,0,0
2,1,6,4,13,1,2,1,0
0,15,9,2,12,0,4,1,1
2,15,9,2,3,0,4,1,0
2,15,9,4,0,3,4,0,0
2,7,11,2,12,0,4,1,1
2,15,9,2,2,0,4,1,0
2,15,9,2,13,0,4,1,0
2,12,13,6,9,1,4,0,0
2,11,8,0,0,4,4,0,0
2,15,9,0,4,1,4,0,0
2,15,9,2,9,0,4,1,0
2,9,12,2,9,0,4,1,1
2,9,12,0,0,4,4,0,0
2,11,8,4,12,2,4,1,0
2,11,8,2,2,0,4,1,1
2,11,8,0,6,1,4,0,0
2,11,8,2,0,5,4,0,1
2,9,12,2,3,0,4,1,1
2,11,8,6,2,4,4,0,0
1,11,8,0,0,4,4,0,0
2,11,8,5,7,4,4,0,0
3,8,10,2,11,0,3,1,0
2,1,6,4,6,1,2,0,0
2,8,10,5,0,4,4,0,0
2,4,2,3,2,2,4,1,0
2,11,8,2,2,0,4,1,0
2,9,12,2,9,5,4,0,1
2,11,8,2,0,5,4,0,0
2,11,8,2,2,0,4,1,1
2,1,6,4,5,4,4,1,0
2,9,12,4,9,1,4,1,0
2,8,10,4,0,3,4,0,0
2,15,9,4,0,3,4,0,0
2,11,8,2,0,0,4,1,1
3,9,12,2,11,5,4,0,1
2,1,6,4,8,2,4,0,0
2,0,5,4,7,3,2,0,0
2,15,9,2,3,0,4,1,0
2,15,9,4,0,3,4,0,0
2,9,12,2,3,0,4,1,1
2,1,6,2,6,0,4,1,0
2,9,12,2,3,0,4,1,0
4,14,14,2,9,0,4,1,1
2,14,14,2,9,0,4,1,0
2,11,8,5,7,3,4,0,0
2,11,8,0,12,4,4,0,0
2,0,5,2,2,0,4,1,0
2,15,9,2,2,0,4,1,0
4,0,5,2,13,0,2,1,0
2,9,12,2,11,0,4,1,0
4,11,8,2,2,0,4,1,0
2,11,8,5,0,4,4,0,0
2,6,4,4,6,4,3,1,0
4,8,10,2,2,0,4,1,1
2,8,10,2,2,0,4,1,0
2,0,5,2,13,0,4,1,0
2,11,8,2,11,0,4,1,0
4,9,12,2,4,0,4,1,1
2,10,15,2,9,0,4,1,1
2,10,15,6,9,4,4,1,1
2,9,12,2,9,0,4,1,0
2,8,10,2,4,0,4,1,0
3,14,14,5,9,1,4,1,1
5,9,12,4,3,1,4,0,0
0,11,8,4,6,3,2,1,0
2,9,12,2,3,0,4,1,1
2,11,8,2,13,0,2,1,0
4,15,9,2,2,0,4,1,0
2,11,8,2,2,0,4,1,1
2,1,6,4,4,1,4,1,0
1,15,9,2,3,0,4,1,0
2,8,10,2,6,0,0,1,0
2,7,11,2,11,0,4,1,1
2,6,4,5,5,4,2,0,0
2,15,9,4,6,1,2,0,0
2,11,8,2,6,0,4,1,0
2,9,12,2,11,0,4,1,1
4,15,9,2,2,0,4,1,0
2,15,9,2,2,0,4,1,0
1,11,8,5,3,4,4,1,0
2,15,9,4,11,1,4,0,0
2,15,9,4,3,1,4,1,0
2,15,9,4,7,1,4,1,0
2,8,10,0,7,1,4,0,0
2,4,2,2,4,0,4,1,0
2,7,11,4,7,3,4,1,0
1,7,11,0,9,1,4,1,0
2,12,13,2,11,0,4,1,0
3,15,9,2,11,0,4,1,0
2,15,9,4,13,3,4,0,0
4,9,12,2,12,5,4,0,1
2,0,5,4,11,3,4,0,0
2,11,8,2,6,0,4,1,0
2,11,8,2,11,0,4,1,0
2,11,8,0,7,1,4,0,0
2,11,8,2,13,0,4,1,1
2,11,8,2,2,0,4,1,0
4,11,8,2,2,0,4,1,0
2,11,8,2,2,0,4,1,1
3,15,9,4,9,1,4,1,0
2,11,8,4,5,1,4,1,0
2,15,9,2,2,0,2,1,1
2,0,5,4,7,2,0,1,0
2,12,13,0,9,1,4,1,0
2,9,12,2,3,0,4,1,1
2,13,0,2,4,0,4,1,0
2,2,7,2,2,0,4,1,0
4,11,8,2,11,0,4,1,1
1,9,12,4,3,1,4,0,0
2,8,10,0,11,3,4,1,0
5,7,11,4,0,3,4,0,0
1,9,12,0,9,4,2,0,0
2,15,9,4,6,3,4,1,0
2,15,9,4,9,3,4,0,0
2,9,12,2,11,0,4,1,0
2,5,3,6,7,4,4,0,0
2,11,8,0,13,1,4,1,0
3,1,6,4,9,3,4,1,0
2,9,12,2,0,0,4,1,1
1,9,12,4,9,1,4,1,0
2,12,13,2,3,0,4,1,1
2,15,9,2,11,0,4,1,0
2,0,5,2,3,0,4,1,0
2,11,8,2,13,0,4,1,0
2,9,12,4,9,3,4,0,0
2,15,9,4,7,3,4,1,0
2,15,9,2,3,0,4,1,1
2,1,6,4,11,3,4,1,0
2,11,8,2,6,0,2,1,1
2,9,12,4,11,4,4,0,1
5,12,13,4,3,1,4,0,0
2,11,8,0,11,4,4,0,0
2,12,13,2,9,0,4,1,0
2,11,8,4,2,3,2,1,0
2,9,12,2,3,0,4,1,1
2,11,8,4,6,1,4,0,0
2,8,10,2,9,5,4,0,1
2,6,4,2,7,0,4,1,0
2,15,9,4,0,4,4,0,0
2,8,10,2,9,0,4,1,0
2,11,8,2,7,5,4,0,1
2,15,9,4,7,3,2,1,0
2,1,6,4,7,2,2,1,0
4,15,9,2,2,0,4,1,1
2,11,8,2,5,0,4,1,0
2,12,13,2,9,0,4,1,0
2,9,12,2,12,0,4,1,0
2,9,12,4,9,4,4,0,0
2,14,14,2,2,0,4,1,1
2,11,8,0,3,4,4,0,0
2,9,12,4,3,1,4,0,0
4,10,15,2,3,0,4,1,0
4,15,9,0,0,3,4,1,0
1,12,13,4,10,1,4,1,0
2,15,9,4,11,3,4,0,0
2,11,8,6,11,1,4,0,0
2,6,4,0,2,4,4,0,0
2,11,8,4,0,3,4,0,0
2,11,8,0,3,4,4,0,0
2,11,8,2,2,0,4,1,1
1,9,12,2,10,0,4,1,1
2,11,8,0,7,4,4,0,0
2,11,8,2,2,0,4,1,0
0,15,9,2,2,0,4,1,0
4,0,5,2,2,0,4,1,0
2,15,9,2,3,0,4,1,1
2,11,8,2,6,0,4,1,0
2,15,9,4,0,3,2,1,0
2,0,5,4,7,3,4,1,0
2,11,8,0,6,1,2,0,0
2,15,9,2,11,0,4,1,1
2,0,5,4,4,1,4,1,0
2,15,9,4,7,3,4,1,0
2,11,8,4,7,2,2,1,0
5,10,15,2,3,0,4,1,1
4,11,8,6,0,1,4,0,0
2,12,13,2,11,0,4,1,1
4,8,10,2,4,0,4,1,0
2,9,12,4,11,1,4,0,0
1,15,9,2,0,5,4,0,1
1,9,12,0,0,4,4,0,0
2,15,9,5,11,1,4,0,0
2,0,5,2,2,0,4,1,0
4,11,8,4,11,4,2,0,0
2,9,12,4,11,3,4,0,0
1,15,9,2,3,0,4,1,0
2,15,9,4,11,1,2,1,0
2,2,7,0,11,1,4,0,0
2,8,10,4,11,4,4,0,0
2,9,12,4,0,1,1,1,0
1,9,12,4,9,3,4,0,0
2,9,12,0,3,1,2,1,1
3,11,8,0,7,1,4,0,0
3,11,8,2,4,0,4,1,1
2,11,8,4,6,1,4,1,0
2,11,8,0,2,1,4,1,0
4,15,9,2,3,0,4,1,0
2,15,9,0,7,4,4,0,0
2,9,12,4,9,1,4,1,0
2,11,8,2,6,0,4,1,0
2,11,8,4,12,1,4,0,0
2,5,3,2,6,0,4,1,0
2,11,8,2,2,0,4,1,0
5,10,15,2,9,0,4,1,1
2,15,9,2,3,0,4,1,1
2,1,6,4,7,3,4,0,0
5,10,15,2,9,0,4,1,1
3,10,15,2,9,0,2,1,1
2,11,8,2,2,0,4,1,1
2,15,9,3,13,4,4,1,0
2,11,8,2,7,0,4,1,0
1,15,9,2,10,0,4,1,1
2,14,14,4,9,1,4,0,1
2,11,8,4,9,1,4,0,0
2,9,12,4,9,3,4,0,0
4,11,8,2,4,5,4,0,0
2,15,9,4,0,3,2,0,0
1,11,8,0,0,1,0,0,0
2,15,9,2,12,0,4,1,1
2,1,6,0,7,1,4,0,0
2,9,12,4,9,1,4,1,0
4,10,15,2,9,0,4,1,1
2,11,8,2,11,0,4,1,0
2,0,5,4,7,3,0,0,0
2,11,8,2,13,0,4,1,0
4,15,9,5,2,1,4,1,0
2,8,10,2,0,0,4,1,0
3,11,8,2,11,5,4,0,0
0,9,12,2,12,0,2,1,1
1,9,12,4,0,3,2,0,0
2,8,10,2,2,0,4,1,0
2,15,9,0,12,3,4,0,0
4,11,8,0,4,4,4,1,0
2,11,8,5,0,2,4,0,0
2,11,8,4,8,1,4,0,0
4,11,8,6,0,1,4,0,0
2,9,12,2,3,0,4,1,0
2,11,8,2,0,5,4,0,0
2,9,12,4,3,2,4,0,0
2,11,8,2,9,0,4,1,0
1,9,12,0,9,4,4,0,0
2,15,9,4,0,3,4,0,0
2,5,3,6,10,1,4,0,0
2,11,8,0,2,1,4,1,0
2,5,3,2,6,0,3,1,0
2,2,7,2,6,0,1,1,0
2,15,9,0,0,4,4,0,0
2,11,8,4,2,1,4,1,0
2,9,12,2,11,0,4,1,1
4,9,12,4,13,1,4,1,0
2,7,11,4,13,4,4,0,0
2,0,5,2,6,0,4,1,0
5,8,10,2,2,0,4,1,0
2,6,4,2,6,0,4,1,0
2,11,8,2,11,5,4,0,0
2,9,12,2,6,5,1,0,0
0,9,12,4,3,1,4,0,0
2,15,9,4,7,3,4,1,0
2,11,8,4,0,3,2,1,0
2,9,12,2,3,0,4,1,1
5,12,13,2,9,0,2,1,1
2,11,8,0,2,3,4,1,0
2,14,14,2,9,0,4,1,1
2,11,8,2,6,0,4,1,0
2,9,12,2,7,0,1,1,1
2,15,9,4,11,3,2,0,0
2,11,8,2,5,0,4,1,1
2,11,8,2,13,0,4,1,0
2,15,9,4,0,1,4,0,0
2,11,8,4,4,1,4,1,0
2,11,8,2,6,0,4,1,1
4,9,12,2,9,0,4,1,1
4,9,12,4,11,1,2,1,1
2,9,12,2,3,0,4,1,1
2,12,13,0,3,4,4,0,0
2,4,2,2,13,0,4,1,0
2,15,9,2,6,0,4,1,0
4,1,6,2,3,0,4,1,0
2,12,13,2,9,0,3,1,0
2,7,11,2,2,0,4,1,1
2,9,12,2,9,0,4,1,1
2,11,8,2,6,0,0,1,0
1,12,13,0,9,1,4,0,1
2,9,12,2,0,0,4,1,0
2,1,6,4,11,3,4,0,0
2,9,12,2,10,0,2,1,0
2,15,9,2,3,0,2,1,0
2,11,8,0,0,1,4,0,0
2,11,8,2,2,0,4,1,0
4,11,8,4,7,2,4,0,0
2,5,3,4,5,2,4,1,0
2,15,9,0,5,1,4,1,0
2,11,8,2,3,0,4,1,0
2,11,8,2,13,0,4,1,0
2,11,8,2,2,0,4,1,0
2,11,8,2,2,0,4,1,1
2,11,8,2,0,5,4,0,0
1,15,9,2,7,0,4,1,0
4,15,9,0,11,4,4,0,0
2,6,4,4,6,2,4,0,0
2,11,8,2,11,0,4,1,0
2,11,8,0,6,1,4,1,0
2,15,9,2,5,0,4,1,0
2,11,8,4,2,1,2,1,0
1,12,13,0,9,1,4,0,0
2,1,6,2,2,0,4,1,0
2,15,9,2,2,0,0,1,1
2,11,8,2,0,0,1,1,0
1,9,12,2,9,5,4,0,0
2,11,8,4,0,1,4,1,0
4,15,9,2,4,0,4,1,0
2,11,8,0,10,3,4,1,0
2,9,12,2,3,2,1,0,1
2,15,9,4,0,3,1,1,0
2,9,12,2,3,0,2,1,1
2,9,12,4,3,3,4,1,0
1,15,9,4,0,3,4,1,0
2,11,8,2,13,0,4,1,0
2,9,12,2,3,0,4,1,1
2,15,9,4,0,4,4,1,1
3,11,8,2,11,0,4,1,1
2,12,13,2,3,0,4,1,1
2,8,10,2,9,5,4,0,1
2,6,4,2,2,0,4,1,0
1,11,8,4,3,4,0,0,0
2,8,10,4,0,1,4,0,0
2,11,8,2,6,0,4,1,1
5,12,13,2,9,5,4,0,1
2,15,9,2,0,0,4,1,0
2,1,6,4,7,2,2,1,0
2,11,8,2,2,0,4,1,0
2,6,4,2,7,0,4,1,0
5,11,8,2,7,0,4,1,1
2,11,8,2,0,0,4,1,0
2,15,9,0,13,1,4,1,0
2,11,8,0,9,1,3,0,0
4,11,8,2,4,0,4,1,0
2,11,8,5,8,4,2,0,0
2,15,9,2,2,0,4,1,0
2,11,8,2,12,0,4,1,0
2,9,12,4,0,1,1,0,0
4,9,12,2,11,0,4,1,1
2,9,12,0,0,4,4,0,0
3,9,12,2,2,0,4,1,1
2,14,14,4,9,1,4,0,0
2,15,9,4,7,1,2,0,0
2,15,9,4,5,3,4,1,0
2,7,11,0,11,4,2,0,0
1,11,8,2,10,0,4,1,0
2,9,12,2,7,0,4,1,0
2,11,8,4,7,1,4,0,0
5,9,12,4,9,4,4,0,0
2,11,8,0,8,3,4,0,0
2,8,10,2,13,0,4,1,0
0,15,9,0,0,1,4,0,0
2,15,9,4,9,1,4,1,0
2,11,8,0,13,4,4,1,1
2,15,9,0,0,4,4,0,0
4,11,8,6,2,1,4,1,0
2,11,8,2,2,0,4,1,0
3,7,11,2,3,0,4,1,1
2,15,9,1,10,0,4,1,0
2,11,8,2,3,0,4,1,1
2,9,12,0,11,1,4,1,0
2,11,8,4,3,3,2,1,0
0,7,11,2,0,0,4,1,0
2,15,9,4,7,3,4,1,0
0,15,9,4,2,1,4,1,0
2,5,3,2,13,0,4,1,1
2,11,8,4,6,1,4,1,0
2,9,12,2,13,0,4,1,0
2,1,6,2,2,0,4,1,0
1,0,5,2,10,0,4,1,0
2,11,8,4,7,3,4,1,0
2,11,8,4,7,3,4,1,0
2,1,6,4,7,2,4,1,0
0,14,14,2,9,0,4,1,1
1,9,12,2,9,0,4,1,0
1,9,12,4,9,1,2,0,0
2,15,9,0,12,4,4,0,0
5,11,8,2,10,0,1,1,1
2,9,12,4,9,1,4,0,0
2,15,9,4,7,3,4,0,0
3,12,13,2,3,0,4,1,1
2,15,9,2,2,0,4,1,0
2,15,9,4,0,1,4,0,0
4,9,12,4,4,4,4,1,0
2,8,10,2,7,5,0,0,0
2,7,11,5,2,1,4,1,0
2,11,8,4,13,3,2,1,0
2,0,5,2,4,0,4,1,0
2,15,9,2,13,0,4,1,0
0,15,9,4,2,1,4,1,0
2,12,13,2,3,0,4,1,1
2,11,8,2,7,0,4,1,0
2,9,12,2,9,0,4,1,1
2,15,9,2,9,0,4,1,0
2,11,8,4,7,1,4,0,0
2,11,8,0,3,1,4,1,0
4,15,9,2,3,0,0,1,0
1,11,8,4,2,1,4,1,0
2,8,10,2,0,0,4,1,0
2,11,8,5,6,4,4,0,0
3,9,12,4,3,3,4,1,0
5,9,12,2,0,0,4,1,1
2,11,8,2,11,5,4,0,1
2,15,9,5,12,4,4,1,1
2,15,9,4,3,1,4,0,0
2,8,10,2,11,0,4,1,1
2,15,9,4,7,3,4,0,0
2,11,8,2,5,0,4,1,0
2,11,8,4,11,1,4,0,0
2,15,9,4,0,1,1,1,0
2,15,9,0,11,1,4,0,0
2,9,12,4,9,4,2,0,0
2,9,12,2,11,0,4,1,1
1,11,8,0,13,4,2,1,0
2,8,10,2,12,0,4,1,1
5,11,8,2,2,0,2,1,1
2,11,8,2,11,5,4,0,1
2,15,9,2,13,0,4,1,1
4,7,11,4,2,1,4,1,0
2,0,5,2,5,0,4,1,0
1,11,8,2,10,0,2,1,0
2,11,8,2,6,0,4,1,0
2,11,8,4,11,1,4,0,0
2,5,3,5,5,1,4,1,0
2,5,3,2,13,0,4,1,0
2,11,8,0,3,4,4,1,0
3,8,10,2,3,0,4,1,0
2,4,2,2,6,5,1,0,1
2,15,9,2,3,0,4,1,1
4,0,5,2,6,0,4,1,0
1,12,13,2,9,0,4,1,1
2,7,11,2,12,0,4,1,1
4,11,8,5,2,4,4,1,0
2,11,8,4,6,3,4,1,0
2,11,8,2,11,0,4,1,1
0,11,8,0,9,1,4,1,0
0,11,8,2,0,0,4,1,1
5,15,9,0,9,4,4,0,0
1,11,8,4,7,3,4,1,0
2,11,8,4,2,2,2,1,0
2,9,12,2,3,0,4,1,1
2,5,3,2,5,0,4,1,0
1,9,12,2,9,0,2,1,0
2,11,8,4,0,1,4,1,0
2,9,12,2,7,0,2,1,0
2,11,8,0,11,4,4,0,0
2,11,8,2,2,0,4,1,1
2,9,12,2,9,0,4,1,0
2,5,3,2,2,0,4,1,0
2,11,8,2,2,0,4,1,1
2,15,9,4,7,3,4,1,0
2,11,8,2,9,0,4,1,0
2,9,12,4,13,3,4,1,0
2,15,9,2,10,0,2,1,0
2,1,6,0,2,1,4,1,0
2,11,8,4,0,3,4,0,0
2,11,8,2,7,0,2,1,0
2,7,11,2,0,0,4,1,0
3,15,9,2,11,0,4,1,0
2,15,9,0,9,1,4,1,1
2,12,13,2,3,0,4,1,1
2,11,8,2,5,0,4,1,0
2,11,8,2,2,0,4,1,1
2,11,8,4,11,3,4,0,0
2,4,2,6,7,4,2,1,0
1,11,8,2,2,0,4,1,1
2,11,8,2,2,0,4,1,0
2,12,13,0,9,1,4,0,0
2,1,6,4,11,3,4,0,0
5,8,10,0,0,4,4,0,0
1,9,12,4,9,1,2,0,0
2,3,1,2,6,0,4,1,0
2,11,8,4,0,4,4,0,0
2,15,9,2,6,0,4,1,0
2,9,12,2,3,0,4,1,1
2,11,8,4,12,1,4,1,0
2,11,8,2,3,0,4,1,0
2,11,8,2,11,0,4,1,0
2,11,8,4,6,2,4,0,0
2,12,13,0,9,1,4,0,0
4,8,10,0,9,1,4,0,0
2,15,9,2,2,0,2,1,1
2,15,9,2,2,0,4,1,1
2,15,9,0,9,4,4,1,0
4,11,8,2,2,0,4,1,0
2,8,10,2,2,0,4,1,0
2,9,12,2,9,0,4,1,1
2,11,8,2,13,5,4,0,0
2,12,13,2,9,5,4,0,1
2,1,6,2,2,0,4,1,0
2,1,6,2,13,0,4,1,0
2,6,4,0,5,1,4,1,0
2,11,8,4,5,3,4,1,0
2,11,8,4,0,3,2,0,0
2,15,9,5,0,1,4,0,0
2,9,12,4,3,1,4,0,0
4,11,8,2,4,0,4,1,0
2,9,12,4,0,3,4,1,0
4,9,12,2,11,0,4,1,0
2,12,13,0,11,1,4,1,0
2,9,12,0,9,4,4,0,0
5,0,5,2,3,0,4,1,1
2,6,4,0,7,1,2,1,0
2,11,8,4,7,3,2,1,0
2,11,8,5,0,1,4,0,0
2,9,12,2,7,0,1,1,0
2,11,8,2,6,0,4,1,1
2,15,9,4,10,3,4,1,0
5,15,9,4,0,3,4,1,0
2,11,8,0,2,2,4,1,1
2,11,8,5,3,1,4,0,0
2,15,9,4,0,4,4,0,0
5,11,8,4,7,1,2,0,0
2,11,8,2,2,0,4,1,0
2,0,5,2,13,0,4,1,0
2,5,3,2,2,0,4,1,0
2,9,12,2,11,0,4,1,0
2,11,8,4,6,3,4,1,0
2,9,12,4,11,3,4,0,0
2,14,14,4,9,1,4,0,1
2,9,12,4,11,1,1,1,1
2,11,8,0,8,1,4,0,0
2,11,8,2,5,0,4,1,1
1,7,11,0,9,1,4,0,0
2,15,9,4,0,3,4,0,0
2,15,9,4,11,1,4,0,0
2,5,3,2,5,0,4,1,0
2,15,9,4,0,3,4,0,0
1,11,8,4,10,3,4,1,0
2,15,9,2,3,0,4,1,0
2,11,8,0,6,3,4,1,0
3,7,11,4,11,1,4,1,0
2,11,8,0,0,4,4,0,0
2,8,10,0,11,3,4,0,0
2,11,8,4,0,2,4,0,0
2,11,8,2,2,0,4,1,0
2,15,9,4,3,1,2,1,0
4,15,9,2,4,0,4,1,0
2,11,8,0,7,1,4,0,0
3,11,8,2,3,0,4,1,0
1,11,8,4,10,1,4,1,0
2,8,10,2,2,0,4,1,1
2,9,12,4,3,3,4,0,0
2,0,5,0,7,1,4,0,0
2,11,8,0,2,1,4,1,0
5,9,12,4,3,1,4,0,0
0,11,8,0,0,4,2,0,0
2,9,12,2,5,5,4,0,1
1,11,8,0,7,1,4,0,0
2,15,9,4,11,3,4,0,0
2,11,8,4,6,2,2,1,0
4,15,9,2,2,0,4,1,0
2,8,10,0,2,1,0,1,0
2,9,12,2,11,0,4,1,0
4,9,12,4,9,1,2,1,0
2,11,8,0,13,1,4,1,0
2,9,12,2,2,0,4,1,1
3,14,14,2,9,0,1,1,1
2,15,9,2,5,0,4,1,1
2,7,11,2,2,0,4,1,1
2,9,12,2,11,0,4,1,1
2,1,6,0,11,3,4,1,0
2,11,8,4,11,3,4,0,0
2,11,8,2,11,0,4,1,0
4,11,8,2,7,5,1,0,0
2,1,6,0,5,1,4,0,0
2,7,11,4,3,3,4,1,0
2,11,8,4,7,4,4,0,0
2,1,6,4,5,3,4,1,0
1,15,9,0,0,4,4,0,0
2,9,12,0,9,4,4,0,0
2,11,8,4,0,1,4,0,0
2,9,12,2,3,0,4,1,1
4,11,8,4,2,3,2,0,0
2,15,9,4,12,3,4,1,0
2,11,8,2,11,0,4,1,0
2,11,8,4,5,3,4,0,0
2,5,3,2,2,0,4,1,0
4,11,8,0,7,3,4,0,0
2,15,9,0,2,4,4,0,0
2,9,12,2,3,0,4,1,1
2,9,12,2,9,0,4,1,1
2,15,9,4,0,3,4,1,0
1,12,13,2,9,0,4,1,0
2,0,5,2,6,0,4,1,0
1,12,13,2,9,0,4,1,1
2,1,6,4,5,3,4,1,0
2,11,8,2,13,0,4,1,0
2,9,12,4,2,4,4,1,0
2,11,8,2,7,0,4,1,0
1,6,4,2,13,0,2,1,0
2,15,9,4,5,1,4,1,0
2,9,12,4,11,1,4,0,0
2,13,0,2,7,1,4,1,0
2,9,12,4,11,1,1,1,0
2,11,8,4,0,1,4,0,0
5,15,9,0,10,4,0,0,1
1,9,12,4,0,1,4,0,0
2,8,10,2,13,0,4,1,0
2,11,8,4,12,3,4,1,0
2,9,12,4,11,1,4,1,0
2,11,8,2,13,0,4,1,0
2,15,9,0,0,1,4,0,0
2,11,8,2,0,0,4,1,1
2,15,9,2,6,0,4,1,0
2,6,4,0,7,3,4,0,0
2,9,12,4,11,1,4,1,0
1,11,8,2,13,0,4,1,0
4,11,8,2,3,0,2,1,0
4,14,14,2,9,0,4,1,1
2,9,12,4,9,3,4,0,0
2,4,2,4,2,4,4,1,0
3,15,9,2,4,0,4,1,0
2,11,8,2,2,0,4,1,1
2,11,8,0,0,4,4,0,0
2,15,9,2,2,0,4,1,1
4,15,9,4,0,3,4,0,0
5,11,8,2,10,0,4,1,0
2,2,7,0,6,1,4,1,0
5,15,9,4,0,1,4,0,0
2,11,8,2,3,0,4,1,1
2,11,8,0,2,4,4,0,0
4,8,10,2,4,0,4,1,0
2,15,9,4,7,3,4,1,0
5,11,8,0,0,1,4,1,0
5,15,9,0,9,4,4,0,0
3,9,12,4,11,1,4,1,0
2,15,9,4,0,3,4,0,0
2,11,8,0,5,1,4,1,0
2,15,9,2,11,0,2,1,0
2,11,8,2,2,3,4,1,0
4,6,4,2,2,0,4,1,0
5,15,9,3,12,4,4,1,0
2,1,6,4,7,3,4,0,0
1,15,9,2,3,0,4,1,0
2,15,9,4,7,1,1,0,0
2,12,13,2,12,0,4,1,1
3,11,8,5,7,1,4,1,0
1,11,8,2,2,0,4,1,1
2,9,12,2,3,0,4,1,1
2,11,8,2,0,0,4,1,0
1,9,12,4,9,1,4,0,0
2,11,8,4,13,3,2,1,0
2,15,9,6,7,1,4,0,0
2,11,8,2,11,0,4,1,1
2,11,8,4,2,1,4,1,0
2,9,12,4,9,3,4,1,0
2,8,10,2,0,0,4,1,0
2,15,9,0,6,4,4,0,0
2,11,8,2,13,0,4,1,0
2,2,7,4,2,1,2,1,0
2,15,9,4,6,1,2,0,0
2,15,9,4,11,3,4,1,0
2,2,7,4,2,3,4,1,0
0,15,9,2,10,0,1,1,0
2,11,8,2,6,5,4,0,0
2,2,7,4,7,1,4,0,0
2,8,10,2,6,0,4,1,0
2,11,8,0,3,1,4,0,0
2,9,12,5,3,1,4,1,1
4,15,9,4,4,1,4,1,0
2,11,8,4,7,3,4,0,0
2,11,8,6,6,1,4,0,0
1,12,13,4,9,1,4,0,1
2,15,9,4,12,3,4,0,0
2,7,11,2,9,0,4,1,1
2,11,8,2,4,0,4,1,0
2,11,8,4,6,3,4,1,0
4,11,8,0,2,1,4,1,0
2,15,9,4,11,2,2,1,0
2,0,5,4,11,1,4,1,0
2,9,12,4,9,1,4,0,0
2,11,8,4,0,1,4,0,0
2,15,9,0,11,4,4,0,0
2,15,9,0,2,1,4,1,1
2,1,6,4,2,3,4,1,0
2,15,9,4,7,3,4,0,0
2,11,8,0,7,4,4,0,0
1,11,8,4,7,1,2,1,0
2,8,10,0,0,4,2,0,0
2,15,9,2,2,0,4,1,0
4,8,10,0,3,4,4,1,0
2,6,4,2,3,0,4,1,1
2,9,12,4,9,1,4,0,0
2,15,9,6,3,4,4,0,0
5,9,12,4,9,1,4,1,0
2,15,9,5,11,4,4,0,0
2,7,11,4,9,1,4,1,0
2,1,6,4,2,1,4,1,0
4,7,11,2,11,0,4,1,0
0,11,8,4,2,1,2,1,0
1,9,12,2,9,5,4,0,1
2,9,12,2,11,0,4,1,0
0,11,8,4,6,3,4,1,0
2,11,8,0,12,1,4,0,0
2,15,9,3,2,1,4,1,0
2,11,8,0,0,4,2,0,0
2,9,12,4,5,1,4,1,0
2,11,8,2,0,2,4,0,0
2,11,8,2,2,0,4,1,1
4,7,11,2,13,0,4,1,1
2,15,9,4,7,1,4,1,0
2,15,9,0,11,1,4,1,0
2,11,8,4,7,1,4,1,0
2,15,9,4,0,3,1,0,0
2,11,8,2,4,5,4,0,0
2,9,12,2,3,0,4,1,1
2,9,12,2,9,0,4,1,1
2,9,12,2,2,0,4,1,1
2,11,8,4,13,1,4,1,0
2,15,9,4,7,2,4,1,0
0,11,8,0,0,1,4,0,0
2,11,8,2,3,0,4,1,1
2,11,8,6,7,4,4,0,0
1,9,12,5,9,1,4,0,0
2,15,9,4,11,3,4,1,0
2,9,12,5,0,4,4,1,0
2,11,8,0,9,4,4,0,0
2,8,10,2,5,0,4,1,0
0,5,3,6,7,4,4,0,0
2,15,9,2,11,5,2,0,0
2,11,8,2,7,0,4,1,0
2,11,8,4,6,3,4,0,0
2,11,8,2,6,0,4,1,1
2,11,8,4,0,2,2,0,0
2,9,12,2,6,0,0,1,0
2,2,7,2,6,0,4,1,0
2,8,10,4,3,4,4,0,0
2,14,14,4,9,1,4,0,0
2,11,8,2,11,0,2,1,0
2,11,8,4,7,3,4,1,0
2,11,8,4,7,1,4,0,0
2,15,9,4,11,1,4,0,0
2,11,8,4,4,4,4,1,0
2,6,4,2,7,0,4,1,0
2,3,1,2,2,0,1,1,0
2,15,9,2,2,0,4,1,1
2,11,8,4,0,3,4,1,0
2,11,8,2,12,0,4,1,1
2,15,9,2,6,0,4,1,0
4,11,8,2,4,0,4,1,0
4,12,13,2,11,0,4,1,1
2,14,14,2,9,0,4,1,1
2,15,9,4,2,3,4,1,0
2,11,8,0,3,1,4,0,0
4,15,9,6,2,1,4,0,0
2,9,12,5,0,4,2,1,0
2,11,8,4,0,1,4,0,0
2,15,9,2,3,0,4,1,0
2,15,9,4,2,3,4,1,0
2,11,8,2,0,0,4,1,0
2,9,12,0,3,1,4,1,1
4,15,9,4,2,1,4,1,0
2,8,10,5,9,3,4,0,0
2,9,12,4,2,1,4,1,0
2,3,1,2,13,0,4,1,0
2,11,8,4,5,3,4,1,0
1,11,8,2,10,0,4,1,1
3,15,9,4,3,1,4,1,0
1,15,9,2,11,0,4,1,0
2,15,9,2,9,0,4,1,0
2,15,9,4,7,4,2,0,0
3,14,14,2,9,0,4,1,1
2,15,9,3,0,3,4,0,0
2,15,9,4,11,3,4,0,0
1,12,13,2,9,0,4,1,1
2,11,8,2,13,0,4,1,1
4,11,8,2,3,0,4,1,0
2,11,8,4,0,4,4,0,0
2,11,8,4,3,4,2,0,0
2,15,9,0,5,1,0,0,0
2,12,13,2,3,0,4,1,1
2,11,8,4,5,3,4,1,0
2,11,8,2,6,0,4,1,1
2,15,9,2,9,5,4,0,0
0,10,15,2,9,0,4,1,1
0,15,9,0,3,4,4,1,0
2,11,8,4,2,3,4,1,0
0,7,11,4,0,1,4,0,0
2,9,12,4,9,1,4,0,1
2,7,11,2,5,0,2,1,0
0,11,8,2,13,0,4,1,0
2,8,10,4,3,4,4,0,0
2,9,12,2,11,0,4,1,1
2,11,8,2,6,0,1,1,0
2,15,9,2,3,5,4,0,1
2,15,9,2,6,0,4,1,0
2,11,8,2,13,0,4,1,0
2,15,9,4,3,3,4,0,0
2,0,5,4,0,3,4,1,0
4,9,12,2,9,0,4,1,1
2,11,8,4,2,1,4,1,0
2,15,9,2,3,0,4,1,0
2,6,4,2,6,5,4,0,1
1,1,6,4,11,3,4,1,0
2,9,12,2,3,0,4,1,1
4,9,12,3,3,1,2,1,1
2,11,8,0,6,1,2,0,0
2,15,9,4,11,2,4,0,0
2,11,8,2,6,0,4,1,0
2,15,9,2,2,0,4,1,0
0,15,9,5,2,1,2,1,0
2,11,8,2,2,0,4,1,0
4,9,12,2,9,5,4,0,1
2,15,9,4,2,2,4,1,0
2,11,8,2,7,0,4,1,0
2,11,8,4,9,1,4,1,0
2,1,6,4,5,2,4,1,0
2,2,7,4,11,1,4,0,0
2,15,9,4,11,3,4,1,0
2,11,8,4,3,3,4,0,0
2,1,6,0,7,4,4,0,0
1,15,9,2,3,5,4,0,1
2,9,12,4,11,3,4,0,0
2,15,9,2,11,0,1,1,0
2,15,9,2,2,0,4,1,1
2,11,8,2,0,0,4,1,0
2,11,8,2,13,0,4,1,0
2,12,13,2,9,0,4,1,1
2,7,11,0,7,3,4,0,0
4,6,4,0,2,1,4,1,0
2,15,9,4,0,3,4,0,0
3,11,8,2,0,0,4,1,1
2,9,12,4,7,2,4,1,0
2,1,6,5,6,4,2,1,0
2,11,8,0,2,4,2,1,0
4,15,9,0,11,4,4,0,0
2,9,12,2,2,0,4,1,0
2,11,8,2,13,0,0,1,0
2,9,12,2,0,0,4,1,0
2,11,8,2,5,0,4,1,0
2,11,8,4,0,1,4,0,0
4,7,11,0,3,1,4,1,0
2,8,10,4,12,1,4,1,0
2,10,15,2,9,0,4,1,1
2,11,8,4,11,1,4,1,0
3,14,14,2,9,0,4,1,1
3,14,14,2,9,0,2,1,1
2,9,12,4,3,1,4,0,0
2,11,8,2,11,0,4,1,1
2,1,6,4,6,3,4,1,0
1,12,13,2,3,0,4,1,1
2,11,8,5,7,1,2,0,0
2,15,9,4,3,3,4,0,0
0,15,9,0,0,1,4,1,0
3,15,9,4,11,1,4,1,0
3,9,12,4,0,3,1,0,0
2,11,8,4,11,2,4,1,0
4,11,8,0,4,4,4,1,0
5,9,12,4,9,1,4,1,0
2,15,9,4,7,3,4,1,0
2,15,9,2,11,0,3,1,0
2,11,8,6,0,4,4,0,0
2,12,13,2,3,0,4,1,1
2,15,9,2,11,0,4,1,0
2,8,10,4,6,3,4,0,0
2,2,7,4,11,3,4,1,0
2,0,5,2,13,0,2,1,1
2,11,8,2,0,0,4,1,1
2,11,8,2,0,5,4,0,0
2,0,5,2,13,0,4,1,1
4,14,14,2,9,0,4,1,1
5,12,13,2,9,0,4,1,1
2,11,8,4,2,1,4,1,0
5,15,9,2,7,0,4,1,0
2,9,12,0,3,4,4,0,1
0,14,14,4,9,1,4,1,1
2,9,12,2,11,0,1,1,0
2,9,12,4,9,1,4,1,0
2,15,9,4,3,4,2,0,0
2,9,12,4,11,1,4,1,0
2,11,8,6,0,4,4,0,0
2,11,8,3,0,4,4,0,0
2,0,5,2,2,0,2,1,1
2,8,10,4,9,1,4,0,0
2,7,11,5,7,1,4,1,0
2,1,6,2,11,0,4,1,1
1,9,12,2,9,5,4,0,1
2,1,6,0,11,3,4,0,0
2,15,9,2,2,0,4,1,0
5,9,12,2,3,0,4,1,1
4,15,9,2,4,0,4,1,0
2,8,10,0,7,4,2,0,0
2,9,12,2,3,0,4,1,1
2,9,12,4,9,1,4,0,0
2,7,11,4,13,1,2,1,0
2,11,8,4,5,3,4,1,0
2,15,9,2,6,0,4,1,0
2,15,9,4,5,1,2,1,0
3,11,8,4,6,3,4,0,0
2,9,12,4,3,1,4,1,0
2,9,12,2,2,2,1,1,0
0,9,12,0,3,2,4,0,0
0,11,8,4,0,3,4,1,0
2,11,8,4,0,1,4,0,0
2,11,8,2,11,0,4,1,0
2,11,8,2,7,0,4,1,0
2,0,5,2,5,0,2,1,0
1,9,12,2,9,0,1,1,0
2,11,8,4,3,1,4,0,0
2,5,3,2,6,5,2,0,0
2,11,8,4,7,1,4,1,0
4,2,7,0,7,4,4,0,0
2,0,5,2,0,0,4,1,0
1,15,9,0,3,1,4,0,0
2,11,8,0,5,3,1,0,0
4,11,8,4,6,3,4,1,1
2,11,8,4,5,3,4,0,0
1,9,12,4,9,1,2,0,0
2,9,12,2,9,0,4,1,1
2,11,8,4,11,3,1,0,0
5,12,13,2,9,0,4,1,1
2,11,8,0,0,2,4,0,0
2,8,10,2,4,0,4,1,0
2,11,8,2,4,0,4,1,1
2,0,5,4,2,1,4,1,0
2,7,11,2,3,5,2,0,1
4,9,12,2,9,0,4,1,1
2,11,8,2,2,0,4,1,0
4,15,9,2,6,0,4,1,1
5,11,8,4,9,1,4,1,0
2,11,8,2,2,0,2,1,0
2,15,9,4,7,3,4,1,0
2,1,6,2,5,0,4,1,1
2,11,8,4,0,4,4,0,0
5,15,9,2,13,0,4,1,0
4,11,8,2,3,0,4,1,1
2,15,9,4,6,1,4,1,0
1,5,3,2,7,0,4,1,0
2,11,8,4,7,4,4,0,0
2,8,10,4,11,1,4,1,0
2,15,9,0,0,1,4,0,0
2,9,12,2,2,0,4,1,0
2,15,9,2,11,0,4,1,1
1,12,13,2,9,0,4,1,0
2,11,8,0,0,4,4,0,0
2,11,8,6,0,1,4,0,0
2,12,13,2,3,0,4,1,1
2,1,6,4,5,1,4,1,0
2,11,8,4,0,4,2,0,0
2,9,12,2,9,5,2,0,1
5,9,12,2,10,0,4,1,0
2,15,9,0,9,4,4,0,0
2,11,8,4,7,3,4,1,0
2,7,11,4,0,1,4,0,0
2,15,9,0,11,4,1,0,0
2,15,9,2,11,0,4,1,1
2,7,11,4,7,1,4,1,0
2,11,8,4,0,1,4,0,0
2,15,9,5,0,1,4,0,0
2,15,9,2,7,5,4,0,0
2,6,4,4,6,1,4,0,0
2,9,12,2,11,0,4,1,0
2,8,10,2,3,0,4,1,1
2,7,11,4,7,3,4,1,0
2,11,8,2,11,0,2,1,1
4,15,9,4,2,1,1,1,0
2,10,15,2,3,0,4,1,1
3,9,12,2,6,0,4,1,1
2,11,8,5,13,4,2,0,0
2,15,9,2,2,0,4,1,1
2,8,10,5,0,4,4,0,0
2,11,8,4,11,3,4,0,0
2,11,8,0,3,1,4,0,0
1,11,8,2,7,5,4,0,0
2,11,8,2,2,0,1,1,0
4,11,8,2,4,0,4,1,0
2,11,8,4,13,3,2,1,0
2,9,12,0,0,1,4,0,0
0,8,10,4,9,2,1,1,0
2,9,12,2,3,0,4,1,1
5,15,9,0,10,2,4,1,0
2,12,13,4,3,1,4,1,0
2,9,12,2,3,0,4,1,1
2,1,6,4,7,3,4,0,0
2,11,8,4,11,4,4,0,0
2,14,14,2,9,0,1,1,1
4,15,9,5,5,3,4,1,0
2,15,9,2,0,5,4,0,1
2,2,7,2,2,0,4,1,0
2,15,9,4,0,3,4,1,0
2,0,5,2,13,0,4,1,1
2,15,9,2,12,0,2,1,0
2,7,11,4,9,3,4,1,0
5,0,5,0,7,1,2,0,0
1,9,12,4,9,1,2,1,1
4,15,9,4,2,3,4,1,0
4,11,8,2,3,0,4,1,1
2,5,3,4,7,2,4,1,0
2,6,4,6,7,4,2,0,0
1,15,9,2,7,0,4,1,0
2,11,8,2,13,0,4,1,0
2,11,8,4,5,1,2,1,0
2,15,9,4,11,1,4,0,0
2,15,9,5,11,4,2,0,0
2,11,8,4,11,3,1,0,0
2,11,8,0,9,4,4,0,0
2,11,8,2,5,0,4,1,1
1,7,11,2,9,5,2,0,1
2,15,9,2,13,0,4,1,1
2,15,9,4,7,1,4,1,0
1,8,10,2,9,0,4,1,0
2,8,10,2,2,5,4,0,0
2,11,8,4,5,3,2,1,0
2,11,8,0,7,4,4,0,0
2,1,6,4,4,3,4,1,0
2,11,8,2,3,0,4,1,0
1,9,12,2,9,0,4,1,1
2,15,9,2,2,0,4,1,1
2,9,12,4,11,1,4,0,0
2,11,8,2,2,0,4,1,0
2,11,8,2,12,0,4,1,1
2,1,6,4,11,3,4,1,0
2,11,8,2,2,0,4,1,0
5,10,15,4,9,1,2,0,0
2,11,8,4,3,2,4,0,0
2,9,12,2,3,0,4,1,1
4,15,9,2,3,0,4,1,0
0,7,11,4,13,1,2,1,0
1,12,13,4,9,3,4,1,0
2,15,9,2,2,0,4,1,0
2,11,8,4,12,3,2,1,0
2,9,12,2,0,0,4,1,0
4,15,9,0,12,1,4,0,1
2,15,9,4,12,3,4,1,0
2,15,9,2,2,0,4,1,1
1,11,8,2,7,0,4,1,0
2,11,8,2,11,0,4,1,0
2,6,4,3,2,1,4,1,0
2,0,5,2,2,0,4,1,0
2,2,7,4,2,2,3,1,0
2,11,8,4,11,3,4,0,0
2,6,4,0,5,1,4,1,0
4,8,10,2,13,5,4,0,1
2,11,8,0,6,4,4,0,0
2,11,8,2,4,0,4,1,0
4,0,5,2,2,0,4,1,0
2,15,9,4,7,3,4,1,0
2,15,9,0,2,1,4,1,0
0,8,10,2,10,0,4,1,0
2,15,9,4,0,3,4,0,0
0,11,8,0,2,4,4,1,0
2,15,9,4,5,3,4,0,0
2,11,8,4,0,1,4,1,0
5,11,8,4,7,4,2,0,0
2,11,8,2,2,0,4,1,1
2,3,1,6,7,4,3,0,0
2,9,12,0,3,1,4,0,0
2,15,9,2,2,0,4,1,0
2,11,8,4,2,2,4,1,0
2,15,9,2,13,0,4,1,0
2,9,12,2,9,0,4,1,1
1,11,8,0,7,4,4,0,0
2,11,8,0,2,2,4,1,0
2,5,3,4,4,4,3,1,0
2,11,8,4,0,4,4,1,0
2,8,10,4,7,2,4,0,0
2,11,8,2,3,0,4,1,1
2,15,9,4,6,3,4,1,0
5,15,9,4,13,1,2,1,0
0,11,8,4,3,1,4,0,0
2,9,12,4,9,1,4,1,1
2,10,15,4,9,1,4,0,0
1,12,13,2,9,0,4,1,1
2,9,12,2,11,0,4,1,0
2,2,7,4,3,1,4,1,0
2,12,13,2,9,0,4,1,1
2,7,11,0,3,4,4,1,0
1,9,12,0,9,1,2,0,0
3,15,9,2,11,0,4,1,1
2,9,12,2,9,0,4,1,0
3,11,8,0,3,4,4,0,0
4,9,12,2,2,0,4,1,0
0,15,9,2,6,0,4,1,0
2,11,8,4,2,4,4,1,1
2,9,12,0,11,1,2,0,0
0,9,12,2,9,0,4,1,1
2,15,9,4,0,1,4,0,0
0,9,12,0,10,1,4,1,1
4,14,14,0,9,1,4,1,0
2,15,9,4,9,3,4,0,0
2,1,6,4,7,3,4,0,0
1,11,8,2,7,0,4,1,0
2,7,11,4,12,1,4,0,0
4,9,12,4,2,3,4,1,0
2,15,9,2,9,0,4,1,1
2,15,9,4,11,1,4,1,0
2,11,8,4,11,3,1,1,0
2,12,13,2,3,0,4,1,1
2,7,11,2,3,0,4,1,1
2,15,9,4,2,2,1,0,0
2,11,8,4,13,3,1,1,0
2,11,8,2,6,0,4,1,0
2,12,13,2,9,0,4,1,0
0,11,8,2,7,0,4,1,0
4,15,9,2,9,0,4,1,0
2,11,8,0,0,4,4,0,0
2,11,8,2,6,0,4,1,0
2,11,8,2,5,0,2,1,1
2,11,8,2,6,0,4,1,0
2,9,12,2,3,0,4,1,0
2,8,10,4,0,3,2,0,0
3,9,12,2,11,0,4,1,1
1,11,8,4,13,1,1,1,0
1,9,12,4,0,1,4,1,0
2,2,7,2,13,0,4,1,0
2,11,8,2,6,0,4,1,0
2,7,11,4,7,1,1,0,0
2,11,8,2,4,0,4,1,0
0,10,15,4,9,1,4,0,1
2,11,8,0,13,1,4,1,1
1,1,6,0,11,4,4,1,1
5,9,12,2,0,0,4,1,1
2,15,9,4,12,3,4,1,0
2,9,12,0,11,1,4,1,1
2,11,8,2,6,0,4,1,0
2,9,12,2,3,0,4,1,1
2,9,12,4,3,1,4,0,0
2,7,11,0,0,4,4,0,0
2,11,8,2,6,0,4,1,0
2,9,12,0,11,4,4,0,0
2,9,12,4,9,1,2,1,0
2,11,8,2,2,0,4,1,0
2,15,9,2,0,0,4,1,1
2,15,9,4,0,4,1,0,0
3,11,8,2,2,0,4,1,1
2,1,6,0,7,1,4,0,0
2,8,10,0,7,4,4,0,0
2,4,2,3,2,2,4,1,0
2,11,8,6,0,1,4,0,0
2,11,8,2,2,0,4,1,1
2,15,9,2,11,0,4,1,1
2,15,9,0,0,1,4,0,0
0,15,9,0,9,1,4,1,1
2,11,8,4,0,1,4,0,0
2,8,10,4,12,4,2,0,0
2,11,8,4,7,4,4,1,0
0,15,9,0,0,2,2,0,0
2,11,8,5,11,1,4,0,0
0,15,9,2,2,0,4,1,0
2,5,3,4,5,4,4,1,0
0,11,8,2,0,0,4,1,0
2,15,9,2,3,0,4,1,1
2,9,12,5,3,1,4,0,0
4,9,12,2,4,0,4,1,0
2,9,12,2,3,0,4,1,0
2,11,8,4,5,3,4,1,0
2,9,12,4,12,1,1,0,0
2,11,8,4,0,3,4,0,0
2,11,8,4,11,1,4,0,0
3,9,12,2,3,0,4,1,0
2,15,9,2,13,0,4,1,1
4,11,8,4,4,2,4,1,0
2,11,8,4,6,2,4,1,0
2,11,8,2,13,0,4,1,1
5,8,10,2,3,0,4,1,0
2,11,8,4,2,3,2,0,0
5,9,12,2,10,0,4,1,1
2,11,8,4,2,3,4,1,0
2,11,8,2,6,0,4,1,0
2,15,9,4,11,2,4,1,0
4,14,14,2,9,0,4,1,1
2,11,8,4,0,3,4,0,0
2,11,8,2,9,0,4,1,1
2,15,9,2,0,5,4,0,1
1,12,13,2,3,0,4,1,1
0,15,9,0,0,4,2,0,0
2,15,9,2,3,5,4,0,1
5,7,11,0,9,1,2,1,0
2,1,6,4,13,1,4,1,1
2,9,12,4,2,1,4,1,0
2,0,5,2,2,0,4,1,0
2,15,9,4,11,1,4,1,0
3,9,12,2,3,0,4,1,1
0,7,11,4,0,4,2,0,0
2,9,12,2,3,0,4,1,1
2,11,8,2,2,0,4,1,0
4,15,9,2,4,0,4,1,0
2,15,9,4,7,1,4,0,0
2,7,11,4,7,3,4,0,0
2,11,8,4,12,1,4,0,0
2,12,13,2,3,0,4,1,1
3,11,8,4,4,1,4,1,0
2,11,8,4,11,1,4,1,0
2,9,12,2,9,0,4,1,1
4,14,14,2,9,0,4,1,1
1,12,13,4,9,1,4,1,0
2,11,8,2,2,0,4,1,1
1,9,12,4,3,1,4,1,0
2,15,9,2,2,0,4,1,0
2,11,8,2,2,0,1,1,1
2,0,5,4,7,3,4,1,0
2,15,9,4,0,1,4,0,0
1,12,13,6,9,4,4,0,0
2,11,8,2,6,0,4,1,0
2,9,12,4,0,3,4,0,0
2,15,9,4,0,3,2,0,0
2,9,12,4,5,2,4,0,0
2,11,8,2,2,0,4,1,1
2,1,6,4,3,3,4,1,0
2,8,10,2,7,0,4,1,0
2,15,9,4,9,1,4,0,0
4,11,8,2,3,0,4,1,0
2,11,8,2,0,5,4,0,0
2,15,9,2,3,0,4,1,0
1,15,9,4,0,1,4,1,0
2,15,9,2,11,0,4,1,1
2,11,8,0,3,4,4,0,0
2,15,9,5,12,4,4,0,0
2,15,9,3,0,3,4,0,0
4,11,8,0,13,4,4,1,0
2,11,8,4,7,3,4,0,0
2,15,9,0,2,3,4,1,1
5,7,11,5,7,4,2,0,0
2,11,8,2,5,0,4,1,0
0,11,8,2,0,0,2,1,1
0,1,6,6,0,1,4,0,0
2,2,7,4,0,3,4,1,0
2,15,9,2,0,5,4,0,0
5,11,8,2,0,3,4,0,0
2,11,8,2,6,0,4,1,1
3,11,8,2,2,0,4,1,1
2,8,10,2,3,0,4,1,1
2,15,9,2,11,0,4,1,1
1,15,9,2,9,0,4,1,0
2,9,12,4,11,1,4,1,0
2,11,8,2,6,0,4,1,1
0,15,9,0,9,1,0,0,0
2,9,12,2,11,0,4,1,1
3,8,10,2,3,0,4,1,1
2,11,8,2,11,0,4,1,1
3,15,9,2,3,0,4,1,1
2,15,9,2,0,0,4,1,1
2,11,8,0,11,1,4,0,0
1,11,8,2,7,0,4,1,0
2,9,12,6,3,4,4,1,0
2,12,13,5,7,3,4,0,0
2,8,10,6,0,1,4,1,0
1,1,6,4,9,3,4,0,0
2,7,11,2,3,5,4,0,1
2,7,11,4,2,3,3,1,0
2,12,13,4,9,1,4,0,0
4,15,9,2,13,0,4,1,0
2,9,12,4,9,1,4,1,0
2,11,8,4,6,3,2,1,0
2,11,8,4,3,2,4,1,0
2,15,9,4,9,3,4,1,0
5,11,8,2,13,0,4,1,0
2,10,15,2,9,0,1,1,1
2,0,5,2,4,0,4,1,0
2,14,14,2,9,0,4,1,1
2,11,8,2,0,0,4,1,0
4,12,13,2,2,0,4,1,1
2,11,8,2,2,0,4,1,0
2,9,12,0,11,1,4,1,1
2,11,8,3,5,1,4,1,0
2,14,14,2,9,0,4,1,1
2,11,8,4,2,3,2,1,0
0,2,7,4,7,3,4,0,0
1,9,12,2,9,0,4,1,0
2,8,10,5,3,4,2,0,0
4,7,11,0,11,1,4,1,0
2,6,4,2,13,0,4,1,0
2,11,8,2,5,0,4,1,0
2,15,9,4,3,1,4,1,0
2,4,2,4,6,4,4,0,0
2,11,8,2,2,0,4,1,1
3,11,8,2,2,0,4,1,1
2,11,8,4,0,1,4,1,0
1,15,9,4,9,1,4,0,0
3,14,14,0,9,1,4,1,1
2,9,12,4,12,2,4,0,0
2,11,8,2,3,5,4,0,0
2,11,8,4,6,4,4,0,0
2,11,8,2,2,0,2,1,0
2,1,6,4,7,1,4,1,0
4,9,12,2,11,0,4,1,1
2,9,12,2,13,0,4,1,0
5,8,10,4,12,1,4,0,0
4,4,2,4,13,1,4,1,0
5,12,13,4,9,1,1,1,0
1,12,13,2,9,0,4,1,1
2,15,9,0,13,1,4,1,1
2,11,8,2,6,0,2,1,0
1,15,9,0,9,4,4,0,0
2,11,8,0,0,3,2,0,0
0,15,9,4,3,1,4,1,0
2,4,2,4,5,1,4,1,0
2,11,8,2,2,0,4,1,0
2,11,8,2,13,0,0,1,0
3,11,8,2,11,0,4,1,0
0,15,9,2,3,5,2,0,1
2,11,8,2,4,0,3,1,0
2,2,7,4,11,3,4,0,0
2,11,8,4,7,3,4,1,0
4,9,12,2,11,0,4,1,1
2,15,9,4,5,1,4,1,0
3,14,14,2,9,0,4,1,1
4,11,8,2,4,0,4,1,0
2,11,8,2,8,5,4,0,0
2,9,12,2,3,0,4,1,0
0,15,9,2,2,0,4,1,0
5,15,9,4,10,1,4,0,0
2,11,8,2,2,0,4,1,0
5,9,12,0,9,1,4,0,0
2,12,13,2,3,0,4,1,1
4,15,9,2,9,0,4,1,1
2,11,8,2,2,0,4,1,0
2,15,9,4,13,1,4,1,0
2,5,3,5,4,1,4,1,0
2,12,13,2,9,0,4,1,1
2,11,8,2,3,0,4,1,0
2,11,8,5,11,1,4,0,0
1,9,12,2,9,0,4,1,1
2,11,8,4,2,3,4,1,0
2,15,9,2,6,0,4,1,0
5,15,9,2,7,0,4,1,0
2,8,10,2,3,0,2,1,1
2,15,9,0,0,1,4,0,0
2,15,9,2,13,0,4,1,0
2,1,6,4,2,3,4,1,0
2,15,9,2,2,0,4,1,0
4,3,1,3,2,1,4,1,0
2,11,8,2,3,0,4,1,0
2,1,6,2,5,3,4,1,0
2,10,15,4,9,1,4,0,1
2,15,9,4,9,3,4,1,0
4,11,8,2,4,0,4,1,0
2,11,8,2,11,0,4,1,0
4,11,8,2,11,5,4,0,1
0,11,8,4,7,3,2,0,0
2,9,12,0,7,1,4,0,0
2,11,8,2,2,0,4,1,0
2,5,3,2,6,0,4,1,0
2,15,9,5,11,4,2,0,0
2,11,8,4,13,2,1,1,0
2,9,12,0,10,1,4,1,0
2,15,9,4,0,1,2,0,0
2,11,8,2,2,0,4,1,0
2,11,8,4,2,3,4,1,0
4,11,8,2,2,0,4,1,1
2,15,9,2,11,0,4,1,0
2,3,1,4,7,3,4,1,0
2,11,8,0,3,4,4,0,0
2,11,8,0,6,1,4,0,0
5,15,9,2,0,5,4,0,0
1,11,8,6,7,4,2,0,0
2,7,11,2,11,0,4,1,0
1,15,9,2,10,0,4,1,1
2,5,3,2,4,0,4,1,0
5,12,13,2,3,0,4,1,1
2,15,9,2,7,0,4,1,0
4,11,8,2,11,0,4,1,0
2,15,9,4,7,1,1,1,0
2,7,11,3,2,1,4,1,0
2,15,9,2,3,0,4,1,0
2,7,11,4,2,3,4,1,0
3,15,9,2,11,0,4,1,1
2,9,12,3,7,1,4,1,0
2,12,13,2,13,0,4,1,0
0,11,8,6,6,4,4,0,0
4,11,8,2,3,0,4,1,0
2,5,3,4,9,2,2,1,0
2,9,12,4,11,1,4,1,0
2,9,12,2,11,0,3,1,0
2,12,13,2,9,0,4,1,0
2,11,8,2,2,0,4,1,1
1,12,13,2,9,5,4,0,0
2,2,7,4,11,3,4,0,0
2,11,8,4,11,1,4,1,0
2,11,8,4,6,2,4,0,0
5,8,10,6,3,1,0,0,0
4,12,13,2,3,0,4,1,0
2,0,5,0,2,1,4,1,0
5,15,9,2,0,5,4,0,0
1,11,8,6,13,1,4,0,0
2,1,6,2,7,0,4,1,0
2,7,11,4,5,3,4,1,0
3,11,8,2,0,5,4,0,1
5,8,10,2,7,0,2,1,0
2,11,8,4,13,3,4,1,0
2,0,5,0,0,2,4,0,0
2,11,8,2,11,0,4,1,0
2,11,8,5,11,4,4,0,0
2,15,9,4,3,1,4,1,0
4,6,4,2,2,0,4,1,0
2,11,8,2,6,0,2,1,0
2,11,8,2,6,0,4,1,1
4,15,9,0,11,4,4,0,0
2,15,9,4,0,1,4,0,0
2,11,8,0,0,4,4,0,0
2,9,12,2,2,0,4,1,0
4,15,9,0,4,4,4,0,1
2,11,8,2,0,5,4,0,0
2,15,9,2,2,0,4,1,0
1,9,12,2,9,5,4,0,1
2,11,8,2,0,5,2,0,0
1,11,8,2,7,0,4,1,0
2,12,13,4,11,3,4,1,0
0,11,8,2,0,0,4,1,1
1,15,9,2,5,0,4,1,1
4,11,8,2,4,0,4,1,0
2,6,4,2,2,0,4,1,0
2,11,8,4,11,1,4,1,0
2,9,12,2,3,0,4,1,1
2,9,12,4,11,3,4,1,0
4,15,9,2,3,0,4,1,1
2,11,8,2,11,3,4,1,1
1,11,8,0,13,1,2,0,0
1,12,13,2,9,5,4,0,1
2,9,12,0,9,4,4,0,0
2,1,6,4,2,3,4,1,0
2,4,2,2,5,3,4,1,0
5,14,14,0,9,1,4,1,0
2,10,15,2,3,5,4,0,1
2,15,9,4,11,3,4,1,0
4,9,12,2,11,0,4,1,0
2,8,10,6,9,1,4,0,0
2,1,6,4,13,1,2,1,0
2,11,8,2,0,5,2,0,0
3,11,8,2,2,0,4,1,0
2,2,7,4,7,3,4,0,0
2,9,12,2,3,0,4,1,1
2,11,8,2,6,0,4,1,1
1,15,9,0,0,4,4,0,0
5,10,15,2,9,0,1,1,1
2,9,12,2,11,0,4,1,0
2,7,11,0,0,4,4,0,0
4,12,13,2,9,0,4,1,1
1,14,14,2,9,0,4,1,1
2,0,5,4,9,3,4,1,0
2,9,12,4,9,1,4,1,0
2,11,8,4,7,4,2,0,0
2,15,9,4,11,2,2,0,0
2,0,5,2,6,0,4,1,1
4,8,10,4,4,1,4,1,0
2,15,9,4,11,2,4,0,0
2,8,10,2,3,0,4,1,0
2,9,12,4,11,1,4,1,0
2,11,8,4,2,1,4,0,0
3,9,12,2,3,5,1,0,0
2,2,7,4,0,3,4,1,0
0,15,9,2,9,0,4,1,1
2,5,3,2,6,0,4,1,0
2,11,8,2,2,0,4,1,0
1,11,8,2,3,5,2,0,1
2,15,9,2,5,0,4,1,0
5,15,9,2,7,0,4,1,0
2,9,12,0,3,1,4,1,1
1,5,3,0,7,1,4,1,0
3,15,9,2,11,0,4,1,0
2,1,6,4,11,1,4,0,0
2,15,9,2,12,0,4,1,1
2,15,9,4,11,3,4,0,0
2,7,11,4,12,3,4,0,0
5,15,9,2,3,0,4,1,0
2,8,10,5,9,4,4,0,0
2,11,8,2,2,0,4,1,0
0,9,12,0,3,1,4,1,0
2,15,9,0,0,1,4,0,0
2,1,6,4,5,3,4,1,0
4,15,9,2,11,0,4,1,0
2,11,8,2,11,0,4,1,0
1,12,13,2,9,5,4,0,1
2,15,9,4,6,3,4,0,0
1,7,11,4,10,1,2,1,0
2,9,12,4,7,3,4,0,0
2,15,9,4,2,1,4,1,0
2,11,8,4,0,3,4,1,0
2,1,6,4,7,3,4,1,0
2,15,9,4,0,3,4,0,0
2,11,8,4,2,1,4,1,0
2,15,9,0,12,1,4,0,0
2,15,9,4,7,3,4,0,0
2,15,9,2,11,0,4,1,1
4,11,8,4,13,3,4,1,0
2,15,9,2,11,0,4,1,1
5,9,12,4,9,3,4,0,0
2,6,4,2,13,0,4,1,1
2,11,8,0,13,1,4,1,0
2,11,8,4,13,2,4,1,0
2,6,4,4,0,1,4,0,0
2,8,10,2,11,0,4,1,0
2,11,8,2,10,0,4,1,1
2,10,15,2,9,0,4,1,1
2,12,13,2,3,0,4,1,1
2,7,11,4,9,3,4,1,0
2,1,6,2,5,0,4,1,0
3,9,12,0,11,1,4,0,0
5,15,9,2,10,0,4,1,0
2,15,9,4,5,1,4,1,0
2,15,9,4,11,3,4,1,0
3,15,9,2,0,5,4,0,1
2,6,4,5,5,2,4,1,0
2,9,12,2,3,5,4,0,1
2,11,8,4,13,1,4,1,0
4,15,9,2,9,0,3,1,1
2,12,13,6,9,1,4,0,0
2,15,9,4,11,3,4,0,0
4,15,9,2,4,0,4,1,0
2,11,8,2,13,0,4,1,0
2,5,3,2,5,0,4,1,0
4,15,9,2,4,0,4,1,0
2,11,8,0,5,4,4,1,0
2,9,12,2,6,0,4,1,1
2,9,12,4,3,3,4,0,0
0,12,13,0,0,1,4,1,0
4,15,9,2,4,0,4,1,0
2,15,9,4,2,4,4,1,1
2,15,9,0,3,1,4,0,0
4,10,15,4,9,1,4,1,1
4,9,12,4,0,1,2,0,0
4,11,8,2,4,0,4,1,0
2,11,8,4,2,3,4,1,0
2,4,2,2,2,0,4,1,0
2,9,12,2,2,0,4,1,0
2,11,8,4,11,1,4,0,0
2,11,8,0,6,1,4,0,0
2,11,8,2,4,0,4,1,0
2,7,11,2,10,0,4,1,1
2,9,12,4,3,3,4,1,0
1,9,12,2,9,0,4,1,1
2,9,12,2,7,0,1,1,0
2,9,12,4,3,3,4,1,0
2,11,8,4,5,3,4,1,0
2,1,6,0,5,2,4,1,0
2,7,11,0,3,1,4,0,0
2,12,13,0,9,4,4,0,1
2,15,9,4,3,1,4,0,0
2,11,8,4,6,3,4,1,0
2,11,8,2,6,0,4,1,0
2,8,10,2,5,0,4,1,0
2,5,3,2,6,0,4,1,1
2,9,12,4,7,3,4,1,0
2,9,12,2,3,5,4,0,1
2,12,13,4,9,1,4,1,1
2,11,8,4,2,3,4,1,0
1,11,8,2,13,0,4,1,0
2,9,12,0,3,4,2,0,0
2,11,8,4,11,3,4,0,0
2,11,8,2,5,0,2,1,0
2,11,8,2,9,0,0,1,1
2,15,9,4,7,1,4,0,0
1,11,8,4,2,3,4,1,0
2,11,8,2,2,0,4,1,0
4,11,8,4,2,3,4,1,0
4,11,8,2,11,0,4,1,0
1,4,2,2,7,0,4,1,0
2,9,12,4,9,3,4,1,0
2,0,5,4,11,3,4,1,0
3,9,12,2,11,0,4,1,1
2,15,9,2,13,0,2,1,0
1,12,13,2,3,0,4,1,1
2,11,8,4,10,2,4,1,0
2,8,10,2,11,0,4,1,0
2,11,8,2,2,0,4,1,0
2,15,9,2,10,0,2,1,1
0,9,12,4,3,1,2,0,0
2,8,10,2,2,0,4,1,0
2,12,13,5,9,1,4,0,1
2,5,3,2,13,0,4,1,0
2,11,8,2,11,0,4,1,0
2,9,12,2,3,5,2,0,1
2,9,12,4,0,1,4,0,0
2,6,4,0,5,1,4,1,1
5,11,8,2,3,0,4,1,0
2,11,8,2,0,5,4,0,0
2,9,12,0,12,4,4,1,1
2,2,7,0,7,4,4,0,0
2,11,8,2,6,5,4,0,0
2,9,12,6,0,1,4,0,0
5,8,10,4,12,1,4,0,0
5,9,12,2,9,0,4,1,0
2,1,6,4,7,3,4,1,0
4,9,12,4,0,3,4,1,1
2,6,4,0,2,1,4,1,0
2,11,8,0,7,4,3,0,0
3,9,12,2,3,0,4,1,1
2,11,8,4,13,2,4,1,0
2,9,12,2,3,0,4,1,0
2,8,10,2,2,0,4,1,0
2,15,9,2,9,0,4,1,1
2,12,13,4,3,1,2,1,1
2,8,10,0,9,4,4,0,1
4,15,9,2,11,0,2,1,1
2,11,8,0,11,1,4,0,0
2,8,10,2,0,2,4,0,0
1,12,13,6,9,1,4,0,0
2,8,10,4,7,3,4,1,0
1,11,8,0,0,1,4,0,0
2,15,9,2,11,0,4,1,1
2,11,8,4,0,3,1,0,0
2,15,9,2,11,0,4,1,0
2,15,9,2,2,0,4,1,1
2,11,8,2,13,0,4,1,0
4,15,9,2,4,0,4,1,0
5,15,9,0,7,4,2,0,0
2,9,12,4,7,1,1,1,0
2,11,8,4,5,2,4,1,0
5,12,13,2,0,0,4,1,0
2,11,8,2,6,0,4,1,0
2,9,12,0,11,1,4,0,1
2,8,10,2,2,0,4,1,0
2,15,9,2,7,5,4,0,1
2,14,14,0,9,1,4,0,0
5,11,8,0,0,1,4,0,0
2,9,12,4,0,3,2,0,0
2,6,4,3,6,1,1,0,0
0,15,9,2,3,0,4,1,1
2,15,9,2,2,0,4,1,0
2,11,8,0,0,3,4,1,0
2,4,2,2,2,5,4,0,0
2,2,7,2,2,5,4,0,0
2,11,8,2,3,0,2,1,0
2,9,12,2,11,0,4,1,0
2,11,8,0,6,3,4,1,0
2,11,8,4,13,3,1,1,0
2,11,8,4,11,3,4,0,0
2,1,6,5,6,1,4,0,0
2,9,12,4,0,3,4,0,0
2,8,10,2,0,5,4,0,0
2,9,12,2,2,0,4,1,0
2,11,8,2,9,0,4,1,1
2,12,13,2,9,0,4,1,1
2,9,12,4,3,3,4,1,0
2,11,8,4,0,3,4,0,0
2,9,12,4,11,1,4,1,0
2,9,12,2,11,0,4,1,1
2,11,8,0,3,1,0,0,0
3,8,10,0,3,1,4,1,0
2,11,8,4,5,3,0,1,0
2,15,9,4,0,2,4,1,0
3,15,9,0,7,4,4,1,0
2,11,8,4,9,3,4,1,0
4,11,8,0,2,1,4,1,0
2,15,9,4,5,3,4,1,0
2,14,14,2,9,0,4,1,1
1,11,8,2,7,5,4,0,0
2,11,8,2,2,0,4,1,0
2,15,9,4,7,3,4,0,0
5,15,9,4,9,3,4,1,0
2,9,12,2,2,0,4,1,1
2,9,12,2,3,0,4,1,1
4,0,5,3,0,4,0,0,0
2,9,12,4,11,3,4,1,0
2,11,8,4,7,1,4,0,0
2,0,5,0,6,1,4,1,0
2,15,9,2,11,0,4,1,0
2,11,8,2,9,0,4,1,1
3,12,13,2,11,0,4,1,1
2,11,8,4,10,3,4,1,0
2,11,8,4,11,1,4,1,0
2,9,12,2,9,0,4,1,1
2,11,8,4,0,1,4,0,0
2,11,8,0,6,1,4,1,0
0,12,13,2,0,0,4,1,1
2,9,12,0,7,1,4,0,0
2,11,8,0,2,4,4,1,0
2,9,12,2,11,0,4,1,0
2,12,13,0,9,2,2,1,0
2,15,9,4,0,1,4,0,0
2,11,8,4,6,4,4,1,0
2,9,12,4,0,4,2,0,0
2,11,8,2,2,0,2,1,0
2,15,9,4,2,3,4,0,0
2,1,6,4,11,3,4,0,0
5,7,11,2,7,0,4,1,0
2,3,1,4,7,3,3,1,0
2,11,8,6,6,1,4,0,0
2,15,9,4,11,3,4,0,0
2,11,8,0,11,1,4,0,0
2,15,9,2,6,0,4,1,0
2,11,8,4,11,1,1,0,0
2,11,8,4,7,1,2,0,0
2,15,9,2,13,0,4,1,1
2,11,8,2,0,5,4,0,1
2,0,5,4,2,2,4,1,0
2,9,12,4,3,1,1,0,0
2,4,2,5,7,4,4,0,0
1,9,12,0,9,3,4,0,0
5,12,13,2,9,5,2,0,1
4,15,9,2,6,0,4,1,0
5,10,15,0,9,1,4,0,1
2,11,8,0,11,4,4,0,0
2,15,9,5,7,4,4,0,0
2,9,12,4,7,3,4,1,0
1,15,9,2,13,0,2,1,0
5,12,13,2,9,0,4,1,1
5,12,13,2,9,0,4,1,1
3,15,9,4,3,1,4,1,0
2,4,2,2,5,0,4,1,0
2,11,8,4,6,1,4,1,0
2,12,13,2,3,0,4,1,1
1,7,11,0,10,1,4,1,0
1,15,9,4,0,3,4,1,0
4,9,12,4,7,1,2,0,0
2,15,9,2,11,0,4,1,1
1,12,13,2,9,0,4,1,0
2,11,8,2,2,0,4,1,0
1,11,8,5,10,1,2,1,0
2,11,8,2,11,0,4,1,0
2,1,6,4,11,3,4,1,0
2,0,5,2,2,0,4,1,0
3,15,9,2,3,0,4,1,1
2,11,8,4,11,3,4,0,0
2,15,9,5,7,4,4,0,0
2,11,8,2,11,0,4,1,0
2,15,9,3,0,1,4,0,0
2,15,9,2,9,0,1,1,1
1,15,9,2,10,0,4,1,0
2,11,8,0,2,1,4,1,0
2,9,12,2,12,0,4,1,0
2,11,8,2,11,0,4,1,1
2,11,8,5,13,1,4,1,0
2,9,12,4,3,1,4,0,0
2,15,9,0,0,2,4,0,0
2,9,12,2,13,0,4,1,0
2,9,12,4,3,1,4,1,1
4,15,9,2,4,0,4,1,0
2,9,12,4,13,1,4,1,0
2,15,9,2,6,0,4,1,0
2,7,11,4,8,1,4,0,0
2,11,8,4,6,1,4,0,0
2,12,13,2,12,0,4,1,1
2,15,9,2,3,0,4,1,1
2,11,8,4,2,3,4,1,0
2,9,12,2,3,0,4,1,1
2,8,10,0,0,4,2,0,0
4,8,10,2,9,0,3,1,0
2,8,10,2,5,0,4,1,0
3,14,14,2,9,0,4,1,1
2,12,13,2,9,0,4,1,1
2,11,8,4,7,2,2,0,0
2,9,12,2,9,0,4,1,0
2,11,8,4,2,2,4,1,0
2,9,12,4,11,1,4,1,1
2,11,8,2,12,0,4,1,1
1,9,12,2,3,0,4,1,1
2,9,12,2,9,0,4,1,1
2,1,6,4,7,2,4,1,0
1,8,10,5,9,4,2,0,0
3,11,8,2,3,0,4,1,1
2,1,6,4,2,1,2,1,0
2,5,3,0,13,4,4,1,0
2,11,8,0,11,4,4,0,0
1,8,10,2,10,0,4,1,1
2,11,8,2,11,3,4,0,1
5,10,15,2,0,0,4,1,1
2,15,9,0,4,1,4,0,0
2,11,8,4,7,3,4,0,0
2,9,12,4,3,1,1,0,0
2,11,8,2,7,0,4,1,0
3,15,9,2,13,0,4,1,1
2,15,9,4,2,3,4,1,0
2,11,8,0,7,4,4,0,0
2,7,11,2,0,5,0,0,1
4,9,12,2,3,0,4,1,1
2,15,9,3,7,1,2,0,0
1,15,9,0,0,4,4,0,0
2,15,9,2,4,0,4,1,1
2,15,9,2,2,2,1,1,0
2,11,8,2,7,0,4,1,0
2,11,8,4,0,3,4,1,0
2,12,13,2,3,0,4,1,1
5,15,9,0,9,4,4,1,0
2,4,2,3,2,1,4,1,0
2,9,12,4,2,3,4,1,0
2,12,13,2,12,0,4,1,1
2,11,8,2,13,0,4,1,0
4,1,6,2,11,0,4,1,0
2,11,8,2,12,0,4,1,1
2,0,5,0,11,1,4,0,0
2,11,8,4,0,1,4,1,0
5,12,13,0,10,1,4,1,0
2,15,9,4,2,1,4,0,1
2,8,10,2,7,0,4,1,0
2,9,12,4,12,1,4,1,0
2,15,9,4,11,1,2,1,0
2,11,8,4,7,3,4,0,0
2,15,9,2,2,0,4,1,1
2,7,11,2,3,5,4,0,1
5,9,12,4,9,1,4,1,0
2,5,3,4,2,3,4,1,0
2,6,4,2,3,5,4,0,0
2,3,1,0,7,1,2,1,0
2,9,12,4,6,1,4,0,0
2,10,15,4,9,1,4,1,1
2,11,8,2,2,0,4,1,1
2,9,12,4,9,1,4,1,0
2,15,9,2,10,0,2,1,0
2,15,9,4,11,1,4,1,1
2,12,13,2,0,0,4,1,0
5,9,12,0,9,1,4,0,0
2,0,5,4,7,2,4,0,0
2,12,13,3,0,4,4,0,0
2,6,4,2,11,0,4,1,0
2,10,15,2,3,0,4,1,1
2,11,8,4,2,3,4,1,0
2,12,13,2,11,0,4,1,1
5,15,9,6,0,1,4,0,0
2,11,8,2,0,5,4,0,1
2,11,8,4,7,3,4,0,0
2,1,6,2,2,0,4,1,0
2,9,12,0,3,1,4,1,0
2,11,8,4,7,3,4,0,0
2,11,8,5,0,4,4,0,0
2,8,10,2,12,0,4,1,1
2,9,12,4,0,4,4,1,0
2,11,8,4,11,1,4,1,0
2,11,8,2,2,0,4,1,1
4,14,14,2,9,0,4,1,1
4,9,12,2,3,0,4,1,0
2,15,9,4,2,1,4,1,0
1,12,13,2,9,0,4,1,0
4,14,14,2,9,0,4,1,1
2,15,9,2,0,0,4,1,1
2,11,8,2,0,0,4,1,1
5,15,9,2,2,0,4,1,1
4,14,14,4,9,1,4,1,1
2,8,10,2,6,0,4,1,0
5,15,9,4,7,3,4,0,0
2,9,12,2,11,0,4,1,1
3,15,9,2,4,0,4,1,0
2,8,10,0,6,1,4,0,0
2,7,11,4,11,3,4,0,0
2,11,8,4,0,2,4,0,0
2,15,9,4,5,3,4,1,0
2,11,8,2,3,5,4,0,0
2,11,8,5,6,3,4,1,0
2,12,13,0,13,1,4,1,1
1,14,14,2,10,0,4,1,1
2,8,10,0,3,4,4,0,0
2,15,9,4,10,1,4,1,0
4,9,12,2,3,3,4,1,0
2,15,9,4,9,3,4,0,0
4,11,8,2,3,0,4,1,0
2,3,1,2,2,0,4,1,0
2,15,9,4,5,3,4,1,0
2,11,8,2,6,0,4,1,0
2,1,6,2,6,0,2,1,0
2,11,8,2,2,0,4,1,0
2,6,4,4,8,3,4,1,0
2,15,9,2,7,0,4,1,0
2,3,1,4,6,3,4,1,0
2,11,8,5,0,4,4,0,0
4,5,3,2,2,0,4,1,0
2,9,12,4,9,1,4,1,0
2,15,9,2,13,0,4,1,0
2,6,4,4,11,3,4,0,0
4,9,12,2,9,0,4,1,1
2,15,9,2,3,0,4,1,1
2,11,8,0,3,4,2,0,1
2,6,4,2,6,0,4,1,0
2,9,12,2,9,0,4,1,1
2,8,10,2,13,0,4,1,1
4,12,13,2,9,0,4,1,1
2,15,9,4,0,3,3,0,0
2,8,10,0,12,2,4,0,0
2,15,9,4,9,1,4,0,0
2,11,8,2,3,0,4,1,0
2,15,9,2,12,0,4,1,0
2,11,8,4,7,3,4,0,0
1,11,8,2,13,5,4,0,0
2,15,9,2,2,0,4,1,1
0,15,9,4,0,4,2,0,0
2,15,9,4,11,2,2,0,0
2,12,13,2,12,0,1,1,1
2,11,8,0,7,1,4,0,0
3,15,9,2,2,0,4,1,0
1,7,11,6,0,1,2,0,0
2,15,9,0,12,1,0,0,0
2,11,8,2,2,0,4,1,0
2,15,9,2,0,0,4,1,0
2,15,9,4,0,2,4,0,0
2,15,9,4,9,1,2,1,0
2,15,9,0,11,1,4,0,0
2,8,10,4,12,1,4,0,0
0,15,9,4,12,3,4,0,0
2,9,12,2,7,5,4,0,0
2,0,5,2,2,0,1,1,0
5,11,8,0,0,1,4,0,0
2,5,3,0,7,4,4,0,0
2,11,8,2,6,0,4,1,0
2,11,8,2,2,0,4,1,1
3,11,8,2,3,0,4,1,1
1,11,8,2,3,0,4,1,1
2,11,8,2,10,0,4,1,1
2,9,12,2,13,0,4,1,0
0,9,12,2,0,0,4,1,1
2,15,9,4,0,3,4,1,0
3,8,10,2,3,0,4,1,1
2,11,8,4,2,3,4,1,0
2,0,5,0,7,1,4,0,0
2,11,8,4,2,1,4,1,0
2,7,11,0,9,4,4,0,0
4,15,9,4,4,3,4,1,0
2,15,9,4,12,1,4,0,0
2,11,8,2,13,0,4,1,0
2,15,9,0,11,4,4,0,0
2,6,4,2,6,0,4,1,0
2,8,10,2,3,5,2,0,0
2,11,8,0,13,1,2,1,0
2,15,9,5,2,1,4,1,0
4,15,9,2,3,0,4,1,0
2,11,8,2,11,0,4,1,0
2,12,13,2,11,0,4,1,1
2,15,9,4,7,1,4,1,0
2,15,9,6,7,4,4,0,0
4,15,9,2,3,0,4,1,0
2,12,13,2,9,5,4,0,1
4,11,8,2,6,0,4,1,0
3,15,9,2,11,0,4,1,0
2,11,8,4,5,1,4,1,0
2,15,9,2,2,0,4,1,0
2,0,5,4,11,3,4,0,0
2,11,8,6,6,1,4,0,0
2,9,12,2,3,0,4,1,1
2,3,1,2,7,0,4,1,0
4,11,8,0,3,4,4,1,0
2,12,13,2,9,0,4,1,1
2,9,12,0,3,1,4,1,0
2,15,9,4,0,1,4,0,0
2,9,12,2,3,0,4,1,1
2,15,9,4,13,1,4,0,0
2,12,13,3,9,2,4,1,0
2,3,1,4,8,1,4,0,0
2,0,5,4,7,3,4,1,0
2,11,8,4,5,3,4,1,0
2,11,8,4,7,2,0,0,0
2,11,8,0,2,3,4,1,0
4,9,12,2,3,0,4,1,1
2,0,5,4,7,3,4,1,0
2,15,9,4,6,3,4,1,0
2,15,9,2,2,0,4,1,0
4,11,8,2,4,0,4,1,0
2,15,9,2,2,0,4,1,0
2,7,11,2,2,0,4,1,1
2,0,5,4,6,1,4,1,0
2,11,8,4,0,3,4,0,0
3,0,5,2,11,0,4,1,0
2,12,13,4,9,1,4,0,0
2,15,9,0,13,1,4,1,0
2,9,12,4,9,1,4,0,0
4,11,8,2,4,0,4,1,0
2,9,12,2,2,0,4,1,1
2,1,6,5,11,3,4,0,0
2,11,8,2,6,0,4,1,0
2,5,3,3,2,1,2,1,0
1,5,3,4,7,4,2,0,0
4,15,9,2,6,0,4,1,0
2,15,9,0,2,1,4,1,0
4,15,9,2,6,0,4,1,1
2,3,1,2,4,0,4,1,0
2,11,8,4,2,3,4,1,0
2,15,9,2,13,0,4,1,0
2,12,13,2,11,0,4,1,1
4,0,5,4,2,1,4,1,0
3,11,8,0,11,4,4,1,0
3,11,8,2,2,0,4,1,0
2,11,8,2,2,0,4,1,0
2,9,12,2,9,5,4,0,1
2,9,12,4,11,3,2,0,0
2,11,8,4,7,1,4,1,0
2,15,9,4,0,1,4,0,0
1,7,11,2,10,0,4,1,0
2,9,12,4,0,2,4,0,0
2,15,9,4,0,3,1,0,0
2,15,9,4,13,3,4,1,0
2,15,9,2,2,2,4,1,0
2,11,8,2,2,0,4,1,0
2,11,8,2,3,5,4,0,0
4,11,8,2,11,0,4,1,0
2,11,8,2,13,5,1,0,0
4,15,9,2,2,0,4,1,0
2,11,8,2,7,0,4,1,0
2,9,12,4,3,1,4,1,0
2,8,10,2,0,5,2,0,0
4,11,8,0,2,4,4,1,1
2,15,9,4,6,3,2,0,0
2,15,9,4,0,3,4,1,0
2,11,8,4,3,1,4,1,0
2,1,6,4,7,3,4,0,0
1,15,9,2,0,5,4,0,0
2,9,12,4,3,1,4,0,0
3,12,13,2,2,0,4,1,0
2,11,8,0,6,1,4,0,1
2,0,5,5,7,4,4,0,0
2,11,8,2,13,0,4,1,0
2,11,8,2,2,0,4,1,0
4,15,9,2,12,0,4,1,1
2,15,9,4,13,3,4,1,0
4,9,12,2,11,0,4,1,1
2,15,9,2,11,0,4,1,0
2,15,9,2,9,5,4,0,1
1,11,8,4,5,3,2,1,0
2,15,9,2,2,0,4,1,0
2,15,9,0,0,4,4,0,0
2,9,12,4,0,1,2,0,0
2,15,9,6,11,1,4,1,1
2,11,8,2,11,0,4,1,0
2,15,9,0,2,1,4,1,1
2,11,8,2,7,5,4,0,1
2,0,5,4,5,1,4,1,0
2,9,12,2,9,0,4,1,1
2,9,12,4,9,1,4,1,1
2,6,4,4,11,3,4,0,0
1,15,9,2,2,0,4,1,0
2,9,12,2,9,5,4,0,1
2,15,9,4,12,3,4,0,0
2,1,6,0,11,4,4,0,0
2,9,12,4,9,1,4,1,0
2,9,12,4,9,1,4,1,0
2,11,8,4,0,4,4,0,0
2,15,9,4,0,1,4,0,0
2,11,8,2,2,0,4,1,0
2,8,10,2,2,0,4,1,0
2,11,8,4,0,3,4,0,0
2,11,8,2,2,5,4,0,0
5,15,9,5,3,3,4,1,0
2,11,8,4,8,4,2,0,0
4,11,8,5,3,1,4,1,0
4,9,12,2,3,0,4,1,1
4,2,7,0,2,2,2,1,0
2,8,10,4,13,3,4,1,0
3,10,15,2,9,0,4,1,1
2,11,8,4,6,2,2,1,0
2,4,2,2,6,0,1,1,0
2,11,8,2,2,0,4,1,0
2,11,8,0,7,1,4,0,0
2,11,8,2,6,0,4,1,0
2,4,2,2,4,0,4,1,0
2,11,8,4,4,1,4,1,0
3,0,5,4,13,1,4,1,1
2,9,12,2,3,0,1,1,1
1,11,8,0,13,3,4,1,0
2,9,12,6,7,1,4,0,0
2,0,5,0,2,4,4,0,0
2,15,9,0,6,1,4,1,0
2,11,8,2,2,0,4,1,0
2,6,4,0,7,3,4,0,0
2,11,8,4,5,4,4,1,0
2,11,8,0,7,1,4,0,0
2,11,8,2,6,0,4,1,0
2,15,9,4,12,3,4,0,0
2,1,6,4,13,3,4,1,0
2,11,8,4,2,2,4,1,0
1,1,6,2,3,0,4,1,0
2,12,13,2,9,5,4,0,1
2,11,8,2,6,0,4,1,0
2,4,2,2,4,0,1,1,0
2,9,12,0,3,4,4,1,1
2,8,10,2,12,0,4,1,1
2,11,8,4,6,1,4,1,0
2,9,12,2,11,5,4,0,1
2,15,9,2,3,0,4,1,1
2,9,12,4,9,1,4,1,0
3,8,10,0,11,1,4,1,0
2,11,8,4,5,3,4,1,0
4,11,8,2,11,0,4,1,1
2,15,9,4,12,3,4,1,0
4,7,11,2,11,0,4,1,0
4,0,5,0,3,3,4,1,1
2,15,9,6,7,1,4,0,0
1,11,8,2,13,0,2,1,0
2,11,8,2,5,0,2,1,0
2,11,8,2,3,0,4,1,1
2,11,8,2,9,0,4,1,1
2,11,8,2,2,0,4,1,0
1,15,9,2,4,0,4,1,0
2,15,9,4,7,1,4,0,0
2,9,12,3,9,1,4,0,0
4,11,8,2,11,0,4,1,1
3,9,12,5,11,1,4,0,0
2,7,11,4,0,1,1,0,1
2,9,12,2,0,0,4,1,0
4,9,12,4,3,1,4,1,1
4,5,3,2,13,0,4,1,0
2,11,8,2,7,0,1,1,0
2,8,10,2,12,0,4,1,0
4,15,9,4,7,1,4,0,0
3,11,8,2,11,0,4,1,1
2,15,9,4,7,3,4,1,0
2,15,9,4,0,2,2,0,0
4,11,8,2,2,0,4,1,1
2,11,8,2,0,5,4,0,0
2,9,12,4,11,4,4,1,0
2,8,10,4,0,1,4,0,0
2,11,8,2,13,0,0,1,0
2,11,8,2,2,0,4,1,0
0,7,11,0,7,4,4,1,0
2,0,5,4,0,1,4,0,0
2,11,8,0,6,1,4,0,0
2,11,8,0,11,1,4,0,0
2,11,8,3,4,4,3,1,0
2,6,4,0,2,1,4,1,0
2,7,11,0,0,4,2,0,0
2,9,12,2,11,0,4,1,0
2,9,12,2,9,0,4,1,0
5,9,12,4,9,3,4,1,0
3,9,12,2,3,0,4,1,0
1,15,9,2,9,0,2,1,1
2,15,9,2,6,0,4,1,0
2,9,12,4,3,3,4,1,0
2,11,8,4,13,1,2,1,0
4,11,8,2,4,0,4,1,0
4,0,5,2,2,0,4,1,0
2,15,9,0,0,1,4,0,0
1,6,4,2,13,0,4,1,0
2,1,6,6,0,4,4,0,0
2,15,9,2,2,0,4,1,0
2,9,12,4,9,1,4,1,0
2,12,13,4,9,1,4,0,0
2,11,8,0,2,1,4,1,0
2,2,7,4,7,1,4,0,0
2,15,9,4,6,1,4,1,0
4,9,12,2,9,5,4,0,1
2,15,9,4,0,3,4,0,0
2,11,8,2,13,0,4,1,1
2,6,4,2,13,0,2,1,0
2,11,8,2,13,0,4,1,0
5,15,9,4,0,3,4,1,0
2,15,9,4,11,3,4,0,0
2,15,9,2,0,0,4,1,0
2,6,4,0,7,4,4,0,0
4,11,8,2,2,0,4,1,0
2,15,9,4,11,1,4,1,0
2,11,8,0,7,4,4,0,0
2,11,8,5,6,1,4,1,0
2,11,8,2,2,0,4,1,0
2,11,8,0,0,4,2,0,0
2,6,4,2,5,0,4,1,0
2,11,8,2,2,0,2,1,0
1,9,12,2,9,0,4,1,1
3,1,6,4,4,3,4,1,0
2,0,5,6,7,4,4,0,0
2,11,8,2,3,0,4,1,1
2,11,8,4,7,4,4,0,0
2,11,8,4,7,3,4,0,0
2,11,8,4,2,1,4,0,0
2,7,11,2,6,0,4,1,0
2,11,8,4,0,1,4,1,0
2,12,13,2,3,0,4,1,1
2,14,14,4,9,1,4,0,0
3,11,8,2,0,0,4,1,0
1,15,9,2,10,0,4,1,1
2,15,9,2,3,0,4,1,1
2,11,8,2,6,0,4,1,0
2,11,8,4,13,1,4,1,0
2,2,7,2,13,2,4,1,0
0,12,13,3,3,1,4,0,1
1,12,13,2,9,0,4,1,1
2,11,8,4,11,3,1,0,0
2,11,8,6,7,4,4,0,0
3,11,8,2,2,0,4,1,1
2,9,12,4,12,1,1,0,0
2,11,8,0,7,1,4,1,0
2,15,9,4,3,3,4,1,0
2,15,9,2,9,0,4,1,0
2,11,8,2,4,0,4,1,0
0,15,9,0,12,1,4,1,0
5,9,12,2,0,0,4,1,0
2,9,12,2,3,0,2,1,1
2,15,9,2,0,0,4,1,0
2,8,10,2,11,0,4,1,1
2,11,8,4,7,1,4,0,0
2,8,10,4,7,1,2,0,0
1,6,4,2,7,0,4,1,0
1,12,13,2,9,5,4,0,1
2,11,8,0,0,4,4,0,0
2,11,8,2,2,0,4,1,0
4,15,9,2,3,0,4,1,1
2,15,9,4,7,3,4,0,0
3,7,11,2,3,0,4,1,1
3,15,9,2,3,5,1,0,0
2,11,8,2,2,0,4,1,0
1,6,4,5,7,4,2,0,0
4,12,13,4,3,1,4,1,0
2,9,12,4,11,1,2,0,0
2,15,9,4,13,1,4,1,0
2,15,9,4,7,3,4,1,0
2,11,8,0,2,1,4,1,0
2,7,11,4,11,1,4,0,0
2,11,8,4,7,1,4,0,0
2,9,12,4,9,1,4,0,0
3,9,12,3,11,1,4,1,0
2,11,8,5,3,4,4,0,0
2,15,9,4,11,3,4,1,0
2,11,8,2,2,0,4,1,0
2,11,8,2,13,0,4,1,0
2,9,12,4,0,3,4,1,0
2,11,8,0,10,1,4,0,0
2,11,8,6,3,1,4,0,0
4,5,3,2,3,0,4,1,1
2,11,8,2,5,0,4,1,0
2,15,9,0,7,1,4,0,0
2,10,15,2,9,0,4,1,1
2,15,9,4,0,3,4,0,0
2,11,8,4,2,4,1,1,0
2,9,12,2,11,0,4,1,0
2,9,12,2,11,0,4,1,1
2,11,8,2,2,0,4,1,1
4,14,14,2,4,0,4,1,0
2,14,14,2,9,0,4,1,1
2,0,5,5,7,4,4,0,0
2,9,12,2,7,5,4,0,1
2,11,8,2,0,5,4,0,0
5,11,8,2,10,0,4,1,0
2,15,9,4,7,3,4,0,0
2,11,8,2,9,5,4,0,0
2,15,9,2,0,5,4,0,1
2,1,6,4,11,3,4,0,0
2,15,9,2,0,0,4,1,0
2,15,9,2,12,0,4,1,1
2,11,8,2,3,5,4,0,1
4,9,12,2,9,0,4,1,1
2,9,12,4,11,1,4,1,0
2,8,10,2,2,0,4,1,0
2,11,8,5,9,4,3,0,0
2,12,13,2,3,0,4,1,1
2,15,9,2,7,0,4,1,0
0,12,13,4,3,1,4,1,1
1,11,8,0,10,4,4,1,0
2,11,8,4,2,1,4,1,0
2,12,13,4,0,1,4,0,0
2,15,9,2,12,0,2,1,1
4,11,8,2,4,0,4,1,1
4,9,12,2,4,0,4,1,0
2,9,12,2,9,0,4,1,1
4,15,9,4,2,1,4,1,0
2,7,11,2,0,0,1,1,0
2,15,9,2,3,0,4,1,1
2,15,9,4,0,1,4,1,0
4,12,13,0,11,1,4,1,0
2,15,9,4,0,3,2,1,0
1,12,13,2,9,5,4,0,1
2,15,9,2,0,5,2,0,1
4,11,8,4,9,1,4,1,0
2,9,12,2,3,0,4,1,1
2,11,8,0,3,1,0,0,0
2,11,8,4,0,1,2,0,0
4,9,12,2,9,0,4,1,0
3,5,3,2,2,0,4,1,0
4,5,3,2,4,0,4,1,0
2,11,8,4,5,1,4,0,0
2,11,8,2,11,0,3,1,0
2,15,9,4,9,1,4,0,0
2,8,10,4,9,1,4,0,0
3,11,8,2,2,0,4,1,1
2,0,5,4,11,3,4,0,0
2,11,8,2,3,0,4,1,0
2,9,12,4,0,3,4,1,0
2,9,12,2,2,0,4,1,1
2,9,12,4,11,3,4,0,0
2,15,9,4,11,3,4,1,0
2,11,8,6,11,4,4,1,0
2,11,8,4,0,1,4,0,0
4,0,5,2,2,0,4,1,0
2,11,8,2,3,0,4,1,1
2,9,12,4,9,1,4,1,0
1,15,9,5,10,1,4,1,0
2,11,8,0,2,2,4,0,0
2,11,8,5,0,4,4,0,0
2,15,9,4,5,3,4,1,0
4,12,13,2,9,0,4,1,0
2,11,8,2,2,0,4,1,1
4,5,3,2,4,0,4,1,0
2,11,8,2,2,0,4,1,0
4,1,6,4,7,3,4,0,0
2,15,9,4,7,3,4,1,0
2,9,12,2,9,2,1,0,0
2,15,9,2,2,0,4,1,0
2,6,4,4,0,4,2,0,0
2,15,9,0,11,3,4,0,0
2,15,9,4,0,3,4,0,0
2,11,8,2,2,0,4,1,0
4,15,9,2,11,0,4,1,0
2,15,9,4,10,3,4,0,0
1,11,8,0,10,1,4,1,0
1,11,8,2,2,0,4,1,0
2,0,5,0,2,1,4,1,0
2,10,15,2,3,0,4,1,1
2,15,9,0,0,1,4,0,0
2,11,8,4,0,1,4,0,0
2,15,9,4,3,1,2,1,0
2,11,8,4,11,1,4,0,0
2,11,8,2,0,0,4,1,1
2,11,8,4,11,3,4,1,0
2,11,8,4,0,1,4,1,0
2,15,9,4,7,4,4,0,0
3,12,13,2,3,5,4,0,1
2,11,8,4,9,1,4,0,0
1,15,9,5,7,4,2,0,0
2,11,8,0,7,1,4,0,0
2,12,13,2,9,0,4,1,1
4,11,8,2,2,0,4,1,0
2,15,9,2,11,0,4,1,1
5,12,13,2,9,0,4,1,1
2,15,9,4,0,3,4,1,0
2,15,9,4,3,1,4,1,0
2,9,12,2,12,5,4,0,1
2,1,6,4,11,3,4,1,0
2,9,12,0,3,1,4,1,1
5,11,8,5,3,4,4,0,0
5,11,8,4,7,3,2,1,0
2,9,12,0,0,4,4,0,0
2,9,12,2,9,0,4,1,0
2,11,8,3,7,1,4,1,0
2,8,10,2,3,0,4,1,0
2,15,9,4,11,3,1,1,0
4,15,9,2,4,0,4,1,0
2,12,13,2,11,0,4,1,1
2,7,11,2,9,0,4,1,1
4,11,8,0,7,4,4,0,0
2,9,12,4,0,1,4,1,0
2,15,9,4,0,3,4,1,0
2,15,9,4,0,1,4,0,0
2,15,9,2,2,0,4,1,1
2,9,12,2,9,0,4,1,1
2,15,9,0,0,4,4,0,0
2,11,8,2,11,5,4,0,0
2,11,8,2,13,0,4,1,1
1,11,8,4,10,3,4,1,0
2,15,9,2,12,5,2,0,0
2,15,9,0,3,3,4,0,0
2,9,12,4,11,1,4,1,0
2,15,9,2,3,0,4,1,0
0,11,8,2,0,0,4,1,1
2,8,10,4,3,3,4,1,0
2,9,12,4,11,1,4,0,0
2,11,8,4,11,2,4,1,0
1,12,13,2,9,0,4,1,1
2,15,9,0,0,4,4,0,0
0,7,11,2,2,0,4,1,1
2,8,10,2,0,5,4,0,0
2,15,9,2,11,0,4,1,0
4,9,12,4,11,1,4,1,0
2,11,8,0,2,1,4,1,0
1,11,8,4,0,1,2,0,0
2,11,8,4,8,1,4,0,0
2,9,12,2,6,0,4,1,0
1,11,8,2,4,0,4,1,0
2,7,11,4,3,4,4,0,0
1,11,8,2,0,0,2,1,0
2,11,8,4,0,4,4,0,0
2,11,8,4,5,3,4,1,0
2,9,12,4,0,4,2,0,0
2,8,10,2,2,0,4,1,0
2,11,8,4,3,1,4,1,0
4,11,8,2,4,0,4,1,1
2,9,12,4,3,1,4,0,0
4,11,8,2,4,0,4,1,0
2,9,12,4,9,3,2,1,0
2,11,8,4,13,1,4,1,0
2,11,8,2,7,0,2,1,0
3,15,9,2,3,0,4,1,1
2,15,9,2,9,0,4,1,1
2,11,8,4,2,1,4,1,0
2,1,6,4,5,3,4,1,0
5,9,12,2,9,5,0,0,1
5,15,9,5,9,1,4,1,1
2,6,4,5,8,4,4,0,0
0,9,12,4,12,3,4,0,0
2,15,9,4,5,3,4,1,0
2,9,12,2,3,0,4,1,0
2,8,10,4,7,1,4,0,0
4,11,8,4,13,3,4,1,0
0,9,12,4,12,3,4,1,0
2,9,12,4,9,1,4,0,0
3,11,8,4,4,3,4,1,0
2,6,4,0,7,1,4,0,0
2,11,8,2,11,0,4,1,1
2,11,8,4,11,1,4,0,0
2,15,9,4,3,3,4,1,0
4,11,8,2,2,0,4,1,0
2,2,7,4,5,3,4,1,0
4,8,10,2,2,0,4,1,0
2,11,8,6,0,1,4,0,1
2,11,8,0,4,1,4,1,0
2,1,6,2,5,0,4,1,0
2,11,8,2,3,5,4,0,1
2,11,8,5,0,1,4,0,0
2,0,5,2,7,5,2,0,0
2,11,8,2,11,5,4,0,0
2,11,8,2,2,0,4,1,0
2,15,9,2,11,0,4,1,1
2,11,8,4,7,1,4,1,0
2,11,8,4,7,3,2,1,0
2,12,13,2,3,0,4,1,1
0,15,9,4,2,2,4,1,0
2,13,0,2,4,2,4,1,0
2,11,8,6,6,4,2,0,0
2,15,9,4,11,2,4,0,0
2,15,9,2,11,0,4,1,0
2,9,12,4,9,3,4,1,0
2,11,8,2,3,5,4,0,1
2,15,9,4,3,3,4,1,0
2,11,8,0,0,1,4,0,0
2,11,8,4,7,1,4,0,0
4,11,8,2,3,0,4,1,0
2,11,8,0,0,1,4,0,0
2,15,9,4,7,3,4,0,0
5,15,9,2,2,0,4,1,0
2,11,8,4,6,1,4,1,0
0,12,13,4,3,1,4,0,1
2,15,9,2,5,0,4,1,0
2,12,13,2,9,0,4,1,1
2,11,8,4,7,1,2,1,0
2,11,8,2,13,0,4,1,1
2,2,7,4,11,2,2,1,0
2,11,8,3,0,4,4,0,0
1,15,9,6,0,1,4,0,0
2,0,5,2,11,0,4,1,0
2,12,13,4,3,1,4,0,0
2,11,8,2,2,0,4,1,0
5,15,9,0,0,2,4,0,0
2,9,12,4,0,1,4,0,0
1,11,8,0,0,3,4,1,0
4,11,8,2,2,0,4,1,0
2,9,12,2,11,0,4,1,0
2,11,8,5,9,4,4,0,0
1,12,13,4,9,1,2,0,0
2,8,10,2,3,0,4,1,1
2,9,12,0,9,1,4,1,0
2,9,12,4,11,3,4,1,0
1,12,13,4,9,1,4,0,0
2,15,9,2,3,0,4,1,1
0,11,8,2,9,0,4,1,1
3,4,2,2,11,0,4,1,1
1,12,13,2,9,0,4,1,0
2,9,12,2,9,0,4,1,1
2,11,8,4,11,3,4,1,0
5,11,8,2,13,0,4,1,0
3,14,14,2,9,0,4,1,1
4,11,8,6,3,4,1,0,0
2,11,8,0,3,4,4,0,0
1,9,12,2,9,0,4,1,0
2,11,8,4,0,3,4,0,0
2,11,8,2,5,0,4,1,0
2,11,8,0,2,3,4,1,0
2,9,12,2,2,0,4,1,1
2,12,13,2,9,0,4,1,1
2,0,5,4,4,3,4,1,0
2,11,8,0,11,1,4,1,0
2,11,8,4,12,1,4,0,0
2,15,9,4,5,3,0,1,0
2,9,12,5,7,4,1,0,0
2,11,8,2,7,0,4,1,0
0,7,11,2,12,0,2,1,0
2,1,6,2,6,0,4,1,0
2,11,8,4,7,4,2,0,0
4,9,12,4,10,1,4,1,1
2,9,12,2,11,0,4,1,1
2,9,12,2,5,0,4,1,0
3,15,9,2,11,0,4,1,0
2,5,3,2,6,0,3,1,0
4,12,13,0,3,4,4,1,1
2,15,9,0,0,4,2,0,0
3,12,13,0,9,4,4,1,1
2,0,5,2,0,0,4,1,0
2,7,11,4,13,1,4,1,0
4,9,12,2,9,0,4,1,1
2,15,9,2,2,0,4,1,0
2,12,13,4,9,1,4,1,1
5,9,12,4,9,3,4,0,0
2,8,10,4,11,1,4,1,1
4,15,9,0,6,1,4,1,0
2,11,8,5,13,1,4,1,0
2,15,9,4,0,1,4,1,0
4,11,8,0,11,1,4,1,0
2,11,8,0,0,1,4,0,0
1,7,11,2,10,0,4,1,1
5,12,13,2,3,0,4,1,1
2,11,8,2,5,0,4,1,0
2,15,9,0,12,3,4,0,0
2,11,8,2,13,0,4,1,0
1,9,12,0,9,4,4,0,0
1,11,8,2,13,0,4,1,0
2,0,5,2,2,0,4,1,1
2,10,15,2,9,0,4,1,1
1,7,11,4,12,1,4,1,0
4,11,8,2,4,0,4,1,0
5,14,14,4,9,1,1,1,0
2,9,12,2,9,0,4,1,1
2,15,9,2,13,0,4,1,0
2,11,8,2,13,0,4,1,1
2,11,8,4,0,4,2,0,0
4,11,8,2,4,0,4,1,0
4,1,6,4,0,1,4,0,0
2,11,8,2,4,0,4,1,0
2,8,10,2,12,0,4,1,1
4,15,9,2,11,3,1,1,0
2,9,12,4,4,3,4,1,0
2,11,8,4,5,1,4,1,0
2,9,12,2,11,0,4,1,1
1,11,8,2,7,0,4,1,0
2,8,10,0,0,4,4,0,0
2,12,13,2,3,0,4,1,1
2,15,9,5,7,1,4,1,1
2,1,6,0,8,4,4,0,0
2,12,13,4,2,1,4,0,0
2,15,9,2,11,0,4,1,0
3,15,9,2,3,0,4,1,0
2,11,8,4,7,2,4,1,0
2,15,9,4,3,2,4,0,0
2,15,9,4,11,3,4,1,0
2,11,8,4,7,4,2,0,0
3,12,13,0,11,4,4,0,1
2,15,9,4,11,1,4,1,0
2,9,12,2,12,0,4,1,1
2,9,12,2,11,0,4,1,0
2,11,8,3,7,1,2,0,0
2,5,3,6,6,1,4,0,0
2,15,9,2,11,0,4,1,1
2,11,8,4,7,1,4,1,0
1,15,9,4,7,1,2,1,0
2,11,8,2,2,0,4,1,1
2,12,13,2,3,0,4,1,1
2,12,13,2,9,0,4,1,1
2,11,8,2,10,0,4,1,0
2,11,8,4,7,1,4,0,0
2,6,4,4,5,2,4,1,0
2,9,12,2,12,0,4,1,1
4,11,8,4,13,1,4,1,0
5,15,9,5,0,3,2,1,0
2,4,2,2,4,0,4,1,0
3,12,13,0,3,1,4,1,1
2,11,8,2,11,0,4,1,0
2,1,6,2,2,0,4,1,0
3,15,9,2,3,0,4,1,1
2,11,8,4,0,4,1,0,0
2,11,8,2,2,0,0,1,0
2,1,6,2,13,0,4,1,0
2,11,8,4,7,4,4,0,0
2,15,9,3,11,3,2,0,0
2,9,12,2,3,0,1,1,0
2,7,11,0,9,4,4,0,0
2,9,12,4,11,1,4,1,0
2,8,10,2,2,0,4,1,0
2,11,8,2,13,0,4,1,0
0,10,15,4,9,1,4,0,1
4,8,10,2,2,0,4,1,0
2,11,8,4,6,3,4,1,0
2,7,11,4,0,1,4,1,0
2,9,12,0,9,1,4,1,0
2,11,8,6,2,4,4,1,0
4,11,8,2,11,0,4,1,0
0,2,7,4,0,3,2,1,0
2,8,10,4,5,3,4,0,0
2,11,8,2,4,0,4,1,0
2,1,6,0,6,4,2,0,0
2,15,9,4,5,3,4,1,0
1,11,8,2,7,0,4,1,1
2,11,8,2,11,0,4,1,0
2,9,12,2,11,0,4,1,1
0,11,8,2,2,0,4,1,1
2,15,9,4,0,1,4,0,0
5,9,12,2,9,5,4,0,1
1,11,8,2,10,0,4,1,1
2,1,6,2,0,0,4,1,0
2,12,13,4,9,1,4,0,0
2,11,8,2,6,5,4,0,0
2,9,12,2,3,5,4,0,1
2,1,6,4,5,1,4,1,0
2,8,10,0,12,1,4,0,0
2,8,10,4,9,3,3,0,0
2,7,11,0,0,1,4,0,0
2,15,9,2,2,0,4,1,0
2,11,8,2,3,0,4,1,1
2,9,12,2,12,5,4,0,1
2,11,8,4,11,1,4,1,0
2,11,8,2,11,0,4,1,0
2,8,10,0,11,1,4,1,0
2,0,5,2,2,0,4,1,0
4,11,8,4,11,4,4,1,0
2,15,9,4,0,3,4,1,0
2,11,8,2,3,5,4,0,1
2,9,12,4,0,1,4,0,0
5,15,9,4,7,3,4,0,0
2,11,8,2,7,0,4,1,1
2,0,5,2,6,0,4,1,0
2,11,8,4,9,4,2,1,0
2,11,8,4,0,3,4,0,0
2,9,12,2,9,0,4,1,0
2,11,8,5,6,1,2,0,0
2,11,8,2,7,5,4,0,0
2,15,9,4,0,3,4,0,0
2,11,8,2,2,0,4,1,1
2,9,12,2,9,0,4,1,0
2,11,8,2,13,0,4,1,0
2,5,3,2,13,0,4,1,0
2,11,8,2,3,0,4,1,0
3,1,6,0,11,1,4,1,0
1,6,4,5,7,2,4,0,0
3,10,15,2,9,0,4,1,1
5,9,12,4,9,1,4,0,0
2,11,8,4,5,2,4,1,0
2,11,8,2,2,0,4,1,0
2,9,12,0,11,4,4,1,1
2,9,12,2,9,0,4,1,1
2,2,7,2,13,0,2,1,0
3,11,8,2,3,5,4,0,1
2,11,8,3,4,2,4,1,0
2,1,6,4,7,3,2,1,0
2,0,5,2,6,0,4,1,0
2,6,4,2,2,0,4,1,0
4,11,8,2,2,0,4,1,0
2,15,9,2,0,0,4,1,0
4,15,9,2,9,0,4,1,0
2,11,8,0,3,1,4,1,0
2,9,12,4,9,1,4,0,0
1,11,8,0,2,1,4,1,0
2,9,12,2,11,0,4,1,0
2,11,8,4,5,2,2,0,0
5,12,13,2,9,0,4,1,1
2,15,9,4,4,3,4,1,0
2,11,8,2,7,0,4,1,0
2,7,11,2,2,0,4,1,0
2,12,13,4,3,1,4,1,0
2,15,9,2,3,0,4,1,0
2,15,9,4,7,1,4,0,0
4,15,9,2,4,0,4,1,0
4,11,8,2,4,0,4,1,0
2,15,9,4,7,3,4,1,0
4,9,12,6,9,4,4,1,1
2,15,9,4,7,3,4,1,0
2,15,9,2,11,0,4,1,0
3,11,8,0,7,1,4,1,0
2,9,12,2,9,0,4,1,0
4,14,14,2,9,0,1,1,1
2,11,8,2,7,0,0,1,0
2,11,8,2,7,0,4,1,0
2,11,8,2,0,5,4,0,0
1,9,12,0,9,3,4,0,0
2,15,9,2,2,0,4,1,0
2,5,3,0,2,1,4,1,0
4,11,8,2,2,0,4,1,0
2,12,13,2,9,0,4,1,1
2,11,8,2,2,0,4,1,1
2,15,9,2,2,0,4,1,1
2,11,8,0,0,1,4,0,0
1,9,12,2,0,0,4,1,1
2,11,8,4,2,3,4,1,0
2,9,12,4,0,1,4,0,0
2,1,6,0,8,4,2,0,0
2,11,8,4,5,3,4,1,0
2,11,8,2,3,0,4,1,0
2,15,9,4,0,3,4,1,0
2,15,9,0,3,4,4,0,0
2,11,8,0,6,1,2,0,0
2,15,9,4,0,2,2,0,0
1,11,8,4,4,3,4,1,0
5,15,9,0,0,1,4,0,0
2,1,6,4,11,3,4,1,0
2,11,8,4,7,1,4,1,0
1,15,9,2,2,0,4,1,1
2,7,11,4,2,1,4,1,0
2,9,12,2,11,0,4,1,1
2,1,6,5,2,4,4,0,0
2,9,12,4,3,3,4,0,0
2,12,13,4,7,1,4,0,0
2,1,6,4,11,3,4,0,0
0,7,11,2,0,0,4,1,1
2,9,12,4,0,1,4,0,0
2,11,8,2,7,5,4,0,0
5,5,3,2,13,0,4,1,0
2,15,9,2,11,5,4,0,1
5,15,9,0,3,1,2,0,0
0,15,9,0,3,1,4,0,0
2,11,8,4,11,1,4,0,0
3,0,5,6,11,4,4,0,0
4,11,8,2,9,0,4,1,1
4,11,8,2,3,0,4,1,1
2,15,9,2,2,0,4,1,0
2,11,8,2,0,5,2,0,0
1,9,12,2,9,0,4,1,0
2,15,9,0,3,2,2,0,0
2,11,8,0,9,1,4,1,0
2,9,12,4,9,3,4,0,0
2,11,8,0,5,3,4,1,0
2,15,9,2,3,5,4,0,1
2,11,8,5,12,1,4,0,0
1,9,12,4,9,1,4,0,1
2,11,8,2,6,0,2,1,0
5,15,9,4,0,1,4,1,0
2,0,5,4,7,3,4,1,0
2,15,9,0,3,1,4,1,0
4,7,11,4,11,1,4,1,0
2,9,12,2,11,0,4,1,1
2,11,8,2,7,0,4,1,0
2,11,8,2,9,0,4,1,0
2,1,6,0,13,1,4,1,0
2,15,9,4,7,3,4,0,0
2,6,4,4,5,3,4,1,0
2,11,8,2,2,0,4,1,0
2,12,13,0,9,4,4,0,0
2,15,9,6,0,1,4,0,0
2,12,13,2,9,0,4,1,1
1,12,13,0,9,4,4,0,0
2,15,9,4,7,3,4,1,0
5,2,7,4,3,1,4,1,0
2,11,8,4,7,4,4,1,0
4,11,8,2,2,0,4,1,0
2,11,8,2,3,0,4,1,0
2,9,12,2,11,5,4,0,1
0,12,13,2,9,0,4,1,1
2,8,10,6,9,1,4,0,0
4,11,8,2,0,5,4,0,0
2,11,8,2,9,5,4,0,0
2,11,8,2,2,0,4,1,0
1,15,9,2,10,0,4,1,1
2,15,9,2,2,0,4,1,1
2,11,8,2,13,3,4,1,0
2,15,9,4,2,1,1,1,0
2,1,6,4,7,3,4,1,0
2,9,12,0,11,1,4,0,0
3,11,8,2,2,0,4,1,0
1,7,11,5,0,1,2,0,0
2,15,9,4,7,3,4,0,0
2,13,0,2,4,0,4,1,0
2,15,9,0,11,3,4,0,0
2,11,8,4,13,3,4,1,0
2,5,3,0,5,2,2,1,0
2,11,8,3,7,4,4,0,0
2,9,12,4,12,1,4,0,1
2,12,13,4,3,1,1,1,0
2,8,10,2,12,0,4,1,0
4,2,7,2,4,0,4,1,0
2,0,5,4,7,3,4,1,0
2,9,12,5,9,4,4,0,0
1,12,13,2,9,0,4,1,1
2,11,8,4,6,4,3,0,0
0,12,13,2,3,0,4,1,1
2,7,11,2,11,0,4,1,1
5,15,9,5,10,4,4,1,0
2,1,6,2,7,0,4,1,0
2,8,10,3,9,4,4,0,0
2,9,12,4,9,1,4,1,0
2,5,3,0,13,4,4,1,0
2,9,12,4,11,3,4,1,0
2,15,9,4,0,3,4,1,0
2,11,8,0,0,1,4,0,0
2,14,14,2,9,0,4,1,1
4,15,9,4,9,1,2,1,0
2,2,7,4,7,1,4,1,0
2,15,9,4,11,3,4,0,0
2,9,12,2,0,0,4,1,1
4,0,5,3,13,1,4,1,0
2,1,6,4,2,1,4,1,0
2,9,12,2,3,0,4,1,1
2,9,12,2,3,0,4,1,0
2,11,8,4,7,4,0,0,0
5,9,12,2,3,0,4,1,0
2,11,8,2,9,0,4,1,0
1,9,12,2,9,0,4,1,0
2,15,9,4,0,3,4,0,0
4,7,11,0,9,1,4,0,0
2,9,12,2,3,0,4,1,0
2,11,8,2,2,0,4,1,0
1,7,11,2,0,0,4,1,0
3,8,10,2,3,0,4,1,0
2,9,12,4,9,1,4,0,0
5,7,11,3,7,4,4,0,0
2,11,8,0,5,4,1,0,0
2,9,12,2,11,0,4,1,1
2,14,14,4,9,1,4,1,1
2,9,12,4,9,3,4,1,0
2,15,9,0,0,1,4,0,0
4,5,3,2,3,0,4,1,0
2,9,12,4,9,3,1,1,0
2,11,8,2,2,0,4,1,0
1,15,9,5,0,1,4,0,0
2,15,9,2,9,0,4,1,0
2,9,12,2,3,0,4,1,1
2,9,12,4,3,1,4,1,0
2,0,5,2,6,0,4,1,0
2,11,8,4,11,1,4,0,0
2,11,8,4,2,3,4,1,0
2,11,8,4,0,1,4,1,0
3,15,9,2,3,0,4,1,1
2,9,12,0,3,1,4,0,0
2,11,8,2,0,5,4,0,0
2,15,9,2,2,0,4,1,0
2,9,12,2,2,0,4,1,0
3,8,10,0,3,4,1,0,0
1,12,13,2,9,0,4,1,1
2,15,9,4,12,1,4,0,0
2,15,9,2,2,0,4,1,0
0,7,11,2,0,0,2,1,1
2,11,8,0,0,4,4,1,0
2,11,8,6,6,4,4,1,0
2,11,8,2,11,0,4,1,1
2,11,8,2,13,0,2,1,0
2,11,8,2,11,0,4,1,1
1,12,13,2,9,5,4,0,0
2,10,15,2,9,0,1,1,0
2,5,3,0,0,1,4,0,0
2,11,8,2,7,0,4,1,0
2,7,11,2,2,0,4,1,0
1,11,8,4,0,3,4,0,0
4,5,3,2,11,0,4,1,0
3,9,12,2,3,0,4,1,1
0,15,9,0,0,1,4,0,0
4,11,8,2,13,0,4,1,0
4,5,3,4,4,3,4,1,0
2,15,9,2,2,0,4,1,0
2,9,12,4,9,1,4,1,0
2,0,5,0,7,1,4,0,0
5,9,12,2,0,0,4,1,1
2,11,8,2,5,5,4,0,1
2,9,12,2,9,5,4,0,1
2,11,8,2,13,0,4,1,0
2,15,9,4,0,3,4,0,0
1,12,13,2,9,5,2,0,1
2,11,8,0,0,4,4,0,0
2,1,6,4,7,3,4,1,0
2,11,8,4,0,1,4,1,0
2,10,15,2,9,0,4,1,1
1,9,12,2,9,0,2,1,0
5,15,9,4,0,3,4,0,0
2,15,9,0,6,4,4,1,0
4,11,8,6,7,2,4,0,0
5,9,12,4,9,1,4,1,0
2,11,8,2,2,0,4,1,1
2,15,9,3,0,3,1,0,0
2,9,12,2,6,0,2,1,0
2,11,8,2,7,5,4,0,0
2,11,8,5,3,3,4,1,0
2,9,12,2,11,0,4,1,1
2,11,8,2,6,0,4,1,0
3,8,10,0,11,4,4,0,0
2,6,4,2,5,0,4,1,0
2,15,9,4,2,3,1,1,0
2,15,9,2,3,0,4,1,1
5,7,11,2,10,0,4,1,0
1,11,8,2,10,0,4,1,0
5,12,13,2,9,0,4,1,1
0,9,12,0,9,1,4,1,0
2,14,14,2,9,0,4,1,1
4,11,8,6,2,1,4,1,0
2,15,9,4,7,3,2,1,0
2,11,8,0,0,4,4,0,0
2,9,12,4,11,1,4,1,0
2,9,12,2,3,0,4,1,1
2,9,12,4,11,1,4,0,1
2,15,9,0,11,4,4,0,0
2,15,9,4,0,3,2,1,0
2,8,10,4,0,3,2,0,0
2,11,8,4,4,1,4,1,0
2,1,6,0,11,1,4,0,0
0,15,9,0,12,4,0,0,0
2,10,15,0,11,4,4,0,1
2,1,6,2,11,0,4,1,0
2,10,15,2,12,5,4,0,0
3,0,5,6,3,4,4,0,1
2,1,6,2,6,0,4,1,0
2,0,5,4,0,4,2,0,0
2,12,13,2,0,0,4,1,1
2,9,12,4,3,3,4,1,0
4,15,9,2,2,0,4,1,0
2,9,12,4,0,1,2,1,0
4,15,9,4,9,2,1,0,0
4,15,9,2,2,0,4,1,1
2,11,8,6,7,2,1,0,0
0,9,12,2,9,0,1,1,1
2,11,8,4,7,3,4,0,0
0,9,12,4,3,3,4,0,0
2,11,8,0,7,4,4,0,0
2,9,12,4,3,3,4,1,0
1,11,8,2,3,0,4,1,0
2,11,8,2,7,0,4,1,0
2,11,8,2,7,0,4,1,0
2,11,8,0,13,1,4,1,0
2,13,0,4,4,1,4,1,0
2,9,12,2,0,0,4,1,1
2,11,8,2,13,0,4,1,1
2,15,9,2,3,0,4,1,0
2,9,12,4,0,1,4,0,0
2,11,8,4,6,3,4,1,0
2,1,6,4,11,3,3,0,0
2,0,5,4,7,1,4,0,0
2,9,12,4,11,1,4,0,1
1,9,12,2,9,5,4,0,1
3,9,12,2,3,0,4,1,1
2,12,13,0,3,1,4,0,1
3,15,9,2,2,0,4,1,0
3,9,12,2,11,0,4,1,1
2,15,9,0,7,4,2,0,0
2,0,5,4,0,1,4,0,0
4,11,8,2,12,0,4,1,0
2,9,12,0,6,1,4,1,0
4,8,10,2,4,0,4,1,0
2,15,9,4,12,1,4,0,0
2,14,14,2,9,0,4,1,0
2,11,8,0,6,1,4,0,0
2,15,9,2,11,0,4,1,1
2,9,12,2,9,0,4,1,1
2,12,13,0,9,4,4,0,0
2,12,13,4,3,1,4,0,0
2,11,8,2,11,0,4,0,0
2,11,8,0,4,1,4,1,0
2,7,11,4,11,3,4,0,0
2,11,8,4,4,3,4,1,0
2,11,8,2,11,0,4,1,1
2,8,10,4,13,1,4,1,0
4,10,15,2,9,0,4,1,1
1,15,9,0,13,1,4,0,0
2,11,8,2,11,0,4,1,1
2,4,2,2,7,0,4,1,0
2,15,9,4,0,1,4,1,0
2,7,11,4,11,1,4,1,0
4,6,4,4,2,1,4,1,0
5,9,12,0,9,1,4,1,0
4,11,8,2,12,0,4,1,0
2,9,12,2,9,5,4,0,1
2,9,12,2,12,0,4,1,1
2,11,8,4,6,3,4,1,0
2,8,10,2,7,0,4,1,1
1,11,8,2,2,0,4,1,0
2,11,8,2,13,0,4,1,1
2,8,10,4,0,1,4,0,0
2,11,8,2,12,0,4,1,0
2,1,6,0,6,4,4,0,0
2,11,8,4,5,3,4,1,0
2,15,9,4,7,3,4,1,0
2,12,13,2,9,0,4,1,1
2,15,9,0,3,1,4,1,0
2,11,8,0,5,3,4,1,0
2,15,9,4,0,3,4,0,0
2,15,9,4,2,3,4,1,0
2,15,9,4,11,3,4,1,0
2,11,8,0,2,1,4,1,0
2,12,13,0,9,4,4,1,1
2,11,8,4,11,4,4,1,1
2,0,5,4,6,3,4,1,0
2,11,8,0,11,3,4,0,0
2,15,9,2,11,0,4,1,0
2,7,11,0,9,4,4,0,0
2,15,9,4,2,4,0,1,0
0,11,8,0,0,1,2,1,0
2,14,14,2,9,5,4,0,1
5,15,9,4,0,3,4,0,0
2,11,8,6,5,4,4,1,0
2,11,8,4,6,4,2,0,0
2,9,12,4,3,3,4,1,0
2,15,9,4,0,3,2,0,0
4,11,8,2,2,0,4,1,0
3,11,8,2,13,0,4,1,0
2,15,9,5,6,1,4,1,1
2,11,8,4,0,1,4,0,0
2,11,8,2,6,0,4,1,0
2,9,12,2,9,0,4,1,0
4,15,9,4,7,1,4,0,0
2,7,11,4,0,1,4,0,0
2,9,12,2,3,0,4,1,1
1,12,13,0,9,4,4,0,0
2,11,8,4,7,3,4,0,0
4,15,9,2,4,0,4,1,0
2,11,8,2,2,0,3,1,0
2,11,8,5,6,3,2,0,0
2,11,8,4,11,1,4,0,0
2,9,12,0,9,4,2,1,0
2,11,8,2,6,5,2,0,0
2,11,8,4,0,1,4,0,0
1,11,8,2,2,0,4,1,0
2,11,8,0,0,1,4,0,1
2,5,3,0,12,4,4,0,0
4,9,12,4,12,1,4,1,0
4,9,12,2,9,0,1,1,1
4,14,14,2,9,0,4,1,1
2,15,9,4,11,1,4,1,0
2,15,9,2,2,0,4,1,1
2,5,3,4,11,2,4,1,0
3,9,12,2,3,0,4,1,1
2,15,9,4,0,4,2,0,0
2,11,8,2,0,0,1,1,0
1,15,9,2,10,0,4,1,0
2,1,6,4,2,1,4,1,0
2,11,8,2,13,0,4,1,0
5,9,12,0,10,1,4,1,1
4,15,9,2,2,0,4,1,1
2,11,8,4,7,3,2,1,0
2,9,12,2,9,0,4,1,0
2,11,8,2,2,0,4,1,0
4,15,9,2,9,0,4,1,0
2,10,15,4,0,3,4,0,0
2,11,8,4,12,1,4,0,0
2,11,8,6,11,4,4,0,0
2,8,10,0,2,3,4,1,0
2,11,8,4,11,1,4,1,0
2,11,8,6,6,1,2,0,0
2,11,8,4,5,3,4,1,0
2,9,12,5,11,4,4,0,0
2,11,8,2,6,5,4,0,0
2,15,9,0,11,3,4,1,0
2,11,8,0,12,4,4,0,0
2,15,9,4,0,1,4,0,0
5,11,8,3,7,4,2,0,0
5,9,12,0,10,1,4,0,0
2,0,5,0,13,3,4,1,0
2,15,9,4,0,1,4,0,0
2,9,12,4,9,1,3,0,0
2,8,10,2,7,5,2,0,0
2,11,8,2,2,0,4,1,0
2,11,8,5,5,2,4,0,0
2,9,12,4,12,3,4,1,0
1,9,12,4,0,1,2,0,0
0,11,8,4,0,2,4,1,0
0,15,9,4,7,3,4,1,0
2,9,12,2,13,0,4,1,0
2,11,8,0,4,4,4,1,0
2,15,9,0,2,1,4,0,0
2,1,6,4,5,3,4,1,0
2,9,12,2,0,0,4,1,1
2,1,6,2,6,5,4,0,0
5,11,8,4,12,3,4,1,0
2,11,8,4,0,1,4,0,0
4,11,8,2,2,0,4,1,0
5,14,14,2,9,0,1,1,1
2,11,8,2,11,0,4,1,0
2,15,9,4,11,3,4,0,0
2,7,11,2,11,0,4,1,1
2,11,8,4,11,1,4,0,0
2,15,9,2,9,0,4,1,1
2,0,5,5,11,4,4,0,0
2,15,9,0,2,1,4,1,1
2,14,14,4,9,1,4,0,1
2,15,9,4,7,1,4,0,0
2,15,9,2,3,0,4,1,1
1,9,12,2,10,0,2,1,1
3,11,8,2,3,0,4,1,0
2,11,8,4,3,1,4,1,0
1,11,8,2,2,0,4,1,0
2,10,15,2,9,5,4,0,0
2,11,8,3,11,1,2,0,0
0,11,8,2,7,0,4,1,0
2,11,8,4,2,1,4,1,0
3,9,12,2,9,0,4,1,0
0,9,12,4,9,1,4,0,0
5,12,13,2,9,0,1,1,1
2,11,8,2,7,0,4,1,1
5,9,12,2,3,5,4,0,1
2,9,12,2,11,0,4,1,0
2,1,6,4,7,1,4,0,0
2,11,8,2,13,0,4,1,1
2,7,11,4,0,3,4,1,0
5,10,15,2,3,0,4,1,1
2,11,8,2,9,0,4,1,0
4,15,9,4,7,3,4,1,0
2,11,8,2,2,0,4,1,1
2,3,1,5,9,4,2,0,0
2,11,8,4,13,3,4,1,0
2,9,12,4,12,1,4,1,0
2,9,12,2,9,5,4,0,0
1,9,12,2,9,0,4,1,0
2,9,12,4,2,3,4,1,0
2,5,3,4,6,2,4,0,0
2,11,8,2,3,2,4,1,1
2,11,8,0,6,1,4,0,0
1,1,6,2,13,0,4,1,0
2,11,8,4,2,1,4,1,0
2,15,9,4,0,1,4,1,0
3,12,13,2,11,0,4,1,1
2,11,8,0,11,4,4,0,0
5,10,15,2,9,0,1,1,0
2,5,3,4,6,2,4,1,0
2,9,12,4,9,1,4,1,0
2,11,8,2,6,0,4,1,0
5,10,15,2,9,0,4,1,1
2,5,3,0,6,1,2,0,0
5,12,13,2,10,0,2,1,0
2,11,8,0,5,1,4,1,0
4,11,8,2,3,0,2,1,0
2,0,5,2,2,0,2,1,0
4,14,14,2,9,0,4,1,1
2,15,9,2,3,0,4,1,0
4,15,9,2,2,0,4,1,1
2,15,9,2,2,0,4,1,1
2,0,5,2,13,0,4,1,1
2,15,9,2,6,0,2,1,0
2,11,8,2,2,0,4,1,0
1,9,12,0,0,1,4,0,1
5,15,9,2,7,5,4,0,0
2,9,12,0,0,1,4,1,0
1,15,9,0,10,4,4,1,0
2,11,8,0,2,1,4,1,1
2,12,13,2,9,0,4,1,1
2,7,11,2,0,0,4,1,0
3,15,9,2,13,0,4,1,1
1,7,11,0,12,1,2,1,0
2,0,5,2,2,0,4,1,0
1,12,13,2,9,0,4,1,1
2,15,9,2,3,5,4,0,1
2,15,9,4,0,3,4,1,0
4,1,6,4,11,3,4,1,0
2,5,3,4,13,4,4,1,0
0,15,9,2,12,0,4,1,1
4,15,9,2,7,5,4,0,0
2,15,9,2,13,0,4,1,0
2,9,12,0,9,1,4,1,0
4,14,14,2,9,0,4,1,1
2,11,8,2,2,0,4,1,0
1,11,8,4,10,3,0,1,0
2,11,8,2,3,0,4,1,1
2,15,9,0,7,1,4,0,1
2,15,9,0,7,3,4,0,0
0,11,8,2,12,0,4,1,0
1,15,9,2,10,0,4,1,1
2,15,9,4,9,4,4,0,0
2,15,9,4,6,4,4,1,0
2,11,8,2,6,0,4,1,1
2,9,12,4,4,3,4,1,1
2,15,9,0,7,4,4,0,0
2,11,8,2,4,5,4,0,0
2,15,9,6,0,1,4,0,0
2,9,12,2,2,0,4,1,0
2,11,8,2,13,0,2,1,0
2,8,10,2,11,0,4,1,0
2,15,9,0,9,1,4,1,0
2,7,11,2,11,0,4,1,1
2,11,8,2,2,0,4,1,0
4,0,5,0,2,1,4,1,0
2,15,9,4,2,1,4,1,0
2,12,13,4,9,1,4,1,0
2,15,9,2,9,0,4,1,0
1,12,13,4,9,1,4,1,0
2,11,8,0,7,4,4,0,0
4,7,11,2,11,0,4,1,0
2,15,9,2,3,0,4,1,1
3,11,8,4,7,1,2,1,1
2,7,11,0,0,4,4,0,0
2,11,8,4,0,3,4,0,0
2,11,8,2,2,0,4,1,0
2,15,9,0,3,4,4,0,0
2,15,9,4,5,3,4,1,0
2,15,9,4,7,3,4,1,0
4,12,13,2,9,0,4,1,1
2,15,9,4,11,1,4,0,0
2,11,8,2,13,0,4,1,1
2,9,12,4,0,1,4,0,0
2,15,9,4,11,3,4,0,0
2,15,9,2,7,0,4,1,1
5,9,12,4,0,3,4,0,0
2,11,8,4,0,3,4,1,0
2,9,12,2,3,0,4,1,1
2,6,4,2,2,0,4,1,0
2,7,11,5,7,4,4,0,0
4,15,9,6,4,4,4,0,0
2,15,9,2,5,0,4,1,0
4,12,13,4,9,3,4,1,0
2,0,5,4,5,1,4,1,0
2,11,8,0,12,1,4,0,0
2,15,9,2,12,0,4,1,1
1,15,9,3,0,3,4,0,0
2,9,12,2,0,5,2,0,0
2,11,8,4,7,3,1,1,0
2,15,9,4,0,3,2,0,0
1,9,12,0,9,1,4,0,0
1,1,6,2,7,0,4,1,0
2,11,8,2,13,0,4,1,1
2,11,8,0,11,1,4,0,0
2,11,8,0,3,4,4,0,0
2,11,8,4,11,3,4,0,0
2,15,9,0,0,4,4,0,0
2,11,8,2,0,5,4,0,1
2,1,6,4,11,3,4,0,0
2,8,10,2,3,0,4,1,0
2,15,9,0,11,3,4,0,0
2,1,6,2,6,0,4,1,0
2,4,2,2,7,0,4,1,0
2,9,12,2,2,0,4,1,1
2,11,8,4,0,4,2,0,0
0,9,12,2,9,0,1,1,0
1,11,8,2,7,5,4,0,0
1,9,12,2,10,0,4,1,1
2,15,9,4,3,1,4,1,1
2,12,13,2,3,0,4,1,1
2,15,9,4,9,3,1,1,0
2,8,10,4,9,1,4,1,0
2,0,5,4,7,1,4,0,0
2,9,12,2,0,5,2,0,0
2,15,9,4,0,3,4,0,0
2,11,8,4,7,4,4,1,0
2,2,7,2,5,0,4,1,1
2,15,9,4,0,1,4,0,0
2,11,8,0,7,1,4,0,0
4,15,9,2,2,0,4,1,0
2,11,8,6,10,1,4,1,0
2,11,8,5,7,1,4,0,0
2,6,4,4,7,3,2,1,0
2,11,8,2,0,0,4,1,0
1,9,12,4,9,1,4,0,0
1,12,13,4,9,1,4,0,0
2,9,12,2,3,0,4,1,0
2,11,8,2,2,0,4,1,0
2,11,8,2,7,5,4,0,0
2,11,8,0,13,1,4,1,1
4,14,14,2,9,0,4,1,0
2,15,9,2,2,0,4,1,1
5,9,12,3,0,1,4,1,0
3,9,12,2,11,0,4,1,1
2,11,8,2,3,0,4,1,1
2,15,9,2,0,0,2,1,1
4,15,9,5,4,1,4,1,0
4,9,12,2,3,0,4,1,0
2,15,9,5,7,1,4,0,0
1,10,15,2,9,0,4,1,1
2,0,5,2,5,5,4,0,0
2,7,11,4,0,4,2,0,0
2,11,8,2,2,0,4,1,0
4,15,9,2,2,0,1,1,0
2,15,9,4,13,1,4,1,0
2,11,8,0,0,1,4,0,0
2,11,8,4,13,3,2,1,0
1,9,12,2,9,0,4,1,1
2,7,11,0,2,1,4,1,0
2,11,8,4,0,1,0,0,0
2,11,8,0,2,1,4,1,0
2,11,8,2,6,0,0,1,0
2,11,8,2,0,0,4,1,0
2,11,8,2,2,0,4,1,0
2,11,8,6,6,4,2,0,0
2,1,6,6,7,1,4,0,0
4,0,5,2,2,0,4,1,0
2,15,9,2,4,0,4,1,0
2,11,8,4,0,1,4,0,0
2,11,8,2,12,0,1,1,1
2,15,9,2,3,5,4,0,0
2,9,12,2,9,0,4,1,1
2,11,8,4,3,1,4,1,0
0,7,11,2,12,0,4,1,0
2,9,12,0,0,4,4,0,0
2,11,8,2,2,0,4,1,1
2,15,9,4,0,1,4,0,0
2,11,8,2,6,0,4,1,0
2,2,7,4,11,1,4,1,0
4,7,11,2,10,0,4,1,0
2,11,8,2,2,0,4,1,0
2,1,6,4,5,1,4,1,0
1,12,13,0,9,4,4,0,1
2,15,9,4,3,1,4,1,0
2,15,9,0,3,1,4,0,0
2,1,6,2,11,2,4,0,0
2,11,8,4,7,3,4,1,0
5,15,9,4,3,1,4,0,0
2,9,12,5,3,4,4,0,0
4,15,9,2,11,0,4,1,1
2,12,13,2,3,0,4,1,1
4,11,8,2,11,0,4,1,1
3,14,14,2,9,0,4,1,1
2,9,12,2,11,0,4,1,1
2,11,8,4,0,1,4,0,0
2,15,9,0,11,4,4,0,0
2,11,8,2,13,0,4,1,0
2,11,8,4,13,4,2,1,0
2,8,10,2,11,0,4,1,0
2,0,5,4,2,4,4,1,0
2,1,6,4,7,2,4,0,0
2,11,8,0,4,1,4,1,0
2,9,12,0,3,1,4,1,1
2,11,8,2,2,0,4,1,1
2,11,8,2,0,0,4,1,0
5,15,9,4,0,3,4,0,0
4,8,10,2,9,0,4,1,0
2,15,9,2,2,0,4,1,0
2,8,10,0,0,4,4,0,0
2,11,8,4,5,3,4,1,0
2,11,8,5,6,3,2,0,0
2,15,9,2,5,0,2,1,0
2,11,8,4,0,3,4,0,0
2,1,6,4,0,3,2,1,0
1,9,12,0,9,1,4,0,0
2,5,3,2,6,5,4,0,1
2,15,9,2,11,0,4,1,0
5,9,12,0,9,1,4,0,0
2,15,9,4,12,1,4,0,0
5,15,9,4,9,1,2,0,0
2,11,8,2,7,3,4,0,0
2,12,13,2,3,0,4,1,1
2,11,8,2,13,3,3,1,0
2,15,9,4,9,1,4,1,0
3,11,8,0,11,1,4,1,0
2,9,12,4,11,1,4,1,0
1,15,9,0,3,1,4,0,0
4,9,12,2,6,5,1,0,0
2,11,8,2,13,0,4,1,0
2,15,9,4,0,3,4,0,0
2,15,9,0,6,3,4,1,0
2,6,4,2,6,0,4,1,0
2,11,8,5,13,4,4,1,0
0,11,8,0,0,4,2,0,0
2,11,8,4,3,4,4,0,0
2,11,8,0,7,1,4,0,0
2,11,8,4,6,1,2,1,0
2,12,13,2,3,0,4,1,1
0,9,12,2,0,0,4,1,1
2,5,3,2,2,0,4,1,0
2,15,9,4,0,3,4,0,0
2,11,8,2,0,5,4,0,0
2,14,14,2,9,0,4,1,1
2,0,5,4,5,4,4,1,0
2,11,8,4,11,4,2,0,0
2,6,4,2,2,0,4,1,0
5,12,13,5,9,4,4,0,0
2,0,5,0,7,1,4,1,0
2,15,9,0,0,1,1,0,0
1,9,12,4,9,1,2,0,0
2,11,8,2,2,0,4,1,1
2,15,9,4,7,2,4,0,0
3,15,9,4,3,1,4,1,1
2,11,8,6,4,4,4,0,0
2,6,4,2,7,0,4,1,0
2,11,8,2,13,0,4,1,1
2,1,6,2,2,0,4,1,0
2,15,9,4,7,4,2,0,0
2,11,8,2,6,0,4,1,1
2,15,9,2,11,0,4,1,1
2,1,6,2,11,0,4,1,0
0,15,9,2,2,0,4,1,0
2,1,6,4,11,3,2,0,0
2,11,8,0,2,4,4,0,0
0,9,12,2,9,0,4,1,0
2,7,11,2,7,5,4,0,0
2,15,9,5,11,1,0,0,0
2,11,8,5,7,1,4,0,0
2,9,12,2,9,0,3,1,0
2,15,9,2,11,0,4,1,0
4,9,12,4,3,1,4,1,0
2,11,8,4,6,1,4,1,0
2,8,10,0,0,4,2,0,0
2,0,5,4,7,1,4,1,0
2,15,9,3,5,4,4,1,0
4,11,8,2,4,0,1,1,0
2,11,8,0,12,4,4,0,0
2,12,13,0,9,1,4,1,1
2,11,8,2,3,0,4,1,0
2,9,12,5,9,1,1,1,1
2,15,9,2,2,0,4,1,1
2,11,8,4,7,3,4,0,0
1,9,12,2,10,0,4,1,1
2,8,10,2,0,0,4,1,1
2,8,10,5,3,3,4,0,0
3,9,12,2,11,0,4,1,1
2,15,9,2,7,0,2,1,0
2,15,9,2,3,0,4,1,0
1,11,8,4,0,4,0,1,0
2,9,12,4,3,1,4,1,0
4,9,12,2,11,0,4,1,0
2,10,15,2,9,0,4,1,1
2,15,9,2,2,0,4,1,0
1,12,13,4,9,1,4,0,0
4,11,8,4,2,3,4,1,0
2,15,9,0,3,1,4,0,1
2,15,9,5,2,4,4,1,1
2,5,3,2,2,0,1,1,0
0,15,9,2,12,0,1,1,1
2,9,12,2,12,0,4,1,1
2,11,8,2,6,0,3,1,0
2,12,13,2,3,0,4,1,1
5,11,8,2,10,0,4,1,0
2,15,9,4,0,3,4,0,0
2,11,8,6,11,4,4,0,0
2,4,2,2,2,0,4,1,0
2,11,8,2,6,0,4,1,0
2,11,8,2,2,0,4,1,0
2,9,12,0,3,4,4,0,0
1,9,12,2,9,0,4,1,0
2,11,8,2,11,0,4,1,0
1,12,13,2,9,0,4,1,1
2,11,8,2,6,5,4,0,0
4,11,8,2,7,0,4,1,1
2,11,8,4,0,3,4,0,0
2,15,9,6,0,1,4,0,0
2,12,13,4,9,1,4,1,0
2,9,12,2,3,0,4,1,1
2,2,7,4,5,3,4,1,0
2,15,9,4,9,1,2,1,0
2,11,8,0,6,1,4,1,0
2,15,9,2,11,0,4,1,0
2,15,9,4,5,2,4,1,0
2,2,7,4,0,4,4,0,0
2,3,1,6,9,4,4,0,0
2,14,14,5,12,1,4,1,1
2,15,9,4,7,3,4,1,0
4,11,8,2,11,0,4,1,0
2,11,8,2,7,2,2,1,0
4,15,9,6,2,4,4,0,0
2,3,1,2,2,0,4,1,0
2,5,3,4,7,1,4,1,1
2,6,4,2,7,0,4,1,0
2,15,9,4,0,3,4,0,0
2,11,8,2,6,0,4,1,1
2,15,9,4,2,1,4,1,0
2,15,9,0,8,2,4,0,0
1,9,12,0,3,4,4,0,0
4,6,4,2,0,0,4,1,0
2,11,8,4,6,4,2,0,0
2,1,6,4,11,3,4,0,0
2,1,6,4,7,3,2,1,0
2,1,6,0,5,2,2,1,0
2,15,9,2,12,0,4,1,1
2,0,5,6,5,1,4,0,0
2,11,8,0,0,4,4,0,0
0,11,8,4,7,1,4,0,0
2,7,11,4,11,3,4,1,0
2,6,4,2,2,0,4,1,0
2,9,12,4,9,1,4,1,0
2,11,8,2,11,0,4,1,0
1,4,2,2,7,0,4,1,0
2,0,5,4,5,1,4,1,0
5,15,9,2,10,0,4,1,0
2,15,9,2,9,0,4,1,0
2,11,8,2,6,0,4,1,0
2,11,8,4,6,4,4,0,0
4,15,9,2,4,0,4,1,0
2,10,15,2,3,0,4,1,1
2,9,12,2,3,0,4,1,0
2,1,6,4,7,3,4,0,0
2,11,8,2,6,0,4,1,0
2,9,12,4,11,1,4,0,0
4,8,10,2,4,0,4,1,0
2,11,8,2,5,0,4,1,1
1,12,13,2,10,0,4,1,1
2,1,6,2,4,0,4,1,0
2,14,14,0,3,1,4,1,1
2,11,8,4,0,1,4,1,0
2,11,8,2,6,2,4,1,0
2,8,10,2,9,0,4,1,0
5,15,9,4,12,3,4,0,0
2,15,9,4,0,1,4,1,0
2,7,11,0,9,1,4,0,0
2,9,12,5,12,1,4,1,0
2,11,8,2,6,0,4,1,0
2,11,8,4,7,3,4,1,0
4,9,12,2,9,0,1,1,0
2,15,9,5,11,2,2,1,0
2,11,8,2,7,0,4,1,0
2,11,8,2,7,0,4,1,1
3,15,9,2,11,0,4,1,1
4,11,8,2,4,0,4,1,0
4,7,11,4,9,1,4,0,0
2,9,12,2,3,0,4,1,1
2,9,12,4,3,1,4,0,0
2,15,9,0,7,1,4,1,0
2,11,8,0,9,1,4,0,0
2,9,12,2,9,0,4,1,1
2,11,8,0,11,1,4,1,0
2,15,9,4,11,1,4,0,0
2,15,9,4,2,3,4,0,0
2,11,8,2,10,0,4,1,0
2,12,13,2,12,0,4,1,1
2,12,13,6,9,1,4,0,0
0,15,9,0,3,4,1,0,0
2,11,8,2,2,0,4,1,1
2,15,9,2,3,0,4,1,1
2,11,8,4,11,1,4,1,0
1,9,12,2,9,5,4,0,1
2,7,11,2,11,0,4,1,0
2,9,12,2,6,0,4,1,1
2,11,8,4,3,1,4,0,0
4,8,10,2,9,0,4,1,0
2,12,13,2,11,0,4,1,0
2,15,9,0,0,4,4,0,0
2,11,8,2,2,0,4,1,0
2,15,9,4,0,1,4,0,0
1,9,12,2,10,0,4,1,1
2,15,9,4,7,1,4,0,0
2,3,1,3,7,1,4,1,0
2,11,8,4,0,1,4,0,0
4,15,9,4,9,3,4,0,0
4,15,9,4,4,3,4,0,0
1,7,11,6,9,4,4,1,0
1,12,13,4,9,1,4,0,0
4,1,6,2,2,0,4,1,0
1,15,9,0,10,4,4,1,0
2,12,13,2,9,0,4,1,0
2,11,8,2,6,5,2,0,0
2,15,9,0,2,1,4,1,0
2,11,8,2,2,0,4,1,0
4,11,8,2,3,0,4,1,0
4,11,8,2,2,0,4,1,0
5,15,9,2,6,0,4,1,1
0,0,5,5,2,1,4,1,0
2,9,12,2,3,0,4,1,1
2,15,9,4,12,1,4,0,0
0,11,8,2,13,0,2,1,1
1,15,9,2,12,5,4,0,1
2,9,12,2,11,0,4,1,1
2,11,8,2,13,0,4,1,0
2,15,9,4,0,1,4,0,0
2,7,11,4,7,1,3,1,0
4,15,9,2,2,0,4,1,0
2,11,8,2,2,0,4,1,0
2,11,8,4,3,1,4,1,0
2,15,9,2,13,0,4,1,1
2,9,12,4,3,3,4,0,0
2,12,13,2,9,0,4,1,0
2,7,11,0,9,4,4,0,0
2,6,4,2,6,5,4,0,0
2,15,9,2,6,5,3,0,0
4,11,8,2,3,0,4,1,1
2,13,0,3,6,1,4,1,0
2,11,8,4,7,4,4,0,0
2,11,8,2,7,0,4,1,0
2,15,9,2,13,0,4,1,0
2,1,6,4,7,3,4,1,0
2,11,8,4,0,3,4,0,0
3,11,8,2,11,0,2,1,0
3,9,12,2,3,0,4,1,1
2,15,9,4,11,3,4,1,0
2,11,8,4,0,4,2,0,0
2,11,8,4,5,3,1,0,0
4,15,9,2,6,0,4,1,1
2,9,12,4,11,3,4,0,0
1,11,8,5,10,2,4,0,0
0,12,13,2,0,0,4,1,1
2,5,3,2,6,0,4,1,0
2,9,12,4,0,3,4,0,0
2,11,8,2,6,0,4,1,0
2,11,8,2,2,0,4,1,0
2,11,8,2,3,0,4,1,0
2,11,8,5,3,4,4,0,0
5,10,15,4,9,1,4,1,0
2,11,8,4,7,3,4,1,0
2,15,9,4,7,3,4,0,0
1,8,10,4,10,1,4,1,0
2,15,9,4,0,3,2,0,0
2,15,9,2,13,0,4,1,0
2,11,8,2,3,0,4,1,0
2,9,12,2,3,0,4,1,1
2,15,9,2,0,5,4,0,0
2,15,9,2,7,0,4,1,0
2,15,9,4,7,1,4,0,0
2,15,9,4,7,3,4,0,0
2,11,8,4,6,3,4,1,0
2,8,10,2,5,0,4,1,0
2,1,6,4,7,1,2,0,0
2,8,10,0,7,1,4,1,0
2,15,9,4,7,1,4,1,0
2,15,9,2,11,0,4,1,1
2,15,9,0,6,1,4,1,0
2,0,5,4,12,3,4,1,0
2,11,8,0,7,4,4,0,0
2,9,12,0,9,4,2,0,0
2,15,9,2,5,0,4,1,0
2,9,12,0,9,1,2,0,0
2,15,9,4,10,3,4,1,0
2,11,8,2,2,0,4,1,0
2,15,9,4,11,3,2,1,0
2,5,3,4,6,3,4,1,0
1,9,12,4,9,3,4,0,1
2,11,8,2,11,0,4,1,1
2,15,9,4,7,2,4,1,0
2,2,7,4,11,1,4,1,0
2,0,5,2,7,0,4,1,0
2,11,8,2,2,0,4,1,0
2,15,9,2,2,0,4,1,1
4,1,6,4,2,1,4,1,0
2,15,9,2,3,0,4,1,1
2,11,8,4,0,3,4,0,0
2,9,12,4,9,1,4,0,0
4,11,8,2,2,0,4,1,1
2,10,15,2,9,0,4,1,1
2,12,13,2,9,0,4,1,1
2,11,8,2,5,0,4,1,1
2,12,13,2,9,0,4,1,1
0,9,12,4,3,4,1,1,0
2,15,9,4,3,3,4,1,0
2,11,8,0,8,1,4,0,0
2,11,8,2,12,0,4,1,1
2,9,12,2,11,0,4,1,1
2,9,12,4,5,1,4,1,0
0,15,9,2,2,0,4,1,0
2,15,9,4,6,1,4,1,0
2,11,8,2,6,0,4,1,0
1,8,10,2,3,0,4,1,1
2,5,3,4,4,3,4,1,0
2,9,12,5,9,4,4,0,1
2,8,10,2,2,0,4,1,0
2,11,8,2,6,0,2,1,0
2,14,14,5,9,1,4,1,1
4,15,9,2,2,0,4,1,0
2,9,12,0,3,4,4,0,0
2,12,13,2,9,0,4,1,1
2,15,9,0,0,1,4,0,0
4,11,8,4,11,4,2,0,0
2,1,6,2,0,0,4,1,0
2,15,9,2,7,0,2,1,0
2,11,8,4,7,3,4,0,0
3,9,12,2,11,0,4,1,0
5,11,8,2,0,0,4,1,0
2,15,9,4,0,2,4,0,0
2,15,9,2,11,0,4,1,1
2,5,3,2,7,0,1,1,0
2,11,8,2,2,0,4,1,1
2,15,9,4,11,2,3,0,0
2,15,9,5,0,4,4,0,0
2,11,8,2,0,3,4,0,0
2,0,5,0,7,4,4,0,0
5,15,9,2,2,0,4,1,1
2,15,9,2,2,0,2,1,1
2,11,8,4,0,3,1,1,0
4,11,8,2,2,0,4,1,1
2,9,12,2,3,0,4,1,1
2,9,12,5,3,1,4,0,0
2,11,8,0,7,3,4,0,0
2,12,13,2,3,5,4,0,1
2,9,12,4,11,1,4,1,0
2,9,12,0,9,4,4,0,1
0,11,8,2,0,0,4,1,0
2,15,9,0,9,4,4,0,0
3,15,9,4,11,1,4,1,0
2,1,6,5,7,1,2,0,0
2,9,12,2,3,0,2,1,1
2,15,9,6,0,4,4,0,0
4,9,12,2,4,0,4,1,0
3,8,10,2,3,0,4,1,1
2,15,9,4,2,1,4,0,0
2,8,10,4,9,4,2,0,0
4,11,8,1,2,0,4,1,0
4,12,13,0,9,1,4,1,0
2,9,12,2,3,0,4,1,1
0,9,12,2,11,0,4,1,1
2,5,3,2,13,0,4,1,0
2,7,11,2,3,5,4,0,1
2,6,4,2,2,0,4,1,0
0,1,6,4,11,1,2,0,0
2,11,8,4,6,3,1,1,0
2,11,8,2,3,0,4,1,0
2,6,4,0,6,1,4,1,0
2,5,3,4,7,3,4,1,0
0,9,12,2,3,0,4,1,1
4,11,8,2,11,0,1,1,0
2,9,12,0,11,4,2,1,0
2,8,10,2,9,0,4,1,1
2,11,8,4,7,2,1,1,0
2,1,6,4,5,3,4,1,0
4,7,11,2,7,5,4,0,0
2,8,10,2,11,0,4,1,0
5,12,13,4,9,1,1,1,0
3,11,8,2,4,0,4,1,0
5,11,8,2,2,0,4,1,0
2,15,9,0,0,4,4,1,0
2,11,8,2,3,0,4,1,0
2,13,0,4,4,1,4,1,0
2,14,14,4,9,1,4,0,0
2,11,8,4,2,3,4,1,0
2,15,9,2,7,0,4,1,0
2,12,13,2,11,0,4,1,1
2,8,10,0,3,1,4,1,0
2,11,8,0,13,3,4,0,0
2,11,8,0,3,4,4,0,0
2,11,8,0,6,4,4,1,0
2,11,8,4,7,3,4,0,0
2,12,13,2,9,5,4,0,1
2,15,9,0,5,4,2,1,0
2,11,8,4,6,1,4,0,0
4,11,8,2,9,0,4,1,1
1,15,9,0,0,4,4,0,0
2,12,13,2,3,5,4,0,1
3,14,14,2,9,0,4,1,1
2,15,9,4,7,1,4,0,0
0,15,9,0,0,4,4,1,0
2,1,6,0,5,3,4,1,0
2,11,8,2,2,0,4,1,0
2,11,8,4,11,3,4,0,0
2,5,3,2,7,0,1,1,0
2,8,10,4,5,1,2,1,0
2,11,8,5,7,4,2,1,0
4,9,12,5,2,1,4,1,0
4,11,8,2,13,0,4,1,1
2,0,5,2,6,0,4,1,0
2,9,12,2,3,0,4,1,1
2,15,9,4,11,3,1,1,0
2,14,14,4,9,1,3,1,1
4,9,12,4,11,4,4,1,1
2,10,15,4,9,1,4,1,0
2,9,12,4,0,1,4,0,0
2,11,8,4,3,1,4,0,0
2,1,6,4,11,3,4,0,0
2,11,8,4,7,3,4,0,0
2,0,5,2,13,0,4,1,0
5,7,11,4,0,3,2,0,0
2,15,9,4,11,1,4,1,0
2,11,8,4,13,3,4,1,0
4,11,8,0,11,1,4,1,0
1,9,12,2,9,0,4,1,1
2,11,8,5,7,4,4,0,0
2,15,9,4,11,1,4,0,0
1,9,12,2,9,5,4,0,0
2,11,8,4,5,3,4,1,0
2,9,12,2,9,5,4,0,1
2,11,8,2,6,3,4,0,0
2,9,12,4,0,1,4,0,0
2,0,5,4,13,1,0,1,0
2,14,14,2,9,0,4,1,1
2,11,8,2,3,0,4,1,1
2,9,12,2,3,0,1,1,1
2,9,12,2,11,0,4,1,0
4,15,9,2,11,0,4,1,0
2,11,8,0,7,4,0,0,0
2,15,9,2,3,0,4,1,1
1,11,8,4,13,3,4,1,0
1,9,12,4,12,1,4,1,0
2,7,11,6,0,1,4,0,0
2,11,8,4,7,1,4,1,0
2,11,8,0,6,1,4,1,0
2,5,3,4,6,3,4,1,0
2,11,8,5,0,4,4,0,0
2,11,8,4,5,3,4,1,0
2,11,8,2,13,0,4,1,0
5,9,12,4,2,1,4,1,0
2,9,12,4,9,1,4,0,1
3,14,14,2,9,0,4,1,1
2,11,8,2,11,0,4,1,0
2,15,9,2,0,0,4,1,0
2,11,8,2,2,0,4,1,1
2,2,7,4,7,1,3,1,0
2,5,3,0,7,1,4,1,0
2,2,7,2,7,5,4,0,0
2,7,11,4,7,3,4,0,0
2,11,8,2,13,0,4,1,1
2,11,8,2,13,0,4,1,0
2,11,8,2,10,0,4,1,1
2,12,13,0,3,1,4,1,0
2,11,8,5,6,2,4,1,0
2,8,10,6,3,1,4,0,0
2,15,9,2,0,0,4,1,0
2,11,8,4,2,4,4,0,0
1,12,13,4,0,1,4,0,0
4,15,9,4,11,3,4,0,0
2,15,9,4,12,3,4,1,0
2,9,12,2,9,0,4,1,1
0,15,9,2,0,2,4,1,1
2,15,9,4,2,1,4,1,0
2,15,9,4,0,3,4,1,0
2,9,12,2,9,0,4,1,0
2,15,9,4,8,3,4,0,0
2,1,6,4,7,3,2,1,0
2,9,12,2,3,0,4,1,1
2,11,8,0,3,1,2,1,0
2,12,13,2,3,0,4,1,1
2,9,12,2,3,0,4,1,1
2,15,9,0,0,1,4,0,0
2,3,1,2,13,0,4,1,0
2,15,9,0,3,4,4,0,0
2,12,13,2,3,0,4,1,1
2,11,8,2,5,0,4,1,0
2,11,8,4,7,3,4,0,0
2,8,10,2,11,0,4,1,0
2,11,8,4,7,3,4,1,0
2,11,8,2,2,5,2,0,0
2,15,9,2,0,5,4,0,0
2,9,12,2,11,0,4,1,1
0,14,14,2,9,0,4,1,0
4,10,15,4,9,1,4,1,1
3,9,12,2,3,0,4,1,1
2,15,9,2,13,0,4,1,1
5,11,8,2,10,0,4,1,0
4,11,8,2,4,0,4,1,0
1,9,12,4,9,1,4,0,0
4,0,5,4,9,1,4,0,0
2,15,9,2,12,0,4,1,0
2,12,13,2,3,0,4,1,1
2,5,3,0,2,3,4,1,0
2,8,10,4,3,3,4,1,0
4,15,9,6,11,1,4,1,0
2,9,12,4,0,3,4,0,0
2,2,7,2,13,0,4,1,1
2,0,5,4,6,3,4,1,0
3,15,9,2,2,0,4,1,0
0,11,8,4,0,1,2,0,0
1,15,9,0,0,1,4,0,0
0,14,14,2,9,0,4,1,1
2,9,12,0,7,1,4,1,0
5,12,13,0,9,4,2,0,1
2,11,8,4,13,1,4,1,1
2,9,12,2,11,0,4,1,1
2,15,9,2,2,0,4,1,1
2,15,9,4,0,3,4,0,0
2,9,12,2,11,0,4,1,1
2,11,8,4,2,1,4,1,0
2,15,9,4,2,1,4,1,0
2,11,8,0,11,1,4,0,0
2,15,9,2,2,0,4,1,1
2,15,9,2,6,0,2,1,0
2,9,12,4,0,3,4,0,0
2,9,12,2,11,0,4,1,1
4,9,12,2,3,0,4,1,1
1,9,12,2,0,5,4,0,0
2,9,12,2,9,0,4,1,1
2,15,9,0,6,4,4,0,0
4,11,8,2,11,0,4,1,0
2,4,2,4,5,1,4,1,0
2,11,8,0,7,4,2,0,0
2,11,8,4,2,3,2,1,0
2,11,8,0,7,1,4,0,0
2,9,12,2,2,0,4,1,1
2,11,8,2,11,0,4,1,1
5,9,12,4,3,1,4,0,0
2,8,10,2,3,0,4,1,1
2,11,8,4,11,1,4,1,0
4,11,8,3,3,1,4,1,0
4,12,13,4,9,1,4,1,0
2,4,2,5,5,1,4,1,0
2,1,6,4,13,4,0,1,0
2,11,8,2,13,0,4,1,1
2,1,6,4,5,3,4,1,0
2,5,3,6,6,4,2,0,0
2,11,8,6,7,2,4,0,0
0,15,9,4,0,1,4,1,0
2,15,9,4,13,3,4,1,0
2,15,9,2,6,0,4,1,0
2,15,9,4,2,3,4,1,0
4,11,8,4,2,3,4,1,0
2,11,8,4,0,3,4,0,0
2,9,12,2,3,0,4,1,1
2,0,5,2,0,5,4,0,0
2,15,9,2,0,0,4,1,0
2,11,8,0,7,1,2,1,0
2,6,4,0,7,4,4,0,0
2,15,9,4,11,3,4,0,0
2,11,8,2,11,5,4,0,0
2,1,6,2,13,0,4,1,0
2,3,1,6,8,1,2,0,0
2,11,8,6,0,1,4,0,0
2,11,8,4,7,3,2,0,0
2,11,8,4,0,3,4,1,0
2,15,9,4,13,3,4,1,0
1,11,8,2,5,0,4,1,0
2,11,8,4,11,3,4,0,0
0,11,8,2,0,0,4,1,0
2,11,8,2,3,5,4,0,0
2,15,9,2,13,0,4,1,0
2,15,9,2,2,0,4,1,0
2,11,8,4,13,4,4,1,0
5,14,14,2,3,0,4,1,1
2,11,8,4,0,3,4,0,0
2,9,12,4,9,1,4,0,0
2,15,9,5,3,4,0,0,0
2,15,9,0,7,1,4,1,0
2,9,12,2,11,0,4,1,1
5,15,9,0,0,1,4,0,0
2,11,8,0,7,4,4,0,0
2,11,8,4,0,1,4,1,0
2,11,8,4,9,4,2,0,0
2,11,8,2,3,0,4,1,0
2,15,9,4,5,3,4,0,0
2,11,8,0,13,1,4,1,0
2,9,12,4,6,1,4,1,0
1,15,9,0,0,1,4,0,0
2,11,8,2,6,0,4,1,1
5,11,8,4,7,1,2,0,0
2,15,9,2,11,0,4,1,0
2,15,9,2,0,0,4,1,1
2,1,6,4,11,3,4,0,0
2,9,12,4,2,1,4,1,0
2,0,5,0,2,1,4,1,0
4,1,6,2,3,0,4,1,0
2,2,7,2,11,5,1,0,0
1,11,8,4,0,3,4,0,0
2,11,8,0,7,4,4,0,0
2,9,12,2,3,0,4,1,1
2,11,8,0,12,1,4,0,1
3,9,12,4,11,3,4,1,1
2,1,6,2,2,0,4,1,0
2,14,14,2,3,5,4,0,1
2,9,12,2,9,0,4,1,1
2,9,12,2,3,0,4,1,0
2,11,8,2,11,0,4,1,0
3,5,3,2,2,0,4,1,1
2,15,9,4,11,1,2,1,0
4,15,9,2,2,0,4,1,1
2,15,9,5,11,1,4,1,0
2,8,10,2,5,0,4,1,0
2,11,8,4,7,3,4,0,0
2,8,10,4,6,3,4,1,0
2,5,3,0,7,1,4,1,0
0,15,9,4,0,1,2,0,0
2,11,8,4,0,1,4,0,0
5,7,11,4,0,1,4,0,0
2,15,9,4,11,3,4,0,0
2,11,8,6,7,4,2,0,0
2,7,11,0,9,1,4,0,0
2,11,8,4,11,1,4,1,0
1,12,13,0,9,1,2,1,0
1,2,7,4,7,3,2,1,0
2,7,11,2,13,5,4,0,1
4,11,8,2,3,0,4,1,1
2,11,8,4,11,1,4,0,0
2,11,8,2,2,0,4,1,0
2,9,12,2,3,0,4,1,1
2,11,8,4,7,4,4,1,0
2,9,12,4,9,1,4,1,1
2,9,12,2,13,0,4,1,1
2,9,12,6,9,1,4,1,1
2,11,8,4,2,4,4,1,0
1,15,9,0,0,1,4,0,0
2,9,12,4,3,1,4,1,0
2,9,12,4,0,1,4,0,0
2,9,12,2,9,0,4,1,1
2,15,9,4,2,1,4,0,0
2,11,8,0,0,2,2,1,0
2,15,9,2,2,0,4,1,1
2,15,9,2,2,2,1,1,0
2,9,12,4,11,2,2,0,0
2,9,12,4,12,4,4,1,0
2,9,12,4,11,1,4,1,0
2,15,9,2,2,0,4,1,0
2,9,12,4,11,3,4,1,0
4,15,9,0,3,1,4,0,0
3,11,8,2,3,0,4,1,0
5,12,13,4,9,4,2,0,0
2,11,8,2,3,0,4,1,0
2,11,8,2,2,0,4,1,0
2,8,10,4,7,3,1,1,0
2,6,4,0,5,1,4,0,0
2,7,11,4,9,1,4,0,0
2,5,3,2,5,0,4,1,0
2,15,9,4,2,3,4,1,0
2,15,9,4,0,3,4,1,0
2,11,8,6,5,2,2,1,0
2,9,12,2,3,0,4,1,1
2,7,11,4,0,1,3,0,0
2,8,10,0,9,4,4,0,0
2,11,8,4,13,3,4,1,0
2,12,13,5,3,1,4,1,1
5,9,12,4,3,1,4,0,0
2,15,9,4,0,3,2,0,0
2,9,12,2,11,0,4,1,1
2,11,8,0,6,1,4,1,0
2,11,8,4,9,4,4,0,0
2,11,8,6,8,4,4,0,0
0,11,8,4,0,1,4,1,0
2,9,12,1,3,5,4,0,1
2,15,9,4,7,1,4,1,0
2,9,12,4,7,1,4,1,0
2,9,12,2,9,0,4,1,1
4,14,14,2,9,0,4,1,0
2,9,12,4,9,1,4,1,0
2,9,12,4,7,1,4,1,0
4,11,8,2,3,0,4,1,1
2,11,8,0,3,4,4,0,0
5,11,8,4,7,4,2,0,0
2,8,10,2,0,5,4,0,1
2,15,9,4,13,3,4,1,0
1,7,11,4,3,1,4,1,0
2,9,12,2,11,0,4,1,1
2,15,9,2,2,0,4,1,0
4,11,8,2,4,0,4,1,0
2,11,8,0,3,4,4,0,0
2,8,10,2,9,0,4,1,1
2,15,9,2,8,5,4,0,0
5,12,13,2,9,0,1,1,0
2,15,9,2,3,0,4,1,1
2,7,11,0,3,1,4,1,1
2,15,9,4,7,3,4,0,0
2,11,8,4,10,4,4,1,0
2,11,8,4,7,1,4,1,0
5,9,12,4,0,1,4,0,0
2,2,7,4,13,3,2,1,0
2,15,9,4,13,1,2,1,0
2,15,9,0,12,1,4,0,0
2,8,10,2,12,0,4,1,0
2,11,8,2,4,0,4,1,0
3,9,12,2,11,0,4,1,1
4,11,8,2,4,0,4,1,0
2,8,10,4,12,1,4,1,0
2,11,8,0,7,1,2,0,0
2,6,4,2,6,0,4,1,0
4,10,15,2,2,0,4,1,0
2,15,9,4,7,3,4,1,0
2,9,12,4,9,1,1,0,1
2,3,1,2,5,0,4,1,0
2,12,13,2,3,0,4,1,1
2,15,9,4,7,3,4,0,0
2,11,8,4,5,3,4,1,0
2,9,12,4,9,4,4,0,0
1,8,10,2,10,0,4,1,1
2,15,9,2,11,0,4,1,1
1,15,9,0,0,4,4,0,0
5,12,13,3,9,1,1,0,0
3,15,9,4,13,3,4,1,0
4,14,14,2,9,0,4,1,1
4,9,12,5,2,1,4,1,0
2,11,8,4,7,3,4,1,0
2,6,4,4,11,3,3,0,0
2,11,8,4,13,1,4,1,0
2,11,8,5,6,2,2,0,0
2,0,5,0,7,1,2,0,0
2,11,8,3,9,1,4,1,0
2,7,11,0,6,1,4,1,0
2,9,12,2,3,0,4,1,1
4,8,10,2,11,0,4,1,1
2,11,8,2,6,0,4,1,0
2,15,9,4,0,1,4,0,0
1,7,11,4,0,1,4,0,0
2,8,10,2,5,0,4,1,0
5,9,12,0,9,1,4,1,0
2,11,8,4,5,3,4,1,0
2,9,12,3,7,1,1,1,0
2,9,12,2,12,5,4,0,1
2,15,9,4,11,1,4,0,0
1,11,8,2,2,0,4,1,1
1,9,12,2,10,0,4,1,1
5,11,8,0,6,3,4,1,0
2,15,9,6,3,4,4,0,0
2,15,9,3,11,3,4,0,0
2,11,8,2,6,0,2,1,0
2,9,12,4,3,1,4,0,0
4,11,8,0,4,1,4,1,0
2,15,9,2,2,0,4,1,0
0,12,13,2,9,0,4,1,1
2,1,6,2,9,0,2,1,0
2,11,8,4,13,3,4,1,0
2,15,9,2,2,0,4,1,0
0,9,12,4,12,1,4,1,0
2,15,9,0,11,3,4,1,0
0,9,12,0,3,1,4,1,1
2,11,8,2,3,0,4,1,0
2,5,3,5,7,3,4,1,0
2,11,8,2,6,0,4,1,0
1,11,8,2,2,0,4,1,1
2,11,8,2,0,5,4,0,0
2,6,4,2,13,0,4,1,0
2,11,8,2,2,0,4,1,0
2,9,12,2,7,0,1,1,0
2,9,12,2,9,0,4,1,1
0,9,12,4,3,1,4,1,0
1,14,14,5,9,4,4,0,0
4,11,8,2,4,0,4,1,1
2,11,8,4,6,1,4,1,0
4,11,8,4,4,1,4,1,1
2,11,8,0,7,4,4,0,0
2,7,11,2,11,0,4,1,1
2,15,9,5,2,3,4,1,0
2,9,12,0,2,3,4,0,0
2,9,12,4,9,1,4,0,0
2,15,9,0,12,1,4,0,0
2,11,8,4,7,3,4,1,0
2,11,8,2,7,5,4,0,0
2,9,12,2,3,0,4,1,1
4,11,8,5,7,4,4,0,0
2,9,12,0,3,4,4,0,0
0,7,11,0,10,1,4,1,0
2,11,8,2,11,0,4,1,0
5,9,12,2,0,0,4,1,0
2,15,9,4,0,1,4,1,0
4,11,8,2,2,0,4,1,0
2,11,8,4,0,3,4,1,0
1,5,3,6,7,1,2,0,0
1,15,9,2,2,0,4,1,1
2,0,5,4,5,1,4,1,0
1,12,13,0,9,1,4,0,0
4,5,3,2,13,0,4,1,1
2,11,8,2,2,0,4,1,0
5,1,6,4,7,3,4,1,0
2,11,8,2,6,0,4,1,1
2,14,14,2,11,0,4,1,1
2,0,5,4,6,1,4,0,0
2,9,12,4,11,1,2,1,0
0,14,14,4,9,1,4,0,1
2,9,12,2,3,0,4,1,0
2,7,11,2,9,0,4,1,0
2,15,9,2,11,0,4,1,0
2,15,9,4,11,3,4,0,0
2,9,12,4,3,1,4,0,0
2,11,8,2,5,0,4,1,0
5,15,9,4,9,1,4,1,0
2,11,8,6,0,4,4,0,0
2,15,9,2,12,0,4,1,1
2,12,13,0,11,1,4,0,0
2,15,9,4,11,3,4,1,0
2,11,8,0,6,1,4,1,0
4,11,8,2,2,0,4,1,1
2,1,6,4,2,3,1,1,1
2,11,8,2,6,0,4,1,0
2,15,9,4,0,1,4,1,0
2,11,8,0,0,1,4,0,0
2,15,9,4,7,3,4,1,0
2,11,8,2,11,0,4,1,0
2,15,9,4,6,4,2,0,0
4,1,6,2,6,0,4,1,0
2,11,8,2,2,0,4,1,1
2,8,10,4,12,4,2,0,0
2,15,9,4,3,3,4,0,0
1,8,10,4,9,1,4,0,0
4,15,9,2,2,0,4,1,0
2,9,12,0,0,4,4,0,0
2,8,10,2,11,0,4,1,1
2,11,8,4,10,1,4,1,0
2,0,5,2,6,0,4,1,0
4,9,12,0,7,4,2,1,1
2,0,5,4,7,3,4,1,0
2,15,9,4,11,1,4,1,0
2,11,8,4,2,3,4,1,0
4,11,8,2,2,0,4,1,0
2,15,9,0,3,4,4,0,0
2,0,5,0,4,1,4,1,0
5,15,9,0,0,4,4,0,0
0,9,12,0,0,4,4,0,0
2,15,9,2,12,0,4,1,1
4,11,8,2,13,0,4,1,1
2,15,9,2,0,5,0,0,0
5,12,13,4,9,1,4,1,0
2,0,5,0,11,4,4,0,0
2,15,9,4,13,3,4,1,0
2,11,8,2,13,0,4,1,0
2,11,8,4,6,3,2,0,0
2,12,13,4,9,1,4,1,0
2,9,12,4,2,3,4,1,0
1,9,12,2,9,5,4,0,1
2,11,8,6,0,1,4,0,0
2,11,8,2,5,0,4,1,0
2,15,9,0,7,4,4,0,0
2,0,5,2,2,0,4,1,1
2,9,12,0,2,3,4,0,0
2,15,9,0,2,3,2,1,0
1,11,8,2,2,0,4,1,1
2,11,8,0,5,1,4,1,0
2,11,8,4,7,3,4,0,0
4,15,9,0,4,1,4,1,0
4,12,13,2,4,0,4,1,1
1,12,13,0,3,4,2,0,1
5,11,8,2,2,0,4,1,0
1,11,8,4,2,2,2,0,0
2,9,12,0,3,3,4,0,0
2,15,9,4,9,1,4,0,0
2,15,9,0,7,1,4,1,0
1,12,13,4,9,1,4,1,0
2,15,9,4,11,3,2,1,0
3,14,14,2,9,0,3,1,1
4,0,5,2,4,0,4,1,0
2,11,8,2,3,0,4,1,0
2,8,10,2,9,5,4,0,0
2,11,8,0,3,1,4,0,0
2,11,8,2,11,0,4,1,0
2,11,8,0,6,3,4,0,0
5,6,4,2,2,0,4,1,0
4,9,12,4,3,2,4,1,0
2,11,8,4,3,2,4,1,0
5,10,15,2,9,0,4,1,1
2,2,7,4,7,3,4,1,0
3,0,5,2,11,0,4,1,0
1,9,12,2,9,5,4,0,1
2,11,8,0,9,1,4,1,0
2,15,9,0,3,1,4,0,0
2,15,9,4,7,1,4,1,0
2,15,9,2,7,0,3,1,0
2,7,11,2,6,0,4,1,0
2,15,9,2,6,0,4,1,0
5,7,11,0,0,4,4,1,1
2,15,9,2,7,5,4,0,0
4,11,8,4,4,1,4,1,0
3,9,12,2,11,0,4,1,1
2,12,13,2,3,0,4,1,1
1,11,8,4,5,2,4,1,0
0,11,8,2,13,0,4,1,0
2,11,8,2,0,0,4,1,0
2,15,9,2,6,0,4,1,0
2,15,9,4,12,4,4,0,0
4,11,8,2,11,0,4,1,1
1,15,9,4,0,3,4,0,0
2,3,1,2,5,0,4,1,0
2,11,8,0,2,3,4,1,0
1,9,12,5,9,1,4,1,1
2,9,12,4,9,1,4,0,0
2,11,8,0,13,1,4,1,0
2,9,12,0,3,1,2,0,1
5,8,10,2,12,0,4,1,1
2,11,8,3,6,4,4,0,0
2,15,9,4,5,1,4,1,0
5,15,9,4,10,3,4,1,0
4,11,8,2,3,0,4,1,0
0,9,12,2,10,0,4,1,1
1,12,13,4,9,1,4,0,0
2,11,8,0,7,4,2,0,0
5,11,8,2,9,0,4,1,1
2,11,8,2,11,0,4,1,1
2,13,0,4,7,3,4,1,0
2,6,4,2,6,0,4,1,0
2,12,13,2,9,0,4,1,1
2,10,15,0,9,4,4,0,0
2,9,12,2,3,0,4,1,1
2,7,11,2,13,0,4,1,0
4,11,8,6,2,1,4,0,0
2,11,8,2,0,5,4,0,1
2,0,5,2,6,0,4,1,1
2,11,8,2,2,0,4,1,1
2,11,8,2,2,0,2,1,0
2,11,8,2,12,0,4,1,0
2,9,12,2,13,0,4,1,1
2,15,9,4,7,3,4,1,0
2,7,11,0,7,1,4,0,0
1,8,10,4,10,1,4,1,1
2,15,9,4,5,1,4,1,0
1,9,12,4,3,3,4,0,0
2,11,8,4,7,1,4,1,0
2,14,14,2,9,0,4,1,1
1,9,12,4,9,1,4,0,0
1,9,12,2,9,0,4,1,0
0,11,8,0,12,4,4,0,0
2,0,5,2,10,5,2,0,0
2,7,11,4,0,1,4,0,0
2,11,8,2,0,0,4,1,0
2,11,8,2,3,0,4,1,1
2,15,9,4,7,1,4,1,0
2,11,8,2,3,0,4,1,1
2,15,9,5,6,3,4,1,0
2,11,8,2,7,5,4,0,0
4,5,3,2,2,0,4,1,0
2,11,8,2,10,0,4,1,0
2,11,8,0,11,4,4,0,1
4,11,8,2,11,0,4,1,1
2,9,12,2,3,0,4,1,1
3,11,8,2,3,0,4,1,1
4,11,8,2,11,0,2,1,1
3,9,12,2,3,0,4,1,1
2,9,12,4,3,3,4,0,0
5,12,13,4,9,1,4,0,0
2,9,12,2,11,0,4,1,1
1,9,12,4,9,3,0,1,0
1,9,12,2,10,0,4,1,1
5,9,12,4,9,1,4,0,0
2,1,6,4,13,3,4,1,0
5,11,8,2,10,0,4,1,0
1,15,9,2,10,0,4,1,0
2,11,8,2,0,5,4,0,0
2,7,11,4,0,1,4,0,0
2,15,9,5,7,4,1,0,0
2,11,8,2,6,0,4,1,0
4,9,12,2,2,0,4,1,0
2,12,13,2,12,0,4,1,0
2,15,9,2,10,0,4,1,0
4,11,8,2,3,0,4,1,0
2,11,8,2,11,0,4,1,1
2,0,5,4,7,3,4,0,0
2,11,8,2,0,0,0,1,1
2,9,12,4,3,1,4,1,1
2,9,12,2,9,0,4,1,0
2,15,9,2,5,0,4,1,0
2,0,5,0,2,1,4,1,0
2,15,9,5,0,4,2,0,0
2,12,13,2,3,0,4,1,1
2,11,8,5,2,1,4,1,0
4,9,12,2,2,0,4,1,1
2,11,8,2,6,5,4,0,0
4,7,11,3,4,4,0,1,0
2,1,6,0,2,4,4,1,0
2,11,8,0,2,3,4,1,0
2,11,8,2,11,0,4,1,1
2,2,7,4,7,4,2,0,0
0,11,8,2,0,5,4,0,1
2,11,8,5,0,3,1,0,0
2,11,8,0,2,1,1,1,1
2,15,9,0,11,4,4,0,0
4,11,8,4,4,3,4,1,0
2,11,8,4,0,1,4,0,0
2,11,8,2,6,0,4,1,0
2,9,12,2,9,0,4,1,1
2,9,12,2,11,0,4,1,1
2,12,13,2,3,0,4,1,0
4,14,14,2,9,0,4,1,1
5,12,13,2,9,0,4,1,1
4,3,1,2,2,0,4,1,0
2,5,3,2,2,0,4,1,0
2,15,9,5,0,1,2,1,0
2,15,9,4,11,3,4,0,0
1,15,9,0,0,4,4,0,0
2,0,5,2,7,5,4,0,0
2,9,12,2,5,0,1,1,0
2,15,9,4,7,1,4,0,1
3,15,9,2,3,0,1,1,0
2,11,8,2,2,0,4,1,0
2,15,9,4,7,3,4,0,0
2,11,8,2,13,0,2,1,0
3,9,12,2,11,0,4,1,1
2,11,8,0,0,1,4,0,0
2,10,15,4,9,1,4,1,1
2,9,12,2,9,0,4,1,1
2,15,9,0,5,1,4,1,0
2,9,12,2,11,0,4,1,1
2,11,8,4,5,1,2,1,0
2,11,8,5,0,4,2,0,0
2,11,8,2,2,0,4,1,0
3,15,9,2,11,0,4,1,1
2,9,12,2,3,0,2,1,1
2,9,12,4,0,1,4,1,0
2,9,12,4,0,1,4,0,0
2,11,8,2,13,0,3,1,0
2,11,8,2,5,0,4,1,0
2,11,8,2,4,0,4,1,0
2,8,10,2,6,0,4,1,1
2,9,12,2,3,5,4,0,1
2,9,12,2,3,0,4,1,0
2,11,8,0,2,1,4,1,0
2,15,9,4,0,3,4,0,0
2,15,9,4,13,3,4,1,0
4,5,3,2,2,0,4,1,0
4,15,9,2,11,0,4,1,0
2,15,9,2,2,0,4,1,0
2,15,9,0,6,1,4,1,0
2,7,11,2,3,0,4,1,1
2,11,8,4,2,1,4,1,0
2,11,8,4,0,1,3,0,0
2,11,8,2,5,0,4,1,0
2,5,3,6,6,4,3,0,0
2,15,9,6,11,1,4,0,0
2,9,12,4,9,1,4,0,0
2,15,9,4,3,4,4,0,0
2,11,8,2,13,0,4,1,1
2,9,12,2,7,0,1,1,0
4,15,9,2,0,5,4,0,1
4,11,8,2,4,0,4,1,0
3,15,9,2,3,0,4,1,0
4,11,8,2,4,0,4,1,0
4,11,8,2,13,0,4,1,0
1,15,9,6,0,4,4,0,0
4,9,12,2,4,0,4,1,0
2,14,14,2,9,5,1,0,1
2,9,12,4,3,1,4,0,0
2,8,10,2,3,0,4,1,1
1,9,12,2,3,0,2,1,1
2,6,4,0,11,1,4,1,0
2,15,9,4,11,3,4,1,0
2,15,9,4,11,1,4,1,0
2,8,10,2,2,0,4,1,0
1,11,8,0,0,1,4,0,1
2,9,12,2,11,0,4,1,1
2,11,8,0,0,4,4,0,0
2,0,5,0,2,2,2,1,0
3,15,9,2,3,0,4,1,1
4,14,14,4,9,1,4,0,1
4,1,6,2,3,0,4,1,0
3,11,8,2,11,0,4,1,1
2,15,9,4,12,1,4,0,0
2,15,9,2,11,0,2,1,0
2,11,8,2,5,0,4,1,0
2,14,14,2,9,0,4,1,1
2,9,12,0,11,4,4,1,1
2,11,8,2,13,0,4,1,0
2,15,9,4,0,3,1,1,0
2,15,9,2,2,0,2,1,1
2,4,2,4,5,1,4,1,0
2,1,6,5,7,4,4,0,0
2,11,8,2,2,0,4,1,0
2,11,8,2,5,0,4,1,0
4,11,8,0,11,1,4,1,0
2,11,8,4,5,1,4,1,0
2,7,11,4,9,4,4,0,0
2,15,9,2,2,0,4,1,1
2,9,12,2,6,0,4,1,1
2,0,5,4,6,1,4,1,0
2,11,8,2,2,0,4,1,0
3,10,15,4,9,3,4,1,0
2,15,9,4,7,3,4,0,0
2,11,8,0,5,2,4,1,0
2,15,9,4,11,2,4,0,0
5,14,14,4,9,1,4,0,1
1,11,8,2,7,0,3,1,0
2,3,1,3,4,4,4,1,0
2,5,3,2,6,0,4,1,0
2,15,9,4,5,1,4,1,0
4,9,12,2,11,0,4,1,1
2,11,8,2,11,0,4,1,1
4,11,8,2,3,0,4,1,1
2,1,6,2,6,0,4,1,0
2,8,10,2,11,0,4,1,1
2,15,9,2,5,0,4,1,0
2,15,9,2,3,0,4,1,1
1,11,8,2,3,0,4,1,0
2,15,9,2,2,0,4,1,1
2,11,8,4,0,1,4,0,0
5,0,5,2,0,0,4,1,0
2,11,8,2,7,0,2,1,0
2,15,9,4,5,3,4,1,0
2,11,8,2,13,0,4,1,1
2,11,8,4,11,3,4,0,0
2,9,12,4,3,3,4,0,0
2,9,12,2,12,0,4,1,1
2,11,8,4,7,1,2,0,0
2,15,9,4,8,3,4,0,0
2,8,10,0,12,3,4,1,0
0,9,12,4,9,3,2,0,0
2,4,2,2,7,0,4,1,0
2,8,10,4,3,1,2,0,0
2,2,7,4,6,3,4,1,0
2,11,8,0,9,4,2,0,0
2,11,8,2,2,0,4,1,1
2,9,12,4,9,3,4,1,0
2,11,8,3,3,1,4,0,0
2,11,8,4,5,3,4,1,0
2,9,12,6,7,1,4,0,0
2,6,4,4,11,1,4,1,0
2,9,12,2,9,0,4,1,0
5,15,9,4,12,3,4,0,0
2,14,14,2,9,0,4,1,1
2,15,9,2,0,0,4,1,1
2,11,8,4,0,3,4,0,0
4,14,14,2,9,0,4,1,1
5,9,12,2,3,0,4,1,1
2,14,14,4,9,1,4,1,0
2,11,8,2,2,0,3,1,0
2,8,10,2,4,0,4,1,1
2,6,4,2,6,2,1,0,0
2,11,8,4,7,1,2,1,0
5,2,7,4,0,1,2,0,0
2,9,12,2,3,0,4,1,1
2,11,8,2,5,0,4,1,0
4,9,12,2,3,0,3,1,1
2,8,10,2,13,0,4,1,0
2,11,8,2,11,0,4,1,0
2,8,10,4,0,3,4,0,0
2,15,9,4,9,3,4,0,0
2,7,11,4,0,1,4,1,0
4,0,5,4,6,3,4,1,0
5,11,8,6,0,1,4,0,0
2,9,12,0,3,1,4,1,1
2,8,10,2,2,0,4,1,0
2,11,8,2,7,0,2,1,0
2,11,8,4,7,1,4,1,0
2,15,9,2,3,0,4,1,0
2,0,5,4,0,4,4,0,0
2,12,13,2,3,0,4,1,1
2,11,8,4,0,4,4,1,0
1,0,5,4,7,1,4,1,0
5,15,9,2,10,0,4,1,0
2,1,6,2,13,0,4,1,0
1,12,13,4,9,1,4,0,0
2,9,12,4,11,1,4,1,0
2,11,8,4,6,1,4,1,0
4,7,11,2,0,5,4,0,1
2,15,9,0,0,4,4,0,0
4,15,9,4,11,1,4,0,0
2,9,12,4,4,1,4,1,0
2,12,13,2,3,0,4,1,1
2,11,8,2,2,0,4,1,0
4,12,13,2,11,0,4,1,1
2,9,12,4,9,1,4,0,0
5,15,9,4,9,3,4,1,0
2,15,9,4,13,1,4,1,0
0,15,9,2,0,0,2,1,1
2,9,12,0,3,1,4,1,0
2,11,8,4,7,1,4,1,0
2,15,9,4,2,3,4,0,0
2,0,5,4,5,2,3,1,0
2,11,8,3,2,1,4,1,0
2,1,6,2,2,0,4,1,0
2,11,8,4,7,4,2,0,0
2,9,12,2,9,0,2,1,1
4,11,8,2,4,0,4,1,0
2,15,9,4,11,3,4,1,0
2,0,5,4,5,4,4,1,0
2,15,9,2,2,0,4,1,1
2,12,13,2,3,0,4,1,1
4,12,13,0,9,4,4,1,1
5,15,9,4,7,3,4,0,0
1,11,8,2,2,0,4,1,1
2,4,2,4,7,1,4,1,0
2,15,9,2,11,0,4,1,0
2,8,10,4,0,1,4,0,0
2,11,8,2,5,0,4,1,1
4,5,3,2,4,0,4,1,0
2,9,12,2,9,0,4,1,0
1,14,14,4,9,1,4,1,1
2,12,13,2,3,0,4,1,1
2,11,8,4,11,3,4,0,0
0,11,8,2,2,0,4,1,1
2,11,8,4,0,1,2,0,0
5,11,8,2,10,0,4,1,0
2,11,8,4,0,4,4,0,0
2,11,8,0,13,1,4,1,0
2,15,9,2,11,5,4,0,0
2,11,8,4,11,1,4,0,0
2,1,6,2,3,0,4,1,0
2,11,8,4,5,1,4,1,0
2,11,8,2,2,0,4,1,0
1,9,12,4,9,1,4,0,0
1,12,13,4,9,1,4,0,0
2,9,12,2,11,0,4,1,0
2,11,8,2,7,5,4,0,1
1,9,12,2,9,0,4,1,1
4,8,10,4,2,1,4,1,0
2,15,9,6,3,1,4,0,1
2,15,9,4,9,3,4,0,0
2,15,9,4,11,3,4,0,0
2,1,6,4,3,4,4,0,0
2,8,10,2,0,0,4,1,1
2,9,12,2,3,0,4,1,1
1,12,13,6,9,1,4,0,0
2,15,9,2,11,0,4,1,1
2,1,6,5,6,2,4,1,0
2,9,12,2,9,0,4,1,1
2,8,10,4,12,1,4,1,0
2,11,8,2,2,0,4,1,0
2,15,9,2,7,0,4,1,1
2,11,8,2,6,0,4,1,0
2,9,12,4,3,1,4,1,0
4,15,9,2,7,0,4,1,1
2,11,8,2,6,0,4,1,0
2,15,9,2,3,0,4,1,0
2,15,9,4,0,4,4,1,0
5,10,15,2,9,0,4,1,1
2,9,12,4,9,1,4,1,0
2,11,8,4,13,1,0,1,0
2,14,14,2,9,0,4,1,1
2,9,12,2,7,5,4,0,0
2,11,8,5,7,4,4,0,0
2,7,11,4,9,1,4,0,0
2,9,12,2,12,0,4,1,1
2,11,8,4,5,1,4,0,0
2,11,8,4,5,3,4,1,0
2,11,8,4,7,4,4,0,0
0,11,8,4,9,1,4,1,0
5,11,8,2,0,0,2,1,1
1,9,12,2,2,0,1,1,0
2,11,8,2,11,0,4,1,0
2,9,12,2,3,0,4,1,1
2,9,12,2,3,0,4,1,1
2,11,8,4,9,4,4,0,0
2,11,8,5,0,1,4,0,0
2,1,6,0,5,1,4,1,0
2,11,8,4,9,1,4,0,0
2,11,8,4,12,2,4,1,0
2,1,6,2,2,0,4,1,0
1,7,11,2,10,0,4,1,0
2,11,8,6,11,4,0,0,0
2,12,13,4,9,1,4,0,1
2,9,12,2,11,0,4,1,1
2,0,5,4,7,4,2,0,0
2,5,3,2,2,0,4,1,0
5,9,12,2,3,0,4,1,1
2,11,8,2,13,0,4,1,0
0,15,9,2,5,0,4,1,1
2,15,9,4,2,1,4,1,0
2,9,12,2,0,0,4,1,1
2,2,7,5,9,3,4,0,0
2,11,8,4,0,3,4,0,0
2,11,8,2,11,0,2,1,1
2,9,12,2,2,0,4,1,1
2,15,9,4,11,2,4,0,0
2,7,11,4,6,1,2,0,1
2,11,8,2,2,0,4,1,0
5,11,8,2,2,0,4,1,1
1,15,9,0,3,4,2,0,0
2,11,8,2,7,5,2,0,0
2,11,8,4,13,3,4,1,0
2,9,12,0,2,4,4,1,0
2,11,8,0,0,1,4,0,0
0,15,9,2,0,0,4,1,1
2,9,12,4,11,1,4,1,0
2,11,8,2,6,0,4,1,0
5,1,6,0,7,4,4,0,0
2,0,5,2,13,0,4,1,0
4,11,8,2,3,0,4,1,0
2,0,5,0,7,1,4,0,0
2,11,8,5,5,4,4,0,0
0,12,13,4,9,1,4,1,0
2,2,7,4,7,3,4,1,0
4,11,8,2,11,0,4,1,1
1,11,8,2,3,0,0,1,0
2,1,6,0,13,1,4,1,0
2,11,8,2,11,0,4,1,0
2,11,8,4,7,3,4,1,0
2,15,9,4,11,3,4,0,0
4,9,12,2,3,0,4,1,1
2,15,9,4,7,1,4,1,0
1,12,13,2,9,0,4,1,0
0,9,12,4,9,1,3,0,0
2,9,12,0,12,1,4,0,0
2,11,8,2,6,5,4,0,1
4,15,9,2,2,0,4,1,0
2,5,3,0,11,4,4,0,0
2,11,8,2,3,0,4,1,0
2,0,5,0,2,1,4,1,0
2,15,9,2,2,0,4,1,0
2,4,2,2,11,0,4,1,0
2,11,8,4,0,1,2,0,0
2,9,12,5,7,1,4,0,0
5,11,8,2,2,0,4,1,0
2,7,11,4,3,1,4,0,0
2,1,6,2,7,5,4,0,0
2,11,8,6,7,4,4,0,0
2,11,8,0,0,1,4,0,0
2,9,12,4,3,1,4,1,0
4,7,11,2,2,0,4,1,0
2,9,12,4,3,1,4,1,0
4,9,12,2,9,0,4,1,0
2,11,8,5,2,4,2,0,0
2,15,9,4,7,3,4,1,0
3,9,12,2,9,0,4,1,0
4,9,12,2,4,0,4,1,0
2,11,8,4,7,1,4,1,0
4,15,9,4,2,1,4,1,0
2,11,8,2,9,0,4,1,0
2,15,9,2,3,0,4,1,0
2,11,8,0,2,1,4,1,1
2,15,9,0,7,1,4,1,0
2,7,11,4,0,4,2,0,0
2,15,9,2,3,5,4,0,0
2,0,5,3,13,1,2,1,0
2,11,8,0,2,3,4,1,0
2,11,8,2,0,0,4,1,0
4,11,8,2,11,0,4,1,0
3,15,9,2,11,0,4,1,1
2,15,9,4,9,3,4,1,0
4,9,12,2,4,0,4,1,0
4,9,12,3,9,1,4,1,0
1,15,9,4,0,3,2,1,0
2,8,10,4,2,1,4,1,0
2,15,9,4,7,1,4,0,0
2,10,15,4,3,1,4,1,1
2,15,9,4,0,1,2,0,0
2,9,12,2,3,0,4,1,1
2,6,4,4,6,1,4,1,0
2,11,8,0,11,4,4,0,0
2,5,3,2,6,0,4,1,0
2,8,10,4,2,3,4,1,0
2,11,8,2,11,0,4,1,0
5,15,9,4,10,1,4,1,0
2,15,9,0,11,4,4,0,0
2,15,9,4,0,3,4,1,0
2,15,9,4,7,3,4,1,0
2,12,13,2,3,0,4,1,1
2,15,9,2,4,0,3,1,0
2,15,9,2,0,5,4,0,1
2,9,12,2,3,0,4,1,1
2,15,9,4,11,3,4,0,0
5,8,10,0,9,4,4,0,0
5,10,15,2,9,0,4,1,1
2,12,13,3,9,1,4,1,0
2,11,8,0,6,3,2,1,0
2,15,9,4,5,3,4,0,0
4,11,8,2,11,0,4,1,0
2,11,8,2,5,0,4,1,0
2,11,8,0,6,4,2,0,0
2,11,8,2,6,0,4,1,0
1,11,8,4,4,3,4,1,0
2,11,8,2,6,0,4,1,1
2,11,8,0,3,1,4,1,0
2,15,9,4,12,3,4,0,0
2,11,8,4,6,4,4,0,0
2,9,12,4,0,1,4,0,0
2,2,7,0,5,1,4,1,0
2,11,8,4,6,3,1,1,0
2,9,12,2,9,0,4,1,1
2,9,12,2,9,0,4,1,0
2,15,9,2,3,5,4,0,0
2,1,6,2,2,0,4,1,0
2,15,9,6,0,4,4,0,0
2,15,9,2,3,0,4,1,1
2,11,8,2,5,0,4,1,0
2,15,9,4,12,4,2,0,0
2,11,8,4,7,3,4,1,0
2,11,8,2,7,0,4,1,0
2,9,12,4,11,4,4,1,0
0,7,11,4,3,3,4,0,0
2,11,8,4,7,3,4,1,0
4,11,8,2,3,0,4,1,1
2,11,8,2,2,0,4,1,0
2,15,9,2,10,0,4,1,0
1,11,8,0,2,4,4,1,0
2,4,2,2,2,0,4,1,0
2,15,9,2,13,0,4,1,0
2,12,13,2,3,0,4,1,1
2,11,8,2,2,0,4,1,1
2,11,8,4,11,3,4,0,0
2,11,8,2,11,0,4,1,0
2,15,9,2,11,0,4,1,0
4,5,3,2,4,0,4,1,0
5,12,13,4,9,3,4,0,0
2,11,8,4,4,3,4,1,0
1,15,9,2,7,0,1,1,0
1,6,4,4,7,3,4,1,0
2,15,9,4,12,3,4,1,0
2,11,8,0,13,1,4,1,0
2,11,8,2,2,0,4,1,0
2,11,8,4,3,1,2,1,0
2,15,9,4,5,3,4,0,0
2,7,11,0,11,1,4,1,0
2,15,9,2,3,0,4,1,0
4,14,14,4,9,3,4,1,0
0,9,12,2,3,0,4,1,1
3,10,15,2,9,0,4,1,1
2,9,12,0,9,4,4,0,0
2,11,8,0,11,1,4,1,0
2,11,8,0,11,1,4,0,0
2,9,12,2,0,5,4,0,1
1,15,9,0,0,1,2,0,0
2,9,12,2,9,0,4,1,1
3,11,8,2,2,0,4,1,0
2,9,12,2,9,0,4,1,0
2,11,8,2,13,0,4,1,0
2,15,9,4,7,3,4,1,0
2,5,3,2,2,0,4,1,0
3,12,13,6,11,1,4,0,0
2,11,8,0,12,1,4,0,0
2,15,9,2,13,0,4,1,0
2,11,8,4,13,1,4,1,0
2,9,12,4,11,1,4,0,0
2,0,5,2,13,0,4,1,1
3,9,12,2,3,0,4,1,0
2,12,13,2,6,0,4,1,0
2,11,8,2,3,0,4,1,0
2,4,2,4,2,2,4,1,0
4,11,8,2,6,5,4,0,0
2,15,9,2,2,0,4,1,1
4,11,8,4,4,1,4,1,0
2,11,8,2,2,0,4,1,0
2,9,12,2,3,0,4,1,1
1,12,13,2,9,0,2,1,1
2,11,8,4,5,3,4,1,0
2,8,10,4,10,3,2,1,0
2,15,9,4,7,1,1,0,0
2,11,8,0,5,1,2,1,0
2,15,9,4,2,1,4,1,0
2,15,9,4,0,3,4,1,0
2,15,9,4,0,1,4,1,0
5,15,9,2,0,0,1,1,0
4,15,9,2,11,5,4,0,0
2,11,8,2,3,0,4,1,1
2,11,8,2,13,0,4,1,0
2,15,9,4,7,1,4,1,0
5,12,13,2,9,5,4,0,1
4,9,12,2,9,5,4,0,1
2,15,9,4,6,2,1,1,0
2,9,12,4,11,1,4,0,0
2,15,9,0,13,3,4,1,0
2,15,9,0,3,4,4,0,0
4,15,9,2,11,0,4,1,0
2,11,8,4,13,1,4,1,0
1,11,8,0,2,4,2,1,0
1,9,12,2,0,0,4,1,0
2,15,9,2,2,0,4,1,0
2,1,6,2,7,0,4,1,0
2,11,8,2,13,0,2,1,0
2,9,12,2,3,0,4,1,0
2,15,9,2,2,0,4,1,0
2,11,8,3,4,1,4,1,0
2,11,8,0,7,4,4,0,0
2,15,9,2,0,0,4,1,1
1,1,6,4,0,3,4,0,0
2,11,8,4,7,1,4,0,0
4,11,8,6,7,2,4,0,0
2,15,9,2,11,0,4,1,0
3,9,12,2,11,0,4,1,1
1,15,9,0,13,4,4,1,0
5,11,8,2,13,0,4,1,1
2,11,8,4,11,1,4,1,0
2,15,9,2,2,0,4,1,0
4,11,8,2,7,5,2,0,0
2,1,6,0,7,1,4,0,0
2,15,9,4,5,3,4,1,0
2,15,9,4,6,1,4,0,0
2,15,9,4,7,1,4,1,0
1,12,13,4,9,4,4,0,0
2,11,8,2,11,0,4,1,1
1,9,12,4,9,3,4,0,0
2,12,13,4,9,3,4,0,0
2,9,12,0,13,1,4,1,0
2,11,8,2,3,5,4,0,1
2,11,8,6,7,4,4,0,0
2,8,10,4,12,3,4,1,0
2,11,8,4,2,4,4,1,0
2,15,9,4,11,3,4,0,0
2,15,9,2,0,5,4,0,0
4,12,13,2,11,0,1,1,0
2,15,9,2,13,0,4,1,0
5,15,9,5,7,1,4,0,0
2,11,8,4,7,2,1,1,0
1,11,8,2,2,0,4,1,0
2,11,8,4,7,3,2,1,0
1,15,9,0,9,3,4,0,0
2,15,9,0,7,4,4,0,0
2,11,8,0,2,2,3,1,0
2,15,9,0,2,1,4,1,0
2,15,9,2,13,0,4,1,0
0,11,8,0,7,4,2,0,0
2,11,8,4,5,4,4,0,0
5,12,13,4,9,1,4,1,0
2,11,8,2,0,0,1,1,0
4,15,9,4,0,3,4,1,0
4,15,9,2,0,5,4,0,1
2,10,15,3,7,1,4,1,1
1,15,9,0,2,1,4,1,0
2,9,12,4,3,1,4,0,1
2,9,12,2,7,0,4,1,0
2,15,9,2,11,0,4,1,0
4,9,12,4,11,1,2,0,0
2,1,6,4,7,1,4,1,0
2,11,8,2,3,0,4,1,1
2,1,6,2,5,0,4,1,0
1,15,9,4,7,4,4,0,0
2,1,6,4,7,4,2,0,0
2,6,4,2,13,0,4,1,0
2,1,6,4,2,1,4,1,0
2,0,5,2,6,5,4,0,0
2,11,8,0,0,4,4,0,0
2,11,8,4,6,2,4,1,0
2,12,13,0,7,4,4,0,0
2,15,9,0,0,4,2,0,0
4,7,11,4,7,1,2,1,0
2,15,9,4,7,3,4,0,0
2,0,5,4,11,4,4,0,0
4,15,9,2,4,0,4,1,0
2,11,8,6,0,1,4,0,0
1,12,13,0,9,1,2,0,1
5,12,13,2,9,0,4,1,1
2,11,8,0,0,1,2,0,0
2,15,9,4,7,3,2,0,0
2,11,8,5,11,1,4,0,0
2,11,8,5,6,3,2,0,0
1,4,2,0,7,2,2,0,0
0,11,8,0,0,1,4,1,0
5,11,8,0,0,1,4,0,0
2,15,9,0,7,3,4,1,0
1,12,13,4,12,1,2,0,1
2,15,9,2,11,0,4,1,0
2,11,8,2,7,0,4,1,0
2,11,8,4,13,1,4,1,0
2,9,12,4,2,1,4,1,1
4,15,9,0,2,1,4,1,0
2,1,6,4,0,3,2,0,0
2,11,8,2,11,5,4,0,0
2,8,10,4,9,1,4,0,0
2,9,12,2,9,0,4,1,1
2,15,9,4,7,3,4,0,0
2,9,12,4,0,1,4,1,0
2,11,8,2,2,0,4,1,0
2,15,9,0,0,4,4,0,0
2,15,9,0,9,1,4,1,1
2,15,9,4,7,2,4,0,0
2,8,10,0,0,1,2,0,0
2,8,10,2,7,0,4,1,0
1,9,12,3,9,1,4,0,0
2,4,2,2,4,5,4,0,0
2,11,8,4,7,1,4,0,0
2,12,13,2,3,0,4,1,1
1,11,8,4,10,3,4,1,0
2,11,8,2,5,0,4,1,0
2,9,12,2,3,0,4,1,1
2,9,12,4,4,1,4,1,0
2,11,8,4,11,4,2,0,0
2,9,12,2,6,0,4,1,0
2,11,8,0,2,1,4,1,0
2,0,5,2,2,0,4,1,0
2,9,12,2,3,0,4,1,1
2,10,15,2,9,0,4,1,0
2,11,8,2,2,0,4,1,0
4,15,9,2,11,0,4,1,0
2,15,9,4,11,3,4,0,0
2,4,2,3,4,4,4,1,0
2,7,11,2,9,0,4,1,0
2,9,12,2,5,0,2,1,1
2,11,8,2,3,0,4,1,1
2,7,11,2,3,0,4,1,1
2,9,12,4,0,1,4,1,0
1,15,9,0,13,4,4,1,0
2,0,5,4,7,3,4,1,0
1,9,12,0,9,4,4,1,0
2,11,8,4,0,4,2,1,0
1,15,9,2,0,0,4,1,1
2,8,10,2,6,0,4,1,0
2,14,14,2,9,0,4,1,1
2,2,7,4,6,1,4,1,0
2,11,8,4,6,3,4,0,0
2,11,8,3,6,1,4,0,0
2,12,13,4,9,3,4,0,0
2,1,6,2,2,0,4,1,0
2,11,8,2,13,0,4,1,0
2,11,8,4,0,3,4,0,0
2,15,9,4,13,3,4,1,0
5,9,12,4,0,1,4,0,1
4,14,14,2,9,0,4,1,1
1,11,8,2,0,5,4,0,0
1,8,10,4,0,1,4,0,0
4,9,12,2,2,0,4,1,1
2,0,5,4,13,3,1,1,0
2,11,8,2,2,0,4,1,0
2,9,12,4,12,1,4,1,0
2,1,6,0,6,1,4,1,0
2,11,8,4,2,1,4,1,0
5,9,12,2,0,0,4,1,1
2,15,9,4,11,1,4,1,0
2,15,9,2,11,0,4,1,1
2,6,4,2,13,0,4,1,0
5,2,7,4,3,1,4,1,1
4,0,5,2,13,0,4,1,0
2,9,12,2,11,5,4,0,1
2,15,9,5,11,4,4,0,0
2,8,10,2,9,5,4,0,0
2,15,9,4,12,1,4,0,0
2,11,8,4,11,3,0,1,0
4,15,9,2,11,0,4,1,0
2,11,8,5,6,4,2,0,0
2,15,9,4,2,3,0,1,0
2,12,13,4,9,1,4,0,0
2,8,10,2,5,0,2,1,0
2,9,12,2,2,0,4,1,0
5,7,11,4,0,3,2,0,0
2,11,8,4,11,1,4,0,0
2,9,12,2,2,0,4,1,0
1,11,8,5,7,1,4,1,0
2,11,8,0,2,1,4,1,0
2,15,9,4,3,1,4,1,0
2,9,12,4,7,4,1,0,0
2,9,12,2,9,0,4,1,1
2,11,8,0,7,4,4,0,0
4,11,8,0,13,1,4,1,0
4,11,8,2,13,0,4,1,0
1,12,13,0,9,4,4,0,0
5,12,13,0,9,1,4,0,0
2,15,9,4,3,1,4,1,0
5,11,8,4,13,1,4,1,0
2,0,5,4,7,3,4,1,0
2,11,8,4,5,2,4,1,0
2,11,8,0,6,1,4,1,0
2,11,8,4,5,3,2,0,0
3,9,12,2,3,0,4,1,1
2,15,9,2,0,5,4,0,1
2,9,12,2,11,0,4,1,0
2,9,12,4,3,1,4,1,1
2,12,13,6,2,4,1,1,0
2,15,9,4,0,3,4,0,0
4,9,12,2,11,0,3,1,0
2,0,5,4,4,3,4,1,0
2,11,8,2,5,0,2,1,1
2,11,8,2,13,0,4,1,0
4,11,8,4,3,1,4,1,0
2,2,7,2,2,2,4,1,0
2,15,9,4,7,3,4,0,0
5,1,6,2,4,0,4,1,0
2,9,12,4,11,3,4,0,0
2,11,8,4,3,1,2,1,0
1,14,14,4,9,1,4,1,0
2,9,12,4,12,1,4,1,0
2,14,14,2,9,0,4,1,1
2,12,13,4,3,1,4,0,1
1,7,11,0,10,1,4,0,1
4,4,2,2,4,0,4,1,0
2,11,8,2,2,0,4,1,0
2,6,4,0,0,4,4,0,0
2,3,1,4,7,1,4,1,0
2,7,11,0,11,1,4,0,0
2,11,8,2,13,0,4,1,1
1,11,8,2,10,0,4,1,1
2,9,12,4,3,1,4,1,0
2,11,8,0,6,4,4,0,0
4,14,14,2,9,0,4,1,1
2,15,9,4,3,4,4,1,0
2,9,12,2,3,0,4,1,1
2,9,12,4,11,3,4,1,0
2,15,9,0,2,4,4,0,0
2,9,12,2,9,0,4,1,1
2,5,3,4,6,1,4,0,0
2,15,9,2,2,0,4,1,0
2,15,9,4,0,1,4,0,0
2,7,11,4,11,3,4,1,0
2,11,8,5,0,1,4,1,1
2,15,9,4,11,4,4,0,0
2,15,9,0,0,4,4,0,0
2,15,9,5,7,4,2,0,0
0,8,10,2,2,0,1,1,1
2,8,10,2,2,0,4,1,0
2,11,8,4,12,1,4,1,0
2,15,9,5,0,2,2,0,0
3,4,2,2,2,0,4,1,1
2,9,12,2,0,0,4,1,0
4,11,8,2,2,0,4,1,0
2,15,9,2,0,5,2,0,0
2,11,8,2,13,0,4,1,0
2,9,12,4,11,1,4,1,0
5,12,13,2,0,0,4,1,0
2,9,12,2,9,0,4,1,1
2,11,8,2,3,0,4,1,0
3,15,9,2,2,0,4,1,0
2,15,9,2,3,0,4,1,1
2,15,9,2,3,0,4,1,1
2,15,9,5,6,1,2,1,0
2,15,9,2,3,0,4,1,1
2,15,9,0,2,4,2,0,0
2,0,5,4,7,3,4,0,0
3,15,9,2,3,5,4,0,0
2,11,8,6,8,1,4,0,0
2,9,12,4,2,1,4,1,0
1,11,8,2,0,0,2,1,0
2,11,8,2,4,0,4,1,0
2,14,14,2,9,0,1,1,0
1,12,13,2,9,5,4,0,1
2,8,10,4,9,1,4,1,0
2,11,8,4,13,1,4,1,0
2,8,10,0,9,4,4,0,0
4,14,14,2,9,0,4,1,1
0,11,8,2,0,0,4,1,0
2,10,15,4,9,1,4,1,1
1,7,11,2,9,0,4,1,1
1,9,12,0,9,1,4,1,0
2,12,13,0,3,1,4,0,1
1,15,9,4,0,3,0,0,0
2,9,12,2,0,0,4,1,1
1,12,13,2,9,5,4,0,1
3,15,9,0,10,1,4,1,0
2,0,5,4,13,1,4,1,0
2,12,13,4,9,1,4,1,0
2,11,8,2,2,0,4,1,0
4,9,12,2,4,0,4,1,0
2,11,8,4,6,1,4,0,0
2,15,9,4,7,3,2,0,0
2,11,8,2,5,5,4,0,1
2,9,12,4,0,4,2,0,0
2,3,1,0,8,4,4,0,0
2,11,8,4,0,1,4,0,0
2,11,8,4,2,1,4,1,0
2,2,7,2,6,2,3,1,0
2,15,9,5,11,3,4,0,0
2,0,5,6,7,2,1,0,0
2,15,9,4,7,3,2,1,0
2,11,8,4,3,3,4,1,0
2,1,6,4,0,3,4,0,0
2,4,2,4,8,2,4,0,0
2,12,13,2,11,5,4,0,1
1,11,8,4,0,4,2,0,0
4,14,14,2,9,0,4,1,1
2,11,8,4,2,1,4,1,0
4,9,12,2,3,0,1,1,0
4,15,9,0,2,1,4,1,0
5,9,12,6,9,1,4,0,0
2,15,9,2,11,0,1,1,1
2,12,13,2,9,0,4,1,1
2,15,9,2,11,0,4,1,1
2,9,12,2,3,0,4,1,1
2,15,9,4,11,3,4,0,0
0,12,13,0,9,1,4,1,1
1,9,12,4,10,3,2,1,0
2,15,9,0,7,1,4,1,0
2,9,12,0,0,1,4,0,1
2,5,3,0,6,1,4,0,0
0,11,8,2,0,0,2,1,0
2,15,9,0,0,4,4,0,0
2,15,9,0,12,1,4,0,0
1,11,8,3,4,4,2,1,0
2,1,6,2,7,0,4,1,0
2,11,8,0,6,1,4,1,0
2,1,6,4,11,1,4,0,0
2,15,9,2,11,0,4,1,0
2,15,9,2,2,0,4,1,1
2,15,9,2,6,0,4,1,0
2,11,8,2,2,0,4,1,0
1,9,12,0,10,1,4,1,1
2,2,7,2,7,0,4,1,0
2,11,8,2,11,0,4,1,0
2,8,10,4,2,4,4,1,0
2,15,9,6,7,4,4,0,0
2,9,12,4,11,1,4,1,0
2,7,11,2,3,0,4,1,1
2,11,8,2,3,0,4,1,0
2,15,9,2,2,0,4,1,1
2,9,12,2,3,0,4,1,1
2,9,12,2,3,0,4,1,1
2,15,9,0,0,1,4,0,0
2,8,10,4,11,4,1,1,0
2,15,9,0,0,4,4,0,0
2,15,9,2,13,0,4,1,0
2,11,8,2,6,0,4,1,0
2,15,9,4,11,1,4,1,0
2,11,8,0,2,1,4,0,0
3,15,9,4,3,1,4,1,0
2,11,8,2,3,0,4,1,0
2,6,4,2,2,0,4,1,1
2,11,8,2,2,0,4,1,0
4,11,8,4,9,1,4,1,0
2,9,12,4,12,1,4,0,1
0,15,9,4,0,2,4,0,0
2,11,8,4,5,1,4,0,0
2,11,8,4,7,1,4,1,0
2,11,8,4,13,3,4,1,0
4,11,8,2,4,0,4,1,0
2,9,12,4,9,1,4,0,0
4,11,8,2,9,5,4,0,1
2,11,8,2,13,0,2,1,0
2,15,9,4,13,1,4,1,0
2,7,11,0,11,1,4,0,0
2,9,12,2,11,0,4,1,1
2,9,12,0,7,4,4,0,1
2,11,8,4,5,2,4,1,0
4,11,8,2,7,0,4,1,0
2,15,9,4,0,3,2,0,0
5,12,13,2,9,0,1,1,0
4,11,8,6,7,1,4,0,0
2,11,8,2,11,0,4,1,1
4,11,8,0,2,1,4,1,1
2,12,13,4,11,1,1,1,0
3,9,12,2,9,0,4,1,0
2,11,8,2,13,0,2,1,1
2,11,8,4,6,2,4,1,0
2,11,8,0,5,4,4,0,0
2,9,12,2,9,0,4,1,1
2,15,9,4,9,1,4,0,0
2,11,8,6,3,2,4,1,0
2,11,8,6,3,1,4,0,0
2,1,6,4,2,1,4,1,0
2,11,8,2,6,0,4,1,0
2,5,3,4,2,1,4,1,0
2,11,8,2,6,0,4,1,0
1,15,9,0,6,3,4,0,0
2,15,9,4,7,3,4,1,0
2,11,8,0,6,1,4,1,0
2,15,9,2,0,0,4,1,0
1,12,13,4,9,1,4,1,0
2,9,12,4,9,1,4,1,0
2,11,8,4,0,1,4,0,0
2,9,12,2,3,3,4,1,0
2,0,5,2,2,5,3,0,0
2,9,12,4,9,1,4,1,0
5,12,13,2,9,0,4,1,0
2,9,12,2,11,0,4,1,0
2,6,4,2,5,0,4,1,0
2,2,7,4,7,3,4,0,0
2,11,8,0,6,3,2,0,0
2,11,8,6,8,1,4,0,0
2,15,9,2,11,0,4,1,1
2,11,8,4,7,3,4,0,0
2,15,9,4,13,3,2,1,0
2,3,1,2,7,0,4,1,0
2,9,12,4,3,1,4,0,0
2,15,9,2,2,0,4,1,1
3,12,13,5,3,1,4,1,1
2,11,8,2,0,5,4,0,0
2,7,11,2,11,0,4,1,0
2,11,8,4,4,4,4,1,0
2,11,8,2,8,2,4,0,0
2,9,12,2,9,0,4,1,1
2,11,8,2,11,0,4,1,1
2,10,15,4,9,1,4,1,0
1,12,13,2,3,0,4,1,0
2,11,8,4,11,3,4,0,0
2,11,8,2,6,0,4,1,0
2,11,8,4,5,1,4,1,0
2,8,10,5,9,3,4,0,0
1,9,12,2,9,0,4,1,0
2,11,8,4,5,2,1,1,0
2,15,9,2,3,0,1,1,0
2,15,9,4,6,1,4,1,0
2,11,8,4,2,2,4,1,0
2,15,9,4,7,1,4,0,0
2,11,8,0,11,1,0,1,1
2,15,9,3,0,1,4,0,0
3,15,9,2,9,0,4,1,0
2,11,8,5,0,4,4,0,0
2,0,5,2,2,0,4,1,0
2,15,9,4,0,3,4,1,0
2,11,8,4,2,3,4,1,0
1,6,4,6,5,4,4,1,1
3,10,15,2,9,0,4,1,1
2,11,8,2,2,0,4,1,0
2,5,3,3,9,2,4,1,0
2,15,9,4,7,3,4,1,0
1,15,9,2,10,0,4,1,0
2,15,9,2,3,0,4,1,1
2,8,10,4,7,1,2,1,0
0,15,9,2,7,0,4,1,0
3,10,15,4,9,1,4,1,0
2,11,8,6,0,4,4,0,0
4,1,6,2,2,0,4,1,0
2,11,8,4,5,1,4,0,0
5,9,12,2,9,0,4,1,0
4,15,9,2,4,0,4,1,0
2,9,12,4,9,1,4,0,0
2,9,12,2,11,0,4,1,0
2,11,8,2,13,0,4,1,1
2,11,8,6,11,1,4,0,1
2,14,14,2,9,0,4,1,1
2,11,8,4,7,2,2,0,0
2,11,8,2,2,0,4,1,0
4,15,9,4,9,4,4,1,0
2,11,8,2,2,0,4,1,0
2,11,8,2,6,5,4,0,0
1,15,9,2,10,0,4,1,0
2,15,9,4,6,1,4,0,0
2,5,3,0,5,1,4,1,0
2,2,7,5,6,4,4,0,0
2,0,5,2,6,0,4,1,0
2,15,9,4,0,1,2,1,0
2,6,4,0,4,1,2,1,0
2,9,12,2,3,0,4,1,1
2,9,12,2,11,0,4,1,0
4,5,3,2,4,0,4,1,0
2,7,11,0,3,4,2,0,0
4,11,8,2,4,0,4,1,0
2,11,8,0,9,4,2,0,0
0,8,10,0,3,4,2,0,0
2,9,12,4,9,1,4,1,0
5,12,13,2,9,0,1,1,0
5,15,9,4,0,1,3,1,0
2,11,8,2,13,0,4,1,0
2,15,9,0,7,4,4,0,0
4,9,12,2,9,0,4,1,0
2,15,9,4,7,3,4,1,0
2,0,5,2,2,0,4,1,1
3,6,4,4,2,3,4,1,0
2,15,9,4,10,3,4,1,0
2,15,9,2,2,0,4,1,1
2,11,8,2,6,0,4,1,0
2,11,8,0,0,1,4,1,0
2,15,9,2,7,5,4,0,0
2,1,6,2,2,0,4,1,0
2,11,8,4,11,2,4,0,0
2,15,9,2,6,0,2,1,0
5,10,15,3,9,4,4,1,1
2,11,8,2,0,0,4,1,0
2,15,9,2,13,0,4,1,1
2,11,8,4,7,1,4,0,0
2,9,12,2,3,5,4,0,1
2,9,12,0,2,1,4,1,0
4,5,3,6,4,1,4,1,0
4,11,8,2,0,5,4,0,0
2,11,8,2,11,0,4,1,0
2,11,8,2,2,0,4,1,0
2,15,9,4,6,1,4,0,0
2,2,7,4,7,3,4,1,0
4,11,8,4,4,3,4,1,0
2,11,8,2,5,0,4,1,0
2,11,8,5,0,4,4,0,0
2,12,13,4,3,3,4,0,0
4,9,12,2,9,0,4,1,1
2,15,9,4,7,1,4,1,0
2,11,8,4,2,1,4,1,1
2,1,6,4,5,1,4,1,0
2,11,8,0,4,1,4,1,0
3,9,12,2,3,0,4,1,1
2,9,12,2,3,0,4,1,1
2,11,8,2,13,0,4,1,0
2,11,8,2,3,0,4,1,0
2,11,8,4,5,1,4,1,0
2,9,12,2,11,5,4,0,0
2,15,9,2,0,5,4,0,1
1,11,8,2,7,5,2,0,0
2,11,8,0,11,1,0,0,0
2,7,11,2,2,0,4,1,1
2,11,8,4,5,3,4,1,0
2,15,9,4,2,1,4,1,0
2,0,5,3,5,1,4,1,0
2,9,12,2,3,0,4,1,1
2,15,9,2,2,0,4,1,1
2,11,8,2,6,0,4,1,0
5,11,8,2,10,0,4,1,0
2,4,2,4,6,1,4,1,0
2,9,12,4,9,1,4,0,0
2,9,12,2,9,0,4,1,0
2,12,13,2,3,0,4,1,1
4,11,8,0,11,1,4,1,1
2,5,3,4,6,3,4,1,0
4,10,15,0,9,1,4,0,1
2,12,13,2,3,0,4,1,1
3,10,15,2,9,5,4,0,1
2,1,6,4,8,3,4,0,0
2,15,9,4,3,1,4,0,0
2,15,9,2,11,0,4,1,0
4,15,9,4,0,3,4,0,0
4,10,15,4,9,1,4,1,0
4,15,9,2,4,0,4,1,1
2,9,12,4,3,1,4,1,1
2,7,11,4,7,3,4,0,0
1,7,11,2,10,0,1,1,1
2,5,3,2,11,0,4,1,0
1,7,11,4,9,1,4,1,0
2,15,9,2,9,0,4,1,1
0,11,8,2,12,0,4,1,0
2,11,8,4,5,3,4,1,0
2,11,8,4,6,1,4,0,0
2,9,12,0,9,1,4,0,0
2,7,11,2,9,0,2,1,0
2,11,8,2,2,0,4,1,1
2,15,9,2,2,0,4,1,1
2,15,9,2,6,0,4,1,0
2,11,8,4,6,3,4,1,0
2,15,9,2,3,0,4,1,1
2,8,10,4,9,1,4,0,0
2,11,8,2,6,0,4,1,0
2,15,9,4,0,3,4,0,0
2,9,12,2,7,0,1,1,1
2,9,12,4,11,1,4,0,0
4,15,9,2,4,0,4,1,0
5,9,12,2,10,0,4,1,1
2,2,7,5,7,1,4,0,0
2,9,12,4,9,1,2,1,0
2,11,8,4,7,4,4,0,0
2,15,9,2,7,0,4,1,0
4,15,9,2,2,0,1,1,1
2,9,12,2,3,0,1,1,1
2,6,4,0,13,1,4,1,0
2,15,9,0,3,1,4,0,0
4,11,8,2,11,0,4,1,0
2,11,8,4,5,3,4,1,0
2,11,8,2,5,0,4,1,0
2,15,9,0,3,3,4,0,0
5,9,12,2,0,0,4,1,0
5,15,9,2,3,5,4,0,0
2,11,8,0,3,4,4,0,0
2,15,9,2,12,0,4,1,1
4,11,8,2,2,0,4,1,0
2,15,9,4,11,1,1,1,0
2,8,10,4,5,3,4,0,0
2,11,8,4,3,1,4,1,0
2,11,8,2,11,0,4,1,1
2,9,12,4,3,1,4,0,0
2,11,8,4,7,3,4,0,0
2,9,12,2,3,0,4,1,1
2,15,9,2,2,0,4,1,0
4,15,9,2,2,0,4,1,0
2,15,9,4,11,1,4,0,0
2,6,4,5,2,4,4,1,0
2,8,10,2,3,0,4,1,1
2,11,8,4,0,3,4,1,0
2,8,10,2,2,0,2,1,0
2,11,8,4,3,4,4,0,0
2,2,7,4,11,3,4,1,0
4,11,8,2,11,0,4,1,1
2,0,5,0,7,4,2,0,0
2,11,8,4,0,1,4,0,0
3,15,9,0,3,1,4,1,0
2,15,9,0,2,1,4,1,0
4,11,8,4,4,3,4,1,0
2,11,8,0,3,2,4,0,0
2,15,9,5,3,1,4,1,0
2,3,1,2,4,0,4,1,1
2,9,12,4,9,1,4,1,0
3,6,4,2,13,0,4,1,0
2,11,8,2,6,0,4,1,1
3,9,12,2,3,0,4,1,1
4,14,14,2,9,0,0,1,1
2,11,8,4,9,1,4,1,0
2,8,10,0,11,1,4,0,0
2,11,8,0,0,4,4,0,0
2,11,8,0,11,3,4,1,0
2,15,9,2,2,0,4,1,0
2,11,8,0,0,4,4,0,0
2,15,9,4,0,3,4,1,0
2,9,12,2,9,2,4,1,0
2,15,9,5,7,1,4,0,0
3,11,8,2,3,0,4,1,0
2,11,8,2,13,0,4,1,0
2,8,10,2,6,0,4,1,0
2,11,8,2,7,5,4,0,0
0,10,15,2,9,0,4,1,1
4,5,3,2,2,0,4,1,0
3,9,12,2,3,0,4,1,0
2,11,8,6,2,4,4,0,0
2,12,13,2,3,0,4,1,1
2,0,5,2,13,0,2,1,1
2,11,8,4,0,1,4,0,0
2,11,8,4,2,3,4,1,0
2,11,8,2,6,0,4,1,0
2,1,6,4,7,3,4,0,0
2,11,8,2,12,0,1,1,1
2,15,9,3,9,1,4,0,0
2,11,8,4,0,1,4,0,0
2,11,8,4,13,3,4,1,0
2,8,10,2,11,0,4,1,0
2,11,8,4,5,3,4,1,0
2,7,11,0,0,1,4,0,0
2,9,12,4,3,1,4,1,0
2,11,8,2,5,0,4,1,0
2,11,8,4,5,3,4,1,0
2,4,2,2,6,0,4,1,0
2,15,9,4,0,3,4,1,0
2,8,10,2,2,0,4,1,1
2,11,8,4,7,3,4,0,0
2,15,9,5,7,1,4,0,0
0,11,8,2,0,0,4,1,0
2,9,12,2,12,0,4,1,0
2,9,12,4,0,1,4,1,0
2,12,13,3,3,1,4,1,1
0,15,9,2,10,0,2,1,1
2,11,8,2,0,5,4,0,1
2,11,8,5,13,1,4,1,0
2,15,9,4,0,1,4,0,0
2,15,9,4,7,1,4,1,0
2,11,8,0,6,4,4,0,0
5,9,12,2,9,0,4,1,1
2,6,4,2,11,0,4,1,0
4,11,8,0,2,1,4,1,0
2,9,12,2,0,0,1,1,0
2,11,8,2,7,0,4,1,0
2,11,8,4,7,2,2,0,0
2,9,12,2,2,0,4,1,1
2,6,4,2,4,0,0,1,0
2,15,9,4,0,2,1,1,0
4,9,12,0,2,1,2,1,0
4,4,2,2,2,0,4,1,1
2,3,1,4,6,1,4,0,0
2,11,8,4,0,3,4,1,0
4,8,10,2,4,0,4,1,1
2,9,12,4,7,1,4,1,0
2,9,12,0,3,1,4,1,1
2,9,12,2,9,0,4,1,0
2,9,12,0,11,4,4,0,0
2,8,10,0,3,1,4,1,0
2,9,12,2,7,5,4,0,0
2,9,12,4,0,1,4,0,0
0,9,12,2,10,0,2,1,1
2,11,8,2,2,0,4,1,1
2,15,9,2,7,5,4,0,0
2,15,9,0,7,1,4,0,0
2,11,8,2,5,0,4,1,0
4,12,13,0,5,4,4,1,0
2,11,8,2,11,0,4,1,1
5,15,9,5,12,4,4,0,0
4,9,12,2,9,0,2,1,1
2,9,12,2,11,0,4,1,1
2,15,9,2,9,0,4,1,1
2,15,9,5,3,1,4,0,1
2,11,8,2,10,3,4,1,0
2,15,9,2,2,0,4,1,0
2,15,9,4,6,1,4,1,0
4,15,9,4,11,1,4,1,0
2,6,4,3,0,4,1,0,0
2,11,8,2,11,0,4,1,0
2,11,8,2,13,0,4,1,0
3,11,8,2,13,0,4,1,0
2,9,12,4,11,1,1,0,0
1,7,11,2,10,0,4,1,1
2,15,9,5,3,4,4,1,0
2,15,9,2,2,0,4,1,0
5,9,12,2,3,0,4,1,0
2,15,9,0,11,1,4,1,0
2,7,11,0,0,1,1,1,0
1,11,8,2,10,0,4,1,1
4,15,9,4,9,1,4,0,0
2,15,9,2,5,0,4,1,0
2,11,8,2,2,0,4,1,0
2,12,13,2,9,0,4,1,1
2,11,8,2,10,0,4,1,0
2,15,9,2,2,0,4,1,0
2,11,8,2,2,0,4,1,0
2,12,13,4,9,1,4,1,0
1,12,13,4,9,3,4,1,0
2,11,8,2,11,0,4,1,0
2,11,8,0,5,1,4,1,0
2,9,12,4,0,4,1,0,0
2,15,9,4,0,3,4,0,0
2,5,3,4,4,4,2,0,0
2,9,12,4,9,1,4,1,0
2,1,6,4,2,1,4,1,0
2,4,2,5,11,4,2,0,0
2,9,12,2,11,0,4,1,1
2,11,8,2,6,0,1,1,1
4,1,6,4,2,1,4,1,0
2,9,12,2,11,0,4,1,0
2,11,8,2,2,0,4,1,0
2,11,8,2,0,5,4,0,1
2,9,12,0,0,1,4,0,0
2,8,10,0,13,1,4,1,0
2,15,9,4,11,3,2,0,0
2,11,8,2,7,0,2,1,0
2,15,9,2,9,0,4,1,0
0,7,11,2,4,0,2,1,0
4,9,12,2,9,0,4,1,0
2,15,9,2,9,0,4,1,0
2,15,9,4,6,1,4,0,0
2,0,5,2,2,0,4,1,0
2,11,8,4,11,3,4,0,0
3,11,8,4,6,3,4,1,0
2,11,8,4,7,1,4,0,0
5,14,14,0,9,4,4,0,0
2,11,8,0,0,4,2,0,0
1,9,12,4,9,1,4,0,0
3,9,12,2,3,0,4,1,1
2,11,8,4,6,1,4,0,0
2,2,7,4,7,4,2,1,0
2,4,2,4,7,2,4,1,0
3,9,12,2,4,0,4,1,1
1,9,12,2,5,0,4,1,1
0,9,12,2,9,0,4,1,1
2,9,12,4,11,1,4,0,0
2,15,9,6,0,4,4,0,0
2,0,5,4,7,3,4,1,0
1,15,9,0,0,4,2,0,0
1,11,8,4,0,3,4,0,0
2,8,10,0,6,1,4,1,0
2,8,10,2,3,0,4,1,0
4,15,9,0,2,1,4,1,1
2,12,13,2,3,0,4,1,1
2,9,12,2,11,0,4,1,1
2,11,8,4,6,1,2,0,0
2,15,9,0,0,4,2,0,0
2,6,4,0,0,1,4,0,0
5,9,12,0,3,1,4,0,0
2,15,9,0,7,1,4,1,0
2,11,8,0,13,1,4,1,0
4,15,9,2,11,0,4,1,0
2,11,8,4,0,3,4,0,0
2,11,8,2,6,0,4,1,0
2,11,8,2,2,0,4,1,0
2,15,9,2,4,0,4,1,1
2,5,3,0,13,4,4,1,0
2,15,9,2,0,0,4,1,0
2,12,13,2,3,0,4,1,1
2,11,8,4,3,4,4,0,0
3,9,12,2,9,0,4,1,1
2,11,8,2,3,0,4,1,1
2,1,6,4,7,3,4,0,0
2,11,8,2,9,0,4,1,1
2,9,12,4,4,1,4,1,0
0,12,13,2,3,0,4,1,0
2,11,8,2,7,0,4,1,0
2,15,9,4,7,1,4,1,0
2,9,12,4,7,1,4,0,0
1,12,13,2,9,0,4,1,1
2,15,9,2,2,0,4,1,1
2,6,4,2,2,0,4,1,0
2,11,8,2,3,0,4,1,1
2,11,8,0,6,1,4,1,0
4,4,2,2,3,0,4,1,1
0,9,12,4,0,1,4,1,0
2,11,8,4,13,3,4,1,0
2,9,12,4,3,1,4,0,1
4,11,8,0,7,4,4,1,0
2,9,12,4,10,1,4,0,0
2,11,8,4,3,1,4,0,0
2,11,8,2,6,0,4,1,1
2,11,8,4,10,3,4,1,0
2,15,9,2,0,5,4,0,1
2,11,8,2,2,0,4,1,0
2,11,8,4,4,3,4,1,0
2,11,8,2,11,0,4,1,0
2,11,8,4,2,1,4,0,0
2,4,2,5,6,1,4,0,0
2,11,8,2,0,5,4,0,0
3,11,8,2,13,0,4,1,0
4,9,12,4,9,1,4,1,0
2,11,8,2,2,0,4,1,0
2,9,12,4,9,1,4,0,1
2,9,12,4,7,3,4,0,0
5,9,12,4,9,1,4,0,0
5,9,12,4,0,1,4,1,0
2,9,12,2,3,0,4,1,1
2,9,12,2,3,0,4,1,1
2,11,8,6,11,4,4,0,0
2,12,13,2,9,0,4,1,1
2,15,9,2,6,0,1,1,1
2,11,8,4,11,3,4,0,0
2,15,9,4,2,4,4,1,0
4,12,13,2,3,0,4,1,1
2,15,9,4,3,1,4,1,0
2,11,8,2,13,0,4,1,1
2,9,12,0,11,1,4,1,0
2,11,8,2,2,0,4,1,1
2,14,14,0,11,3,4,1,0
2,15,9,0,3,1,4,1,0
2,12,13,2,3,0,4,1,1
2,11,8,4,6,2,4,1,0
2,9,12,2,9,0,4,1,0
2,9,12,2,7,5,4,0,0
2,11,8,4,7,3,2,1,0
2,15,9,6,8,1,4,0,0
2,11,8,2,5,0,4,1,1
2,15,9,5,2,1,2,1,0
2,11,8,2,2,0,4,1,0
2,2,7,4,4,3,2,1,0
2,11,8,2,13,0,2,1,0
5,15,9,4,0,3,4,1,0
0,11,8,2,13,0,4,1,0
4,11,8,2,2,0,4,1,0
2,15,9,2,3,2,4,1,1
0,9,12,4,0,4,2,1,1
1,12,13,0,9,1,4,0,0
1,9,12,2,9,0,4,1,0
2,11,8,0,0,3,1,0,0
2,11,8,4,3,3,4,1,0
5,11,8,2,10,0,4,1,0
2,9,12,6,9,4,4,0,0
2,12,13,2,10,0,4,1,1
2,6,4,5,7,1,2,0,0
3,15,9,2,3,0,4,1,0
3,9,12,0,11,1,4,1,1
2,9,12,4,0,3,4,0,0
2,15,9,0,0,1,4,0,0
2,11,8,2,2,0,4,1,0
2,11,8,4,11,4,4,0,0
2,9,12,4,7,3,2,0,0
2,15,9,2,3,0,4,1,1
2,15,9,4,0,3,4,1,0
5,9,12,2,9,2,4,0,0
2,11,8,4,0,1,4,0,0
2,15,9,4,0,3,4,0,0
2,9,12,2,3,0,4,1,0
2,11,8,2,13,0,4,1,0
2,12,13,2,9,0,4,1,0
2,11,8,2,2,0,4,1,0
4,11,8,2,7,0,2,1,0
2,15,9,2,6,0,4,1,0
2,11,8,4,0,4,4,0,0
5,11,8,2,10,0,4,1,0
0,9,12,2,0,0,2,1,1
0,8,10,2,2,0,4,1,0
0,9,12,4,0,1,4,1,0
2,11,8,2,2,0,4,1,1
1,1,6,0,0,4,4,0,0
1,11,8,2,2,0,4,1,0
5,8,10,0,12,1,4,1,1
2,11,8,2,5,0,2,1,0
2,9,12,2,3,0,4,1,1
2,9,12,2,5,0,4,1,0
2,11,8,2,2,0,4,1,1
2,15,9,4,7,3,4,0,0
5,15,9,5,0,4,2,0,0
3,8,10,2,3,0,4,1,1
4,11,8,2,3,0,4,1,1
2,11,8,2,11,0,4,1,0
1,9,12,0,10,4,4,0,0
2,11,8,3,7,1,1,0,0
2,15,9,4,7,3,4,1,0
5,9,12,0,3,1,4,1,0
2,15,9,2,13,0,4,1,1
0,9,12,2,3,5,4,0,0
2,9,12,4,9,1,4,0,0
2,9,12,2,3,0,4,1,1
2,15,9,4,7,3,4,0,0
2,15,9,2,13,0,4,1,0
2,11,8,2,6,0,4,1,0
2,11,8,0,2,4,4,1,0
2,15,9,4,9,3,4,0,0
2,8,10,0,0,4,4,0,0
2,5,3,2,13,0,2,1,0
2,11,8,4,7,4,2,0,0
2,9,12,0,11,1,4,1,0
1,10,15,2,3,0,4,1,1
2,11,8,2,2,0,4,1,0
4,11,8,4,2,1,4,1,0
1,7,11,2,12,0,4,1,0
2,15,9,2,6,0,4,1,0
1,9,12,4,7,1,4,1,0
2,15,9,5,0,4,4,0,0
2,11,8,2,6,0,4,1,0
1,14,14,2,9,0,4,1,1
2,15,9,2,11,0,4,1,1
0,15,9,2,7,0,4,1,0
2,14,14,2,9,0,1,1,1
2,11,8,4,5,3,4,1,0
2,7,11,2,9,0,4,1,0
2,4,2,0,13,4,4,1,0
2,11,8,2,10,0,4,1,0
5,9,12,2,0,0,4,1,0
2,11,8,4,4,3,2,1,0
2,14,14,2,9,0,4,1,0
4,15,9,2,2,0,4,1,0
2,10,15,2,9,0,1,1,0
2,11,8,2,5,0,4,1,0
2,9,12,4,0,3,4,0,0
4,11,8,2,4,0,4,1,0
2,11,8,4,5,1,4,1,0
1,9,12,4,9,1,4,0,0
2,9,12,4,9,3,4,1,0
2,9,12,4,5,3,4,1,0
2,15,9,2,9,0,4,1,0
3,8,10,0,11,1,4,1,0
2,6,4,2,5,0,4,1,0
2,12,13,4,9,1,4,0,0
0,11,8,2,9,0,4,1,1
1,11,8,2,0,5,4,0,1
2,9,12,4,9,1,4,0,1
5,11,8,4,3,1,4,1,0
2,2,7,5,13,4,2,1,0
5,11,8,4,0,3,4,1,0
2,11,8,0,7,1,2,1,0
2,15,9,2,11,5,2,0,0
2,9,12,4,9,1,4,1,0
2,7,11,4,3,1,4,1,0
5,15,9,2,2,0,4,1,0
0,15,9,6,12,1,4,0,1
2,0,5,2,7,3,4,0,0
2,15,9,5,11,4,2,0,0
0,11,8,4,0,1,0,1,0
2,3,1,2,7,5,4,0,0
2,11,8,2,13,0,4,1,1
2,8,10,4,11,1,4,1,0
2,15,9,2,11,0,4,1,1
2,11,8,4,5,1,4,0,0
2,9,12,4,11,1,4,1,1
2,9,12,0,9,4,4,1,0
2,11,8,4,5,3,4,1,0
2,9,12,4,12,4,1,0,0
2,12,13,2,13,0,4,1,1
2,12,13,2,12,0,4,1,1
2,11,8,0,4,1,4,0,0
1,15,9,2,3,0,4,1,1
0,7,11,0,0,1,4,0,0
4,11,8,2,6,0,4,1,0
2,15,9,2,2,0,4,1,0
2,8,10,3,0,1,4,0,0
2,14,14,2,9,0,1,1,1
2,15,9,2,3,0,4,1,1
2,15,9,2,13,0,4,1,0
2,11,8,4,7,3,4,1,0
1,9,12,2,9,0,4,1,1
2,8,10,2,2,0,4,1,0
2,11,8,2,6,0,4,1,0
2,11,8,4,11,3,4,1,0
2,11,8,2,13,0,4,1,0
2,15,9,6,0,4,4,0,0
2,7,11,2,2,0,4,1,0
1,9,12,2,2,0,4,1,0
2,11,8,2,7,0,4,1,0
1,9,12,2,11,0,4,1,1
2,4,2,2,13,0,4,1,0
5,11,8,0,0,4,4,0,1
2,15,9,4,7,3,4,0,0
2,0,5,4,5,3,2,1,0
2,12,13,2,9,0,4,1,1
2,11,8,2,11,5,4,0,0
2,14,14,2,9,0,4,1,1
2,9,12,4,9,1,4,1,0
3,9,12,2,3,5,1,0,0
2,15,9,4,0,1,4,0,0
2,15,9,4,7,3,4,0,0
2,11,8,2,0,5,4,0,0
2,11,8,2,3,0,4,1,1
2,15,9,2,11,0,4,1,1
2,9,12,2,3,0,4,1,1
2,15,9,2,7,0,1,1,0
3,9,12,2,11,0,4,1,1
4,9,12,2,11,5,1,0,0
2,15,9,6,11,4,4,0,0
2,11,8,0,0,1,4,0,0
2,11,8,4,2,1,3,0,0
2,15,9,4,3,3,4,1,0
1,11,8,0,0,1,4,0,0
4,6,4,5,2,1,4,1,0
2,11,8,4,12,2,2,1,0
2,0,5,4,7,2,2,0,0
2,15,9,4,11,1,4,1,0
2,15,9,2,2,0,4,1,1
2,11,8,5,0,4,4,0,0
2,15,9,2,0,5,4,0,1
2,11,8,5,7,4,4,0,0
2,15,9,2,13,0,4,1,1
2,11,8,2,6,5,4,0,0
1,15,9,0,0,4,4,0,0
2,11,8,2,6,0,4,1,0
0,15,9,2,9,0,4,1,0
1,10,15,2,3,0,4,1,1
2,11,8,2,3,0,4,1,1
2,15,9,2,12,0,4,1,0
2,15,9,4,9,2,2,0,0
2,15,9,0,3,1,4,0,0
5,12,13,2,9,0,4,1,1
2,6,4,2,6,0,4,1,0
2,7,11,4,0,1,4,0,0
2,15,9,0,9,1,4,1,1
2,11,8,0,7,1,4,1,0
2,11,8,0,7,1,4,1,1
2,9,12,2,3,0,4,1,1
0,15,9,2,0,0,4,1,1
2,15,9,2,7,5,2,0,0
2,15,9,2,11,0,4,1,0
2,11,8,2,0,0,4,1,0
2,15,9,4,7,2,4,0,0
3,9,12,4,11,1,4,1,1
2,15,9,4,11,3,4,0,0
2,15,9,2,2,0,4,1,0
2,11,8,4,5,1,4,1,0
2,15,9,2,2,0,4,1,0
2,10,15,2,3,0,4,1,1
2,11,8,4,0,1,4,1,0
2,9,12,0,9,1,4,0,1
2,1,6,4,7,3,2,1,0
2,4,2,4,7,1,4,1,0
5,15,9,4,0,3,4,0,0
2,11,8,2,2,0,4,1,0
4,8,10,2,12,0,4,1,1
2,9,12,2,12,0,4,1,0
2,9,12,4,9,1,4,0,0
5,11,8,4,7,1,4,0,0
2,11,8,2,3,0,4,1,0
2,11,8,2,2,0,4,1,1
2,5,3,6,7,4,4,0,0
2,11,8,2,2,3,4,1,0
2,15,9,4,0,4,4,0,0
1,15,9,2,10,0,4,1,1
2,12,13,2,2,0,4,1,0
1,11,8,4,9,1,4,0,0
2,15,9,2,11,0,4,1,1
2,11,8,4,7,4,2,0,0
1,11,8,2,6,0,2,1,1
2,15,9,0,0,1,4,1,0
2,11,8,0,0,1,4,0,0
2,9,12,4,12,3,4,1,0
2,1,6,4,7,4,2,0,0
2,11,8,2,13,0,4,1,1
2,11,8,2,2,0,4,1,0
2,11,8,4,2,1,4,1,0
2,14,14,4,9,1,4,0,0
2,11,8,4,2,4,4,1,0
2,11,8,2,2,0,4,1,0
2,9,12,0,3,1,4,1,1
2,11,8,2,2,0,4,1,1
2,7,11,0,6,1,4,0,0
2,9,12,2,12,5,4,0,1
2,11,8,4,7,3,4,1,0
4,8,10,2,9,5,4,0,1
2,15,9,2,11,2,4,0,0
2,9,12,4,9,1,4,0,0
5,9,12,4,9,1,4,0,0
2,9,12,2,9,0,4,1,1
2,15,9,0,6,4,4,1,0
2,15,9,2,6,0,4,1,0
2,9,12,2,9,0,4,1,0
2,11,8,4,0,4,2,0,0
0,11,8,2,0,0,4,1,0
2,4,2,2,13,0,2,1,0
3,15,9,2,3,0,4,1,1
2,11,8,2,13,0,2,1,0
2,9,12,2,3,5,4,0,1
2,11,8,2,2,0,4,1,1
2,11,8,2,6,0,4,1,1
2,8,10,0,9,4,4,0,1
2,11,8,2,6,0,4,1,0
2,11,8,4,0,3,4,0,0
3,15,9,2,3,0,4,1,0
5,12,13,2,3,0,4,1,1
2,9,12,2,2,0,4,1,1
2,11,8,2,13,0,4,1,0
4,11,8,2,2,0,4,1,0
2,11,8,4,5,3,4,1,0
2,8,10,4,2,3,4,1,0
2,9,12,4,3,1,4,1,0
4,15,9,2,11,0,4,1,0
2,11,8,2,13,0,2,1,0
2,0,5,2,6,0,4,1,0
1,8,10,4,7,1,4,1,0
2,15,9,2,3,0,4,1,1
2,11,8,2,11,0,4,1,0
2,9,12,2,0,0,4,1,1
2,9,12,4,12,1,4,0,0
2,12,13,4,11,1,4,1,0
2,15,9,0,11,4,4,0,0
1,11,8,2,10,0,4,1,0
5,8,10,0,3,1,4,0,0
2,8,10,4,0,3,4,0,0
1,10,15,2,3,0,4,1,0
2,0,5,3,2,2,4,1,0
2,6,4,3,5,3,4,1,0
2,9,12,2,9,5,4,0,1
4,9,12,0,3,4,4,1,1
1,0,5,5,7,1,2,0,0
2,11,8,4,11,3,4,1,0
2,9,12,2,9,0,4,1,0
0,10,15,2,9,0,4,1,1
2,15,9,4,10,1,2,0,1
1,15,9,2,2,0,4,1,0
3,10,15,2,9,0,4,1,1
4,9,12,2,3,0,4,1,0
2,11,8,0,6,4,4,1,0
2,15,9,4,2,1,2,1,0
2,11,8,4,11,3,4,0,0
2,15,9,0,2,1,2,0,0
2,11,8,4,5,1,4,1,0
2,11,8,4,4,3,2,1,0
4,11,8,2,2,0,4,1,0
2,7,11,2,0,5,4,0,1
0,14,14,2,9,0,4,1,0
2,11,8,2,7,5,4,0,0
2,11,8,4,5,2,4,1,0
4,15,9,2,11,0,0,1,1
4,11,8,4,0,3,1,0,0
2,11,8,4,11,1,2,1,0
2,11,8,2,11,0,4,1,1
2,15,9,4,7,1,4,0,0
2,15,9,0,2,4,4,1,0
1,9,12,2,9,0,4,1,1
2,15,9,4,5,1,4,1,0
2,9,12,4,9,1,4,1,0
2,5,3,4,7,1,4,0,0
2,11,8,4,2,3,4,1,0
2,15,9,2,9,0,4,1,1
5,7,11,2,10,0,4,1,0
2,5,3,2,4,0,4,1,0
2,11,8,2,4,0,4,1,0
2,9,12,2,3,0,4,1,1
2,11,8,4,11,3,4,0,0
2,0,5,4,2,3,4,1,0
2,9,12,4,3,1,4,0,1
2,1,6,4,5,3,4,1,0
5,9,12,4,9,3,4,1,0
2,11,8,0,7,1,4,0,0
2,15,9,2,3,0,4,1,1
0,9,12,2,0,0,4,1,0
2,7,11,0,3,4,4,1,0
2,11,8,2,11,0,4,1,0
1,9,12,0,9,1,4,1,0
2,11,8,2,6,0,4,1,1
2,15,9,2,2,0,4,1,1
2,8,10,2,2,0,4,1,0
2,15,9,4,2,4,4,1,0
2,15,9,0,3,1,4,1,0
2,10,15,2,3,0,4,1,1
2,15,9,4,0,3,4,0,0
0,11,8,2,12,0,4,1,1
2,7,11,0,6,3,4,1,0
2,9,12,2,3,0,4,1,1
2,9,12,2,11,0,4,1,1
1,15,9,2,3,0,4,1,0
2,15,9,2,12,0,4,1,0
2,9,12,2,7,0,4,1,0
2,4,2,3,13,4,3,1,0
2,12,13,0,3,1,4,0,1
2,1,6,2,13,0,4,1,0
1,11,8,4,12,1,4,0,0
2,0,5,4,2,3,4,1,0
2,9,12,4,7,1,4,1,0
4,14,14,2,3,0,4,1,1
5,11,8,2,10,0,4,1,0
2,11,8,2,6,0,4,1,0
2,8,10,3,0,4,4,0,0
5,9,12,2,9,0,4,1,1
2,11,8,2,11,0,4,1,0
2,15,9,0,12,3,4,0,0
2,9,12,2,2,2,4,1,0
2,11,8,2,2,0,4,1,0
2,8,10,2,6,0,4,1,0
2,11,8,0,4,1,4,0,0
2,9,12,4,2,1,4,1,0
2,15,9,4,13,3,4,1,0
2,1,6,4,2,3,4,1,0
2,15,9,2,2,0,4,1,0
2,11,8,4,7,1,4,1,0
1,12,13,6,9,4,4,1,1
3,11,8,4,3,1,2,1,0
2,1,6,5,7,1,2,0,0
2,15,9,4,4,3,4,1,0
2,15,9,2,3,0,4,1,0
2,6,4,2,2,0,4,1,0
1,11,8,0,7,4,4,0,0
2,11,8,4,9,2,4,0,0
4,9,12,2,9,0,2,1,1
2,15,9,2,0,5,4,0,1
2,0,5,2,13,0,4,1,1
3,11,8,0,3,1,4,0,0
4,9,12,4,2,1,4,0,0
2,11,8,2,2,0,4,1,1
1,0,5,2,2,0,4,1,0
2,9,12,2,3,0,4,1,1
2,9,12,2,3,0,4,1,1
2,15,9,2,13,0,4,1,0
2,9,12,2,3,0,4,1,1
1,7,11,2,0,0,4,1,0
2,0,5,4,7,1,4,1,0
2,9,12,4,12,1,4,1,0
4,8,10,0,11,1,4,1,0
2,9,12,2,0,0,4,1,1
2,12,13,0,3,4,4,1,1
2,15,9,2,9,0,4,1,1
2,9,12,2,9,0,4,1,1
2,8,10,2,9,0,4,1,1
2,9,12,4,9,3,4,1,0
2,1,6,4,5,3,4,1,0
1,11,8,2,10,0,4,1,1
4,11,8,2,4,0,4,1,0
2,11,8,2,6,0,4,1,1
2,9,12,4,9,1,4,0,0
2,5,3,4,6,3,4,1,0
2,11,8,2,9,0,4,1,0
2,9,12,2,11,0,4,1,1
2,1,6,4,12,2,4,1,0
2,15,9,0,7,1,2,1,1
2,9,12,2,3,0,4,1,1
2,1,6,4,2,3,4,1,0
4,15,9,2,2,0,4,1,0
2,11,8,5,2,4,2,0,0
3,12,13,2,9,0,4,1,1
2,15,9,4,11,4,4,0,0
2,4,2,4,7,1,4,1,0
2,9,12,5,7,1,4,1,0
0,11,8,4,0,1,4,0,0
2,15,9,2,6,0,4,1,1
0,9,12,4,9,1,4,0,0
2,11,8,0,3,4,4,0,0
2,11,8,4,2,3,4,1,1
1,9,12,0,9,4,4,0,0
1,12,13,2,3,0,2,1,1
2,0,5,2,5,0,4,1,0
2,8,10,4,7,1,4,0,0
2,9,12,2,3,0,4,1,0
2,13,0,2,6,5,1,0,0
1,12,13,0,9,4,4,0,0
4,11,8,2,3,5,4,0,0
2,11,8,4,7,1,2,0,0
3,9,12,2,3,0,4,1,0
2,11,8,2,0,0,4,1,0
2,1,6,4,2,3,4,1,0
2,11,8,5,2,4,2,0,0
4,11,8,4,13,3,4,1,0
2,9,12,2,3,0,4,1,0
0,8,10,2,2,0,4,1,1
2,11,8,2,0,5,4,0,1
2,15,9,4,4,3,4,1,0
2,11,8,2,2,0,4,1,1
2,15,9,5,7,2,4,0,0
2,11,8,2,13,0,4,1,0
2,12,13,2,9,0,4,1,1
2,15,9,4,6,3,4,0,0
2,1,6,2,0,0,4,1,1
2,9,12,4,9,1,4,1,0
2,11,8,2,12,0,4,1,1
2,11,8,4,11,3,4,0,0
2,11,8,2,7,3,4,0,0
2,11,8,4,2,3,0,1,0
2,15,9,4,11,1,4,1,0
2,8,10,4,6,3,4,1,0
2,7,11,2,2,0,4,1,1
2,1,6,2,0,0,4,1,1
2,11,8,2,6,0,4,1,1
2,15,9,4,2,1,2,0,0
2,11,8,2,2,0,4,1,0
2,15,9,4,7,3,4,0,0
2,8,10,2,9,0,4,1,1
2,11,8,3,7,4,2,0,1
2,11,8,5,8,1,4,0,0
2,15,9,2,0,5,4,0,0
2,15,9,2,11,0,4,1,1
5,9,12,2,9,5,4,0,1
2,9,12,2,3,0,4,1,1
2,11,8,2,6,5,4,0,0
2,15,9,0,0,4,4,0,0
2,11,8,2,6,2,1,0,0
2,11,8,2,13,0,4,1,1
2,15,9,4,0,3,4,0,0
1,12,13,2,9,0,4,1,1
2,11,8,2,6,0,4,1,1
3,11,8,2,11,0,4,1,1
2,0,5,2,6,0,2,1,0
5,7,11,4,3,1,4,1,0
0,11,8,2,0,0,4,1,1
3,11,8,2,3,0,2,1,1
2,11,8,4,0,1,2,1,0
3,12,13,2,3,5,4,0,1
2,12,13,2,12,0,4,1,1
2,11,8,0,0,4,4,0,1
0,15,9,0,0,1,4,0,0
2,15,9,2,3,0,4,1,0
2,11,8,2,7,0,4,1,0
4,10,15,5,9,4,4,0,0
4,11,8,0,2,1,4,1,1
2,9,12,4,5,1,4,1,0
2,11,8,6,0,1,4,0,0
2,11,8,4,0,1,4,0,0
2,11,8,4,12,1,4,0,1
2,12,13,2,9,0,4,1,0
5,15,9,2,0,0,4,1,0
3,15,9,2,11,0,4,1,0
2,11,8,2,7,0,4,1,0
1,11,8,2,2,0,4,1,0
4,11,8,2,2,0,4,1,0
2,15,9,2,13,0,4,1,0
2,11,8,4,11,1,4,1,1
1,15,9,4,10,1,4,1,1
2,9,12,4,9,1,4,1,0
3,11,8,2,11,0,4,1,1
2,15,9,4,11,3,4,1,0
2,11,8,2,6,0,4,1,0
2,9,12,2,2,0,4,1,0
2,11,8,4,0,1,4,0,0
2,1,6,4,5,3,4,1,0
3,15,9,2,11,0,4,1,1
4,11,8,4,2,1,2,1,0
2,11,8,4,2,3,4,1,0
1,15,9,2,4,0,4,1,0
2,1,6,4,6,1,4,1,0
2,11,8,0,7,3,4,0,0
0,15,9,2,12,0,4,1,1
2,11,8,2,13,0,4,1,0
2,9,12,2,12,0,4,1,0
2,15,9,2,5,5,4,0,0
2,5,3,2,4,0,4,1,0
2,15,9,4,5,2,1,1,0
2,14,14,4,9,1,1,0,0
2,8,10,2,2,0,4,1,1
2,15,9,2,2,0,4,1,0
2,15,9,4,7,3,4,1,0
2,12,13,0,9,4,4,1,0
2,11,8,2,0,5,4,0,0
2,7,11,0,11,4,4,0,0
2,12,13,2,9,0,1,1,1
2,11,8,4,11,3,0,0,0
2,15,9,2,10,0,4,1,0
2,11,8,2,5,0,4,1,0
2,11,8,4,3,1,2,0,0
2,15,9,0,0,4,4,0,0
0,11,8,2,0,0,4,1,0
2,7,11,4,12,1,4,0,0
2,15,9,0,4,1,1,1,0
2,15,9,2,6,0,4,1,1
4,11,8,0,2,1,4,1,0
2,11,8,4,2,4,4,1,0
2,11,8,2,3,0,4,1,1
2,8,10,4,2,1,4,1,0
2,8,10,4,3,3,2,0,0
2,0,5,0,13,1,2,1,0
2,9,12,0,0,4,1,0,0
4,15,9,6,4,1,4,0,0
2,1,6,4,0,3,4,0,0
2,11,8,2,6,0,4,1,0
3,12,13,2,3,0,4,1,0
2,9,12,2,3,0,1,1,1
5,11,8,4,0,4,2,0,0
2,15,9,4,0,3,2,1,0
2,9,12,2,3,0,4,1,0
4,15,9,5,2,1,4,1,1
2,8,10,4,12,3,4,0,0
2,1,6,2,11,0,4,1,1
2,9,12,4,0,3,4,0,0
2,11,8,2,4,0,2,1,0
2,1,6,2,11,0,4,1,0
2,3,1,2,2,0,3,1,0
2,11,8,4,5,1,4,1,0
3,2,7,2,3,0,4,1,0
2,2,7,4,5,1,2,1,0
2,11,8,2,2,0,4,1,1
2,15,9,4,0,3,2,1,0
2,9,12,4,5,3,4,1,0
2,15,9,2,9,0,4,1,0
2,15,9,2,2,0,4,1,0
1,14,14,0,9,1,4,0,0
2,11,8,2,2,0,4,1,1
2,9,12,4,7,1,4,0,0
2,9,12,0,0,1,4,0,0
5,10,15,2,3,0,4,1,1
2,9,12,2,2,0,1,1,0
2,8,10,0,7,1,4,1,0
2,11,8,0,7,4,4,0,0
3,11,8,2,3,0,4,1,0
5,15,9,6,9,1,4,0,0
4,15,9,4,3,1,4,0,0
2,7,11,2,3,0,4,1,0
4,11,8,2,3,0,4,1,1
2,15,9,4,7,3,4,1,0
0,12,13,2,11,0,4,1,1
2,15,9,2,11,5,4,0,1
2,9,12,4,3,3,4,0,0
2,11,8,4,7,3,4,1,0
1,11,8,4,3,3,4,0,0
2,9,12,2,3,0,4,1,1
5,9,12,4,10,1,2,1,0
2,11,8,2,4,0,2,1,0
2,11,8,4,5,1,4,1,0
5,11,8,5,0,4,4,1,0
2,9,12,4,0,3,4,0,0
2,1,6,4,9,1,4,0,0
2,9,12,2,12,0,4,1,1
2,15,9,4,11,3,4,1,0
2,1,6,4,2,1,4,1,0
2,15,9,4,7,2,4,1,0
4,9,12,4,9,1,4,1,0
3,11,8,2,2,0,4,1,0
3,15,9,0,11,1,4,1,1
2,11,8,0,6,3,4,1,0
2,11,8,4,0,3,4,0,0
5,11,8,4,0,1,4,0,0
2,9,12,2,11,0,4,1,1
2,13,0,2,7,0,4,1,0
2,11,8,2,2,0,2,1,0
4,15,9,2,2,0,4,1,1
2,15,9,2,11,0,4,1,0
3,15,9,4,3,1,2,1,0
2,1,6,4,7,2,4,0,0
5,11,8,5,7,4,4,0,0
2,7,11,4,0,1,2,0,0
2,11,8,4,7,3,4,0,0
2,0,5,4,5,2,2,1,0
2,15,9,0,3,4,4,0,0
2,11,8,0,9,1,4,0,0
2,15,9,2,10,0,4,1,0
2,9,12,2,3,0,4,1,1
2,5,3,5,7,4,4,0,0
5,15,9,2,7,0,4,1,0
0,11,8,2,0,0,2,1,0
2,11,8,2,2,0,4,1,0
2,11,8,4,5,3,4,1,0
2,0,5,0,6,4,4,0,0
4,15,9,4,7,1,4,0,0
0,15,9,2,0,0,4,1,0
2,15,9,4,2,3,2,1,0
2,15,9,4,5,1,2,1,0
3,11,8,2,3,0,4,1,0
2,11,8,2,7,0,4,1,0
2,7,11,2,12,0,4,1,0
2,11,8,2,5,0,2,1,1
2,15,9,2,11,0,4,1,0
3,11,8,0,2,1,4,1,0
2,11,8,2,13,0,4,1,1
2,15,9,2,7,0,4,1,0
2,11,8,4,2,1,4,1,0
2,11,8,0,11,3,4,0,0
2,1,6,4,8,3,4,0,0
2,4,2,2,5,0,4,1,0
2,9,12,2,9,0,4,1,1
0,12,13,2,9,0,4,1,1
2,9,12,2,9,0,4,1,1
2,11,8,4,2,1,4,0,0
2,0,5,0,5,1,4,0,0
2,11,8,4,2,1,4,1,0
0,11,8,4,0,1,4,1,1
2,9,12,0,11,4,4,0,0
2,15,9,2,0,5,4,0,0
2,11,8,4,11,3,4,1,0
2,15,9,2,5,0,4,1,0
2,2,7,4,5,3,4,1,0
1,9,12,2,2,0,4,1,1
2,15,9,0,0,1,4,0,0
0,15,9,2,3,0,4,1,1
4,15,9,2,2,0,4,1,0
2,15,9,0,12,1,4,1,0
2,11,8,5,7,1,4,1,0
2,11,8,2,13,0,4,1,1
2,9,12,4,0,1,4,0,0
2,2,7,4,11,3,4,0,0
2,4,2,4,5,4,4,1,0
2,11,8,4,3,1,4,0,0
2,12,13,4,9,1,4,0,0
2,7,11,0,0,1,4,0,0
2,11,8,4,13,3,4,1,0
2,15,9,2,7,0,4,1,0
2,11,8,2,6,0,4,1,0
4,15,9,0,2,1,4,1,0
2,15,9,0,0,4,4,0,0
0,10,15,2,9,0,4,1,1
2,1,6,2,13,0,4,1,0
2,5,3,2,13,0,4,1,1
2,15,9,4,0,3,4,0,0
2,11,8,2,2,0,4,1,1
0,11,8,6,3,1,4,0,0
2,9,12,4,9,1,4,0,0
2,1,6,2,2,0,4,1,0
2,15,9,2,2,0,4,1,0
2,11,8,4,2,1,4,0,0
2,11,8,4,13,1,4,1,0
2,11,8,2,2,0,4,1,1
2,9,12,2,9,5,1,0,1
4,11,8,2,4,0,4,1,1
1,15,9,2,2,0,4,1,1
5,11,8,2,6,0,4,1,1
2,9,12,2,3,0,4,1,1
2,15,9,4,7,1,4,0,0
2,11,8,4,6,1,4,1,0
1,15,9,2,3,0,4,1,0
2,9,12,2,9,0,4,1,0
2,0,5,4,11,4,4,0,0
1,4,2,2,10,0,4,1,0
4,11,8,2,4,0,4,1,0
2,9,12,4,3,3,2,0,0
5,11,8,1,0,3,4,0,0
2,8,10,2,7,0,4,1,0
2,15,9,2,0,0,1,1,1
2,11,8,2,5,0,2,1,0
5,15,9,0,0,1,4,0,0
5,7,11,4,3,1,4,0,0
2,11,8,2,13,0,4,1,0
2,15,9,2,2,0,4,1,0
0,9,12,0,9,1,4,1,1
2,15,9,0,2,4,4,0,0
2,15,9,4,5,3,2,1,0
2,15,9,4,2,1,4,1,0
2,9,12,2,0,0,4,1,0
2,5,3,6,7,1,4,0,0
2,9,12,2,0,0,4,1,0
2,15,9,2,11,0,4,1,0
2,11,8,2,4,0,4,1,0
2,9,12,2,11,0,4,1,0
4,15,9,2,3,0,4,1,0
2,15,9,0,3,1,2,0,0
2,15,9,2,2,0,4,1,0
2,0,5,6,7,1,2,0,0
5,9,12,4,9,1,4,1,0
2,11,8,2,13,0,4,1,0
2,11,8,4,7,3,4,0,0
2,9,12,2,9,0,4,1,1
2,9,12,2,3,0,4,1,1
2,9,12,0,5,1,4,1,0
2,9,12,4,12,1,4,0,0
1,11,8,2,9,0,4,1,0
1,15,9,4,0,1,2,1,0
2,15,9,4,7,1,2,1,0
2,1,6,4,7,1,4,0,0
2,9,12,0,11,4,4,1,0
2,12,13,0,3,4,4,0,1
2,11,8,6,8,2,4,0,0
2,11,8,4,11,3,4,0,0
3,11,8,4,11,3,4,1,0
3,9,12,2,3,0,4,1,1
1,11,8,4,0,1,4,0,0
2,15,9,3,11,4,4,0,0
4,5,3,2,2,0,4,1,0
2,14,14,2,3,0,4,1,1
2,15,9,0,3,4,4,0,0
1,9,12,2,9,0,4,1,1
1,9,12,0,9,4,4,0,0
2,11,8,2,0,0,4,1,0
2,9,12,2,2,0,4,1,1
2,11,8,0,2,1,0,1,0
2,11,8,4,11,2,2,0,0
1,9,12,2,9,5,4,0,0
2,11,8,4,5,3,4,1,0
5,11,8,2,7,5,4,0,0
5,9,12,2,10,0,4,1,1
2,9,12,4,11,1,4,1,1
2,11,8,6,6,4,2,0,0
2,1,6,0,7,4,4,0,0
2,11,8,6,7,1,4,0,0
4,15,9,4,2,1,4,0,0
5,10,15,0,9,1,4,1,1
2,8,10,4,11,3,4,1,0
2,10,15,4,9,3,4,1,0
3,7,11,2,3,0,4,1,0
4,5,3,2,7,0,4,1,0
2,4,2,5,6,1,4,1,0
2,11,8,2,0,0,4,1,0
2,1,6,4,7,3,4,0,0
2,0,5,4,7,3,2,1,0
2,15,9,2,0,5,4,0,0
2,11,8,0,2,1,4,1,0
2,11,8,0,8,4,4,0,0
2,9,12,2,3,5,4,0,1
2,15,9,4,6,1,4,0,0
2,15,9,6,3,1,2,0,0
2,15,9,2,2,0,4,1,1
2,15,9,5,7,3,4,0,0
2,9,12,0,9,1,4,1,1
5,12,13,4,9,1,2,0,0
2,15,9,2,0,5,2,0,0
2,15,9,2,2,0,4,1,1
2,15,9,0,0,4,2,0,0
2,8,10,2,2,0,1,1,0
2,0,5,4,4,3,2,1,0
1,12,13,2,9,0,4,1,1
2,15,9,4,0,3,4,0,0
2,15,9,4,0,3,4,0,0
0,9,12,2,3,0,4,1,1
2,15,9,4,0,3,4,1,0
2,1,6,5,6,1,2,1,0
2,11,8,5,6,4,4,1,0
2,9,12,4,9,3,4,0,0
2,8,10,2,9,0,4,1,1
2,11,8,0,6,3,4,1,0
2,11,8,0,11,4,4,0,0
2,11,8,2,3,0,4,1,1
2,9,12,4,11,1,2,1,0
2,11,8,2,11,0,4,1,1
2,10,15,2,9,0,4,1,1
2,15,9,2,3,0,4,1,1
3,8,10,2,11,0,4,1,1
2,9,12,3,7,2,2,0,0
2,7,11,2,2,0,4,1,1
4,9,12,2,3,0,4,1,0
2,0,5,6,7,4,2,0,0
2,6,4,0,8,1,2,0,0
1,12,13,2,0,0,4,1,0
1,11,8,2,7,0,4,1,0
2,11,8,4,0,3,4,1,0
4,9,12,2,9,0,4,1,0
0,15,9,4,3,1,2,1,0
2,15,9,4,12,1,4,0,0
2,11,8,0,11,1,4,0,0
2,15,9,4,7,3,4,0,0
2,11,8,2,9,0,4,1,0
2,11,8,0,7,3,4,1,0
2,9,12,0,9,1,4,0,0
2,11,8,2,11,0,1,1,0
2,15,9,2,0,0,4,1,1
2,9,12,2,11,0,4,1,0
2,4,2,2,7,0,3,1,0
2,11,8,4,11,3,4,1,0
2,11,8,0,0,1,4,1,0
2,15,9,4,11,1,4,0,0
2,15,9,4,11,3,4,1,0
1,1,6,2,13,0,4,1,0
0,9,12,0,0,3,4,1,0
2,15,9,4,11,3,4,1,0
2,0,5,4,11,3,4,0,0
2,9,12,4,3,1,4,0,0
3,12,13,2,3,0,4,1,1
2,7,11,4,3,3,4,1,0
2,15,9,2,0,5,4,0,0
2,11,8,2,6,0,4,1,0
0,15,9,2,9,0,4,1,1
5,12,13,4,0,1,2,0,0
0,9,12,0,9,4,4,1,0
2,15,9,2,7,0,4,1,0
2,14,14,0,9,3,4,0,0
2,1,6,4,9,3,4,0,0
2,11,8,4,0,4,4,1,0
2,11,8,2,2,0,4,1,0
2,11,8,4,7,1,4,1,0
2,8,10,4,9,4,2,0,0
2,8,10,4,2,1,4,0,0
2,11,8,0,2,1,4,1,0
3,8,10,2,11,0,4,1,0
2,0,5,4,6,1,4,0,0
4,11,8,2,4,0,4,1,0
2,11,8,2,11,5,4,0,0
4,15,9,2,7,0,2,1,0
5,11,8,4,11,4,2,0,0
3,9,12,4,0,3,4,1,0
2,11,8,2,6,0,4,1,0
5,11,8,2,3,0,4,1,0
2,9,12,2,3,0,4,1,0
0,15,9,4,0,4,2,0,0
2,5,3,2,2,0,4,1,0
2,1,6,5,0,4,2,0,0
2,1,6,4,11,3,4,0,0
2,15,9,5,3,4,4,0,0
3,11,8,6,3,1,4,0,1
2,11,8,0,6,3,4,1,0
2,15,9,2,3,0,4,1,1
2,11,8,0,5,3,4,0,0
2,11,8,0,0,4,4,0,0
2,15,9,2,2,0,4,1,0
2,11,8,4,7,1,4,1,0
5,15,9,3,7,2,2,1,0
4,12,13,2,9,5,4,0,1
2,9,12,0,0,1,4,1,0
2,11,8,5,7,4,2,0,0
2,1,6,4,4,2,4,0,0
2,11,8,2,2,0,4,1,0
2,9,12,2,3,0,2,1,1
2,11,8,2,12,5,4,0,0
2,11,8,2,7,0,4,1,0
2,12,13,4,9,1,4,0,0
5,11,8,2,7,5,2,0,0
0,12,13,4,3,3,4,0,0
2,8,10,2,2,0,4,1,1
2,7,11,2,3,0,4,1,1
2,1,6,4,6,3,3,1,0
2,11,8,4,7,1,4,0,0
2,11,8,0,0,4,4,0,0
2,15,9,4,0,3,4,1,0
2,9,12,0,9,3,4,0,0
2,11,8,0,7,1,4,0,0
2,9,12,2,11,0,4,1,1
5,15,9,4,0,3,4,1,0
2,11,8,2,2,0,4,1,0
1,14,14,2,9,0,4,1,1
2,9,12,4,0,1,4,1,0
4,15,9,0,3,1,4,0,0
2,9,12,4,5,1,2,1,0
3,11,8,2,11,0,4,1,0
2,15,9,0,7,1,4,0,0
2,15,9,2,2,0,4,1,1
2,12,13,2,3,0,4,1,1
2,15,9,2,3,0,4,1,1
2,11,8,4,2,3,2,1,0
2,11,8,2,2,0,1,1,0
5,0,5,4,7,1,2,0,0
2,11,8,0,2,2,4,1,0
2,12,13,2,9,0,4,1,1
1,9,12,2,3,0,4,1,1
2,15,9,4,12,3,4,0,0
2,12,13,2,3,0,1,1,1
2,9,12,4,0,3,4,0,0
2,11,8,2,13,0,4,1,0
2,15,9,4,12,1,3,0,0
2,0,5,4,7,3,4,0,0
2,11,8,3,5,1,4,1,0
5,2,7,2,7,5,4,0,0
2,8,10,0,9,4,4,0,0
5,12,13,2,3,0,4,1,1
2,11,8,4,0,3,4,1,0
2,15,9,2,2,0,4,1,0
5,12,13,2,3,0,4,1,1
1,12,13,2,3,0,2,1,1
2,11,8,4,6,3,4,0,0
5,12,13,2,3,0,4,1,1
2,11,8,2,0,5,4,0,1
2,11,8,4,6,2,3,1,0
2,6,4,2,2,0,4,1,0
2,9,12,2,9,0,4,1,0
4,11,8,2,11,0,4,1,0
0,11,8,5,6,1,2,1,0
2,9,12,0,11,3,4,0,0
2,11,8,4,4,1,4,1,0
2,15,9,2,0,5,4,0,0
2,11,8,2,0,5,4,0,1
3,11,8,2,3,0,4,1,1
2,15,9,4,0,1,4,0,0
2,15,9,2,9,0,0,1,0
1,11,8,2,13,0,4,1,0
2,9,12,4,9,1,4,1,0
2,15,9,0,2,1,4,1,0
1,15,9,2,0,5,4,0,1
2,15,9,2,2,0,4,1,1
2,11,8,4,2,1,4,1,0
2,11,8,6,7,4,4,0,0
2,9,12,5,3,1,2,0,0
4,9,12,2,4,0,4,1,1
2,15,9,4,11,1,4,1,1
5,15,9,0,0,4,2,0,0
2,11,8,0,0,4,4,0,0
5,12,13,0,9,4,4,1,0
3,6,4,2,0,5,4,0,0
2,12,13,4,3,3,4,1,0
2,11,8,0,7,1,2,0,0
1,15,9,2,10,0,4,1,1
5,10,15,0,9,4,4,1,1
2,15,9,2,11,0,4,1,0
2,11,8,2,2,0,4,1,0
2,9,12,4,0,1,4,1,0
2,15,9,4,3,1,4,0,1
2,11,8,5,5,4,4,0,0
2,9,12,3,13,1,3,1,0
4,3,1,6,7,1,2,0,0
2,0,5,4,6,1,4,0,0
2,15,9,2,9,0,4,1,1
2,11,8,2,0,5,4,0,0
2,12,13,2,3,0,4,1,1
2,12,13,2,3,0,4,1,1
2,11,8,4,2,3,4,1,0
2,11,8,4,3,1,4,1,0
2,0,5,2,6,0,4,1,0
1,12,13,4,9,1,4,1,1
1,12,13,2,9,0,4,1,0
2,7,11,5,9,1,4,0,0
5,9,12,2,9,0,4,1,1
2,15,9,2,12,0,2,1,1
1,12,13,2,9,0,0,1,0
2,15,9,4,5,3,4,1,0
2,8,10,2,4,0,4,1,1
2,2,7,2,13,0,4,1,1
2,9,12,4,11,1,4,0,0
2,11,8,2,2,0,4,1,0
5,15,9,0,0,1,4,0,0
2,11,8,4,5,3,4,1,0
2,15,9,5,7,3,4,0,0
2,15,9,2,10,0,4,1,0
2,11,8,4,6,4,4,1,0
5,0,5,2,7,0,4,1,0
2,15,9,0,7,1,4,0,0
2,11,8,2,13,0,4,1,0
2,12,13,2,9,0,4,1,0
2,3,1,2,2,0,4,1,0
2,11,8,2,2,0,4,1,0
2,8,10,2,2,0,4,1,1
2,15,9,2,11,0,4,1,1
2,0,5,2,13,0,4,1,0
2,12,13,4,3,1,4,1,0
2,11,8,2,13,0,4,1,0
2,8,10,0,0,4,2,0,0
2,5,3,0,5,1,4,1,0
2,11,8,5,0,1,4,1,1
0,15,9,2,7,0,2,1,0
2,15,9,0,0,4,4,0,0
0,15,9,0,10,3,4,1,0
2,9,12,4,9,1,4,1,0
3,15,9,6,11,1,4,0,1
2,15,9,0,12,4,4,0,0
2,11,8,4,2,3,4,1,0
2,15,9,5,3,1,2,0,0
2,15,9,4,7,1,4,1,0
2,11,8,2,0,0,4,1,0
1,7,11,2,10,0,4,1,1
2,15,9,2,11,0,4,1,1
2,11,8,4,7,3,4,0,0
2,12,13,2,3,0,4,1,0
2,2,7,0,10,3,4,1,0
2,11,8,2,6,0,4,1,0
2,11,8,4,2,4,4,1,0
2,12,13,2,9,0,4,1,1
1,12,13,4,9,1,4,1,1
2,15,9,2,3,5,4,0,1
4,15,9,2,4,0,4,1,0
2,9,12,0,9,4,4,0,0
2,11,8,2,2,0,4,1,0
2,11,8,2,11,0,4,1,0
2,11,8,2,11,0,4,1,0
2,9,12,2,9,1,4,1,0
5,15,9,2,0,5,1,0,1
2,8,10,0,0,1,4,0,0
2,11,8,1,2,0,4,1,1
2,10,15,2,9,0,4,1,1
5,10,15,2,9,0,4,1,1
2,11,8,4,4,3,4,1,0
2,15,9,0,11,1,4,0,0
3,0,5,6,13,1,4,1,0
2,0,5,4,7,3,4,0,0
2,15,9,0,0,4,4,0,0
1,11,8,2,7,5,4,0,0
2,9,12,2,4,0,4,1,0
2,12,13,2,3,0,4,1,1
2,15,9,2,13,0,4,1,1
2,11,8,2,2,0,4,1,0
3,11,8,4,11,1,4,1,0
2,4,2,4,6,3,4,0,0
5,11,8,6,3,1,4,0,0
2,15,9,4,3,3,4,1,0
3,11,8,2,3,0,4,1,0
2,15,9,2,10,0,4,1,0
1,12,13,2,9,0,4,1,1
4,11,8,2,2,0,4,1,0
2,11,8,4,7,1,4,0,0
2,1,6,2,6,5,1,0,0
5,11,8,4,0,1,4,0,0
2,9,12,4,11,3,4,0,0
2,15,9,0,6,4,4,1,0
2,11,8,0,3,4,4,0,0
2,11,8,4,2,1,4,1,0
3,11,8,2,3,0,4,1,1
4,11,8,2,13,0,4,1,0
2,15,9,2,0,5,4,0,1
2,1,6,0,4,1,4,1,0
2,9,12,2,7,0,4,1,0
4,12,13,4,9,1,4,1,1
0,9,12,2,9,0,4,1,1
3,9,12,2,3,0,4,1,1
2,15,9,0,0,4,4,0,0
2,4,2,6,6,4,4,0,0
2,11,8,0,0,1,4,0,0
2,15,9,0,0,4,4,0,0
2,15,9,2,6,0,4,1,1
1,8,10,6,9,4,2,0,0
2,9,12,4,7,1,4,1,1
2,9,12,2,9,0,4,1,1
1,15,9,0,2,1,4,1,0
5,7,11,0,7,1,4,0,0
2,11,8,2,13,0,1,1,1
2,8,10,4,7,4,4,0,0
2,15,9,2,9,0,4,1,1
2,3,1,3,7,1,4,1,0
2,11,8,4,7,1,4,1,0
1,15,9,2,10,0,4,1,1
1,12,13,2,9,5,4,0,1
2,9,12,4,0,3,4,0,0
4,11,8,2,7,5,4,0,0
2,11,8,2,13,0,4,1,1
2,14,14,4,9,3,4,1,0
2,11,8,4,11,1,4,1,0
1,9,12,2,9,0,4,1,0
2,11,8,4,7,4,2,0,0
2,9,12,4,9,3,4,1,0
2,9,12,4,3,3,4,1,0
1,12,13,2,3,0,4,1,1
2,15,9,2,3,0,4,1,0
2,2,7,2,2,0,4,1,1
1,12,13,2,9,0,4,1,1
1,8,10,2,2,0,4,1,0
2,6,4,2,6,5,4,0,0
5,15,9,4,4,1,4,1,0
2,15,9,0,5,1,4,0,0
0,11,8,2,0,5,4,0,1
2,12,13,2,9,5,4,0,1
3,11,8,2,7,0,4,1,1
1,11,8,2,2,0,4,1,0
2,15,9,4,0,3,4,0,0
4,14,14,2,9,0,4,1,1
2,9,12,2,3,0,4,1,1
2,9,12,2,3,5,4,0,0
2,11,8,3,12,1,4,0,0
2,0,5,2,7,0,4,1,1
5,8,10,2,10,0,4,1,0
2,15,9,5,3,4,4,0,0
2,15,9,2,5,0,4,1,1
2,9,12,2,9,0,4,1,1
2,5,3,2,5,0,4,1,0
2,15,9,4,11,3,4,1,0
4,5,3,2,4,0,4,1,0
2,15,9,2,7,5,2,0,0
0,9,12,4,9,1,4,0,0
2,15,9,0,0,1,4,0,0
2,11,8,2,2,0,4,1,0
2,11,8,2,13,0,4,1,0
4,11,8,4,7,4,4,0,0
2,11,8,0,3,1,4,1,0
2,9,12,2,11,0,4,1,1
2,9,12,4,0,3,2,1,0
2,1,6,2,13,0,4,1,0
2,6,4,2,6,5,2,0,0
2,11,8,4,2,4,4,0,0
2,9,12,0,11,1,4,0,0
2,7,11,4,2,1,4,1,0
5,11,8,0,0,1,4,0,0
2,1,6,4,10,3,4,0,0
1,11,8,3,4,3,2,1,0
2,11,8,2,13,0,2,1,1
2,12,13,2,9,0,4,1,1
3,11,8,2,3,0,4,1,0
3,11,8,2,2,0,4,1,1
2,11,8,3,6,1,4,1,0
2,11,8,2,11,2,4,1,0
2,11,8,2,7,0,1,1,0
0,11,8,2,5,0,1,1,0
2,0,5,0,7,4,4,0,0
3,10,15,2,9,0,4,1,0
2,8,10,2,7,0,4,1,0
2,11,8,2,6,0,2,1,0
2,11,8,0,0,2,2,0,0
2,11,8,4,2,3,2,1,0
2,7,11,4,11,3,4,1,0
2,11,8,0,0,4,2,0,0
5,8,10,4,2,1,4,1,0
2,2,7,4,7,3,4,0,0
2,11,8,6,11,1,4,0,1
2,11,8,2,6,5,4,0,0
2,11,8,4,13,3,4,1,0
5,15,9,0,0,4,4,0,0
4,8,10,2,4,0,4,1,0
2,15,9,4,7,3,4,0,0
2,11,8,2,6,0,4,1,1
2,15,9,0,11,1,4,0,0
2,5,3,2,6,5,4,0,0
2,15,9,4,9,3,4,1,0
2,11,8,2,0,0,4,1,1
2,11,8,2,2,0,4,1,0
2,0,5,2,2,2,4,1,0
2,11,8,5,0,4,4,0,0
1,15,9,4,9,1,4,0,0
2,11,8,4,0,4,4,0,0
2,11,8,0,0,2,4,0,0
5,15,9,5,12,1,4,1,0
2,12,13,2,3,0,4,1,0
2,12,13,2,3,0,4,1,1
2,15,9,4,3,3,4,1,0
0,5,3,3,5,4,4,1,0
2,11,8,2,3,0,4,1,1
2,14,14,2,9,0,4,1,1
2,9,12,4,7,1,4,0,0
2,15,9,2,2,0,4,1,0
2,3,1,5,6,4,4,1,0
4,15,9,2,2,0,4,1,0
2,11,8,2,11,0,4,1,1
2,15,9,4,11,3,4,1,0
2,15,9,4,9,3,4,0,0
2,15,9,2,2,0,4,1,0
2,0,5,4,2,3,4,1,0
2,9,12,4,3,1,4,0,0
3,11,8,2,2,0,4,1,0
2,11,8,4,13,2,1,1,0
2,6,4,0,6,4,2,0,0
2,11,8,6,0,1,4,0,0
4,11,8,2,2,0,4,1,1
5,11,8,2,2,0,4,1,0
2,15,9,4,3,3,4,0,0
2,11,8,6,0,4,4,0,0
1,11,8,4,7,4,4,0,0
2,12,13,2,0,0,4,1,1
2,11,8,2,5,0,4,1,0
3,14,14,2,9,0,4,1,1
2,15,9,2,13,0,2,1,0
2,15,9,2,3,0,2,1,1
2,15,9,0,11,1,4,0,0
2,15,9,2,3,0,4,1,0
2,0,5,4,7,3,4,1,0
2,11,8,2,0,5,4,0,1
2,9,12,2,9,0,4,1,1
2,11,8,4,7,4,4,0,0
2,11,8,5,0,4,4,0,0
1,15,9,4,10,3,4,1,0
2,9,12,2,9,5,4,0,1
2,11,8,2,0,0,4,1,0
3,9,12,2,11,0,4,1,0
2,15,9,4,7,3,4,0,0
2,11,8,0,3,4,4,0,1
1,8,10,2,3,0,4,1,1
4,15,9,4,9,1,4,1,1
2,11,8,0,13,4,4,1,0
2,11,8,4,0,1,4,0,0
0,15,9,0,5,4,2,0,0
1,9,12,4,9,1,4,1,0
2,7,11,4,0,1,4,0,0
2,9,12,4,6,1,1,1,0
1,11,8,2,9,2,4,0,1
5,12,13,2,9,5,2,0,1
2,11,8,4,0,3,4,0,0
2,0,5,4,2,2,4,1,0
2,11,8,2,5,0,4,1,1
2,9,12,4,11,1,4,0,0
2,11,8,2,6,0,4,1,0
2,6,4,2,6,0,4,1,0
1,12,13,4,9,3,4,0,0
2,9,12,4,9,1,4,1,0
4,9,12,0,9,4,4,0,0
2,15,9,2,0,0,4,1,1
2,11,8,0,7,4,2,0,0
2,2,7,2,2,0,4,1,1
2,9,12,2,11,0,4,1,0
2,11,8,2,0,5,4,0,1
4,15,9,2,3,0,4,1,0
2,11,8,2,2,0,4,1,1
2,9,12,4,12,3,4,1,0
2,15,9,4,2,4,4,1,0
4,15,9,5,11,4,4,1,0
4,15,9,2,3,5,4,0,0
2,15,9,0,11,4,4,1,1
2,12,13,2,9,0,4,1,1
0,15,9,2,0,0,4,1,1
2,11,8,2,13,0,4,1,1
4,11,8,2,2,0,4,1,0
2,12,13,2,9,0,4,1,1
2,7,11,2,6,0,4,1,1
4,5,3,2,12,0,4,1,0
2,11,8,2,2,0,4,1,1
2,15,9,4,0,3,4,1,0
1,9,12,0,10,1,4,1,1
4,11,8,2,2,0,4,1,1
2,11,8,6,0,1,4,0,0
2,11,8,0,0,4,4,0,0
0,15,9,4,0,3,1,0,0
4,1,6,2,2,0,4,1,0
2,15,9,4,7,3,4,0,0
1,12,13,2,10,0,4,1,1
2,7,11,0,0,1,2,0,0
4,11,8,2,11,0,4,1,0
2,7,11,4,0,3,4,0,0
2,15,9,0,11,1,4,1,0
2,15,9,5,2,1,4,1,0
2,11,8,2,0,0,4,1,0
5,15,9,4,0,1,4,0,0
2,4,2,2,7,0,4,1,0
2,11,8,4,0,1,4,0,0
2,11,8,2,11,0,2,1,0
5,6,4,5,6,1,2,1,0
2,11,8,2,6,0,4,1,0
5,11,8,4,13,1,2,1,0
2,1,6,2,2,1,4,1,1
5,9,12,4,3,1,4,1,0
2,11,8,0,5,1,4,0,0
2,15,9,0,0,1,4,0,0
2,9,12,4,9,1,4,1,0
2,11,8,2,13,0,4,1,1
2,11,8,2,2,0,4,1,0
0,12,13,2,3,0,4,1,1
1,12,13,4,9,1,2,0,0
2,11,8,2,10,0,4,1,0
2,14,14,2,9,0,4,1,1
2,9,12,2,13,0,4,1,0
5,9,12,2,9,0,4,1,1
2,11,8,2,5,0,2,1,0
2,11,8,2,2,0,4,1,1
2,9,12,2,2,0,4,1,1
2,11,8,2,2,0,1,1,1
2,11,8,2,2,0,4,1,0
2,15,9,4,7,3,4,0,0
2,9,12,2,9,5,4,0,1
5,12,13,0,9,4,4,0,0
2,11,8,2,2,0,4,1,0
2,4,2,2,8,5,2,0,0
2,11,8,4,5,1,4,1,0
2,11,8,2,0,5,4,0,0
2,7,11,4,11,3,2,0,0
2,11,8,4,2,1,4,1,0
2,15,9,0,6,1,0,1,0
2,8,10,4,4,1,4,0,0
2,9,12,4,12,3,4,1,0
2,11,8,2,2,0,2,1,0
1,9,12,2,9,5,4,0,1
2,11,8,3,6,3,1,1,0
2,11,8,2,6,0,4,1,0
2,15,9,0,0,1,2,0,0
2,9,12,2,2,0,4,1,1
2,11,8,4,5,1,2,1,0
5,10,15,2,9,0,4,1,1
4,11,8,2,2,0,4,1,0
2,11,8,0,0,3,4,0,0
2,1,6,0,7,1,2,0,0
2,1,6,4,5,3,4,1,0
3,11,8,2,10,0,4,1,0
4,7,11,4,2,3,4,1,0
2,11,8,0,7,4,4,0,0
1,15,9,2,10,0,3,1,1
2,9,12,2,3,0,4,1,1
4,11,8,2,2,0,4,1,0
2,10,15,4,9,1,4,1,1
2,15,9,2,5,0,4,1,0
2,5,3,6,6,1,4,0,0
2,11,8,0,7,1,4,0,0
2,11,8,0,5,3,4,0,0
2,15,9,4,3,3,4,0,0
2,15,9,4,2,3,4,1,0
2,15,9,2,3,0,4,1,1
2,14,14,6,9,4,4,0,0
1,9,12,2,9,5,2,0,1
2,9,12,0,3,1,4,1,0
4,11,8,2,4,0,4,1,0
2,12,13,2,9,0,4,1,1
2,9,12,2,9,3,4,1,0
2,15,9,2,11,0,4,1,1
2,15,9,0,12,1,2,0,0
0,9,12,2,0,0,4,1,0
2,11,8,2,11,0,4,1,1
2,7,11,2,5,0,4,1,0
5,11,8,0,7,4,4,0,0
2,15,9,4,3,3,4,0,0
2,15,9,4,2,1,4,1,0
2,0,5,4,11,2,2,0,0
2,11,8,0,11,1,4,0,0
2,12,13,4,9,1,4,0,0
2,9,12,2,3,5,2,0,1
5,10,15,0,9,4,4,1,1
1,11,8,4,0,3,4,1,0
2,11,8,2,0,0,4,1,0
2,11,8,4,12,1,4,0,0
2,8,10,0,2,1,4,1,0
2,0,5,0,7,1,2,0,0
0,11,8,5,3,1,2,0,0
2,11,8,2,11,0,4,1,1
2,9,12,2,9,0,4,1,1
2,5,3,2,7,5,4,0,0
2,11,8,4,13,3,4,0,0
2,6,4,6,7,1,4,0,0
2,7,11,4,11,1,4,1,0
4,9,12,2,0,5,4,0,1
4,9,12,4,11,1,4,1,0
2,11,8,2,3,0,4,1,1
2,15,9,5,7,4,4,0,0
0,9,12,0,3,4,2,0,0
1,8,10,2,10,0,4,1,1
4,11,8,2,13,0,4,1,0
4,11,8,2,9,0,4,1,0
2,0,5,4,11,3,4,0,0
2,11,8,4,2,1,4,1,0
2,15,9,4,0,3,4,1,0
2,11,8,3,0,1,4,1,0
2,11,8,2,6,0,4,1,0
2,5,3,2,13,0,2,1,0
2,5,3,6,7,4,2,0,0
2,9,12,2,12,0,4,1,1
4,11,8,4,2,4,4,1,1
2,9,12,4,7,1,4,0,0
2,15,9,4,11,3,4,0,0
2,15,9,4,0,1,4,0,0
2,12,13,2,3,0,4,1,1
2,9,12,4,9,1,4,0,0
0,9,12,2,10,0,4,1,1
1,9,12,4,9,2,4,1,0
2,4,2,4,5,3,4,1,0
2,11,8,4,0,3,4,0,0
2,15,9,4,5,1,4,1,0
1,12,13,0,0,4,4,0,0
5,10,15,2,9,0,4,1,1
2,15,9,0,3,1,4,1,0
2,1,6,4,6,1,4,1,0
2,8,10,2,5,0,4,1,0
1,12,13,0,9,4,4,0,0
2,11,8,2,4,0,4,1,0
2,15,9,4,3,1,4,0,0
2,11,8,4,2,3,4,1,0
2,15,9,0,11,1,4,0,0
2,11,8,4,2,3,4,0,0
2,11,8,4,4,3,1,1,0
4,11,8,2,2,0,1,1,0
5,11,8,2,10,0,4,1,0
2,1,6,4,11,3,4,0,0
2,9,12,4,7,1,1,1,0
2,11,8,0,0,4,4,0,0
2,11,8,3,11,1,4,1,0
2,8,10,4,2,1,4,1,1
2,12,13,4,9,1,4,0,0
2,9,12,4,11,3,4,1,0
4,11,8,4,7,1,2,1,0
3,11,8,5,11,4,4,0,0
2,3,1,4,4,1,3,1,0
2,0,5,2,3,0,4,1,0
2,2,7,3,7,3,3,0,0
2,12,13,0,9,1,4,0,0
2,9,12,4,3,1,4,1,0
2,11,8,2,2,0,4,1,0
2,15,9,2,2,0,4,1,0
2,15,9,4,2,3,4,1,0
0,11,8,2,2,0,4,1,1
2,11,8,4,5,3,4,1,0
2,11,8,4,2,3,4,1,0
3,15,9,2,3,0,4,1,0
4,9,12,2,11,0,4,1,0
4,9,12,4,2,1,4,1,0
2,11,8,2,6,0,4,1,1
2,11,8,2,13,0,4,1,0
2,11,8,0,13,1,4,1,0
2,12,13,2,3,0,4,1,1
3,9,12,2,3,0,4,1,1
2,11,8,4,0,3,2,1,0
2,9,12,2,12,0,4,1,1
4,15,9,2,4,0,4,1,1
4,12,13,2,3,0,4,1,1
2,11,8,2,5,0,3,1,0
2,12,13,0,9,1,4,0,0
2,5,3,2,6,5,4,0,0
2,9,12,4,11,3,4,1,0
2,11,8,4,12,3,4,1,0
2,11,8,4,5,1,4,1,0
2,15,9,4,2,3,4,1,0
2,15,9,2,13,0,4,1,1
2,12,13,4,3,1,4,0,1
4,9,12,2,3,0,4,1,0
2,15,9,2,2,0,4,1,1
2,11,8,4,11,3,1,1,0
2,11,8,0,3,4,4,1,0
2,11,8,0,7,4,2,0,0
2,11,8,2,2,0,4,1,1
2,9,12,2,3,0,4,1,1
2,7,11,4,11,1,4,1,0
1,9,12,2,6,0,4,1,0
2,15,9,2,2,0,4,1,0
2,11,8,0,5,1,4,1,0
2,15,9,2,6,0,4,1,0
2,8,10,0,11,4,4,0,0
0,11,8,2,0,0,4,1,0
2,4,2,2,13,0,4,1,0
2,15,9,2,4,0,4,1,1
5,11,8,2,12,0,4,1,0
5,8,10,2,2,0,2,1,1
2,11,8,4,7,2,2,1,0
2,8,10,4,2,1,4,0,0
2,9,12,4,3,3,4,1,0
5,11,8,2,12,0,4,1,0
2,11,8,4,9,1,4,1,0
2,15,9,2,2,0,4,1,1
2,1,6,2,13,0,4,1,0
2,11,8,2,13,0,4,1,1
2,15,9,4,0,1,4,0,0
2,15,9,4,5,2,4,1,0
2,9,12,2,11,0,4,1,1
2,11,8,4,0,4,4,0,0
4,9,12,2,2,0,4,1,0
4,9,12,2,11,5,4,0,0
2,11,8,4,0,1,4,0,0
2,15,9,2,2,0,4,1,0
2,8,10,4,11,1,4,0,0
0,15,9,0,3,1,2,0,0
2,11,8,2,2,0,4,1,1
2,15,9,2,7,0,4,1,1
2,15,9,2,7,5,4,0,0
1,6,4,2,7,5,4,0,1
3,15,9,2,3,0,4,1,1
2,11,8,2,2,0,4,1,0
2,9,12,4,3,1,4,1,0
2,15,9,2,6,0,4,1,0
2,9,12,2,9,0,4,1,0
2,15,9,0,11,4,4,0,0
2,11,8,2,2,0,4,1,0
2,14,14,2,9,0,4,1,0
2,15,9,4,2,1,2,1,1
2,11,8,2,13,2,4,1,0
2,8,10,2,2,0,4,1,0
2,9,12,2,3,0,2,1,1
2,11,8,2,2,0,4,1,0
4,1,6,2,13,0,4,1,0
4,5,3,2,4,0,4,1,1
2,11,8,4,0,3,2,0,0
2,11,8,4,0,3,4,0,1
2,9,12,0,3,1,2,0,1
4,11,8,0,3,1,4,0,1
5,9,12,4,9,1,4,1,0
2,11,8,0,13,1,4,1,0
2,15,9,4,7,1,4,1,0
2,11,8,2,13,0,4,1,0
4,15,9,4,3,1,4,1,0
2,11,8,2,3,0,4,1,1
2,11,8,2,3,0,4,1,1
2,14,14,4,3,1,4,0,0
1,11,8,2,2,0,4,1,0
1,11,8,0,10,4,4,0,0
2,11,8,2,2,0,4,1,0
2,9,12,2,3,0,4,1,1
1,9,12,2,10,0,4,1,1
2,15,9,4,0,1,4,1,0
2,7,11,4,11,4,2,0,0
2,9,12,4,0,3,4,0,0
2,11,8,2,2,0,4,1,0
2,9,12,2,11,0,4,1,0
2,9,12,2,2,0,4,1,1
2,8,10,2,3,0,4,1,1
2,11,8,2,6,0,4,1,0
4,15,9,6,7,4,4,0,0
2,9,12,2,9,0,1,1,1
2,11,8,3,0,4,4,0,0
2,11,8,5,2,1,4,1,0
4,12,13,2,3,0,1,1,0
2,5,3,2,4,0,4,1,1
2,12,13,4,3,1,4,1,1
2,15,9,2,12,0,4,1,1
2,11,8,2,11,0,4,1,1
1,12,13,2,3,0,4,1,1
2,1,6,5,7,3,4,0,0
2,8,10,4,8,3,4,0,0
2,11,8,2,2,0,4,1,0
2,11,8,2,11,5,4,0,0
3,15,9,2,3,0,4,1,1
2,11,8,2,11,0,1,1,0
2,11,8,2,11,0,4,1,0
2,9,12,4,11,3,4,1,0
2,9,12,2,0,0,4,1,0
2,11,8,5,5,1,2,1,0
2,9,12,4,9,1,4,1,0
0,12,13,2,9,0,1,1,1
1,15,9,0,0,1,4,0,0
2,9,12,4,3,3,4,1,0
2,11,8,4,7,3,4,1,0
2,15,9,2,9,5,4,0,0
2,15,9,2,3,0,2,1,1
5,15,9,0,0,1,2,0,0
2,12,13,0,3,4,4,1,1
2,11,8,2,2,0,4,1,0
2,9,12,2,9,0,4,1,1
4,15,9,4,11,1,4,1,0
2,9,12,2,0,0,4,1,1
5,10,15,4,9,2,4,0,1
2,9,12,2,3,0,4,1,0
2,9,12,2,3,0,4,1,1
2,9,12,2,9,0,4,1,1
2,9,12,2,3,0,4,1,1
2,6,4,0,9,1,2,0,0
2,12,13,0,0,1,4,0,0
2,15,9,5,0,4,2,0,0
4,11,8,2,4,0,4,1,0
2,15,9,4,0,4,1,0,0
2,0,5,6,6,4,2,0,0
2,4,2,2,2,0,4,1,0
3,15,9,2,11,0,4,1,0
2,3,1,4,7,1,4,1,0
5,9,12,2,3,0,4,1,1
2,2,7,2,4,0,4,1,0
2,14,14,2,9,5,4,0,1
2,11,8,4,7,4,2,0,0
3,12,13,0,9,1,4,1,1
2,10,15,2,9,0,1,1,0
2,11,8,4,0,3,1,0,0
2,11,8,4,11,1,4,0,0
0,15,9,4,0,1,4,1,0
2,15,9,2,11,0,4,1,0
4,11,8,0,2,1,4,1,0
2,11,8,2,7,0,2,1,0
3,9,12,0,3,4,4,0,0
2,1,6,4,6,1,2,0,0
2,9,12,4,7,1,4,0,0
2,8,10,2,5,0,4,1,0
2,15,9,4,12,3,4,1,0
2,1,6,2,2,0,4,1,0
0,9,12,0,9,4,4,0,0
2,11,8,4,7,3,4,1,0
2,11,8,2,13,0,2,1,0
2,9,12,2,3,0,4,1,0
2,11,8,4,6,1,4,1,0
2,11,8,2,2,0,4,1,0
2,11,8,2,13,0,4,1,1
2,1,6,4,7,3,2,0,0
2,15,9,4,4,4,4,1,0
2,8,10,0,9,4,4,1,0
3,11,8,2,3,0,4,1,1
2,15,9,4,11,3,4,0,0
2,11,8,2,6,0,4,1,0
2,15,9,5,0,4,4,0,0
3,9,12,2,0,0,4,1,1
2,7,11,4,0,1,2,0,0
2,15,9,4,0,1,4,0,0
2,7,11,2,2,0,4,1,0
2,11,8,6,7,4,4,0,0
0,15,9,5,3,1,4,1,1
2,9,12,2,9,0,4,1,0
2,9,12,2,0,0,4,1,1
2,12,13,4,3,1,4,1,0
2,5,3,2,6,0,3,1,0
2,11,8,4,7,3,4,1,0
2,9,12,4,0,1,1,0,0
2,7,11,4,12,1,4,0,0
2,15,9,0,11,3,1,0,0
2,15,9,4,11,3,1,1,0
2,10,15,2,3,0,4,1,1
2,9,12,4,7,1,4,1,1
2,11,8,4,0,3,4,0,0
5,15,9,4,3,1,4,0,0
2,9,12,4,3,3,1,1,0
2,1,6,2,7,0,4,1,0
2,11,8,6,11,4,4,0,0
2,8,10,2,0,0,4,1,1
2,15,9,2,10,0,2,1,0
1,9,12,4,0,4,4,0,0
5,15,9,2,11,0,4,1,1
2,9,12,2,11,0,4,1,0
4,15,9,2,2,0,4,1,0
2,9,12,4,0,3,4,1,0
2,15,9,2,7,5,4,0,0
4,15,9,4,4,3,4,1,0
2,11,8,0,7,4,4,1,0
2,11,8,4,5,1,4,1,0
2,11,8,2,0,0,4,1,0
0,12,13,2,3,0,4,1,1
4,11,8,5,3,2,4,1,0
2,11,8,4,6,1,4,1,0
2,11,8,4,5,4,4,1,0
2,15,9,4,9,1,2,0,0
0,7,11,2,2,0,4,1,1
2,15,9,2,11,0,4,1,1
2,14,14,2,9,0,4,1,1
2,11,8,2,2,0,4,1,0
4,10,15,4,9,1,4,1,1
2,15,9,2,11,0,2,1,0
2,15,9,2,11,0,4,1,0
3,15,9,2,11,0,4,1,0
4,11,8,2,11,5,4,0,0
2,15,9,2,5,0,4,1,1
2,2,7,4,5,3,4,1,0
4,14,14,2,9,0,4,1,1
2,11,8,2,2,0,4,1,0
2,9,12,2,2,0,1,1,1
2,12,13,4,9,3,4,0,0
2,15,9,4,11,1,4,0,0
2,15,9,4,0,3,4,1,0
2,9,12,4,9,1,4,1,0
3,14,14,2,9,0,4,1,1
2,12,13,2,3,0,1,1,1
2,11,8,5,0,4,4,0,0
2,15,9,4,11,3,2,0,0
2,8,10,0,0,1,4,0,0
2,11,8,2,2,0,4,1,1
2,15,9,4,7,1,4,0,0
2,11,8,2,3,0,4,1,1
5,15,9,4,7,3,4,0,0
2,11,8,2,13,0,4,1,1
2,11,8,4,2,1,4,1,0
2,11,8,0,3,4,4,0,0
2,15,9,2,11,0,4,1,1
2,7,11,2,2,0,4,1,1
2,15,9,4,11,1,4,0,0
2,11,8,0,7,1,4,1,0
1,11,8,0,13,4,4,1,0
2,9,12,2,3,0,4,1,1
2,11,8,2,2,0,4,1,0
2,11,8,6,11,4,4,0,0
2,11,8,0,13,1,4,1,0
2,2,7,4,11,1,2,1,0
5,7,11,2,12,0,4,1,1
2,11,8,4,6,4,4,1,0
2,12,13,2,0,5,4,0,1
4,12,13,4,3,1,4,0,0
2,15,9,4,0,3,2,0,0
2,1,6,2,2,0,4,1,0
2,9,12,2,2,0,4,1,1
2,15,9,4,7,1,4,1,0
5,12,13,0,0,1,4,0,0
5,11,8,2,0,0,4,1,0
2,15,9,4,11,1,4,1,0
2,15,9,4,9,1,3,0,0
2,15,9,2,11,0,4,1,0
1,12,13,2,9,5,4,0,0
2,10,15,2,9,0,4,1,1
2,11,8,0,2,1,4,1,0
2,15,9,4,7,3,4,0,0
2,12,13,4,9,1,4,0,0
2,11,8,2,0,3,4,0,0
2,9,12,4,3,1,4,0,0
2,15,9,0,2,1,4,1,0
1,11,8,4,10,1,4,1,0
2,11,8,2,9,0,1,1,1
1,15,9,2,2,0,4,1,0
2,15,9,2,0,0,4,1,0
5,12,13,2,9,0,4,1,0
2,3,1,4,2,1,4,1,0
2,11,8,3,6,1,4,1,0
1,1,6,4,0,3,4,0,0
5,10,15,4,9,1,4,0,0
2,0,5,5,11,1,4,0,0
2,15,9,3,2,4,4,0,0
2,5,3,2,2,0,4,1,0
2,9,12,2,11,0,4,1,1
2,15,9,4,10,3,1,1,0
2,11,8,0,7,1,4,0,0
1,9,12,5,9,4,4,1,0
2,11,8,0,6,1,4,0,0
2,9,12,2,11,0,4,1,1
3,9,12,4,0,3,4,0,0
2,0,5,4,11,2,2,0,0
4,11,8,2,9,0,4,1,0
2,9,12,0,0,1,4,0,0
4,9,12,0,0,1,4,1,0
2,15,9,0,7,4,4,0,0
2,15,9,2,7,3,4,0,1
2,1,6,2,7,0,4,1,0
2,15,9,4,0,1,4,0,0
2,15,9,4,0,3,4,1,0
2,9,12,2,7,0,4,1,0
3,15,9,2,11,0,4,1,1
2,12,13,0,3,1,4,0,1
2,11,8,2,5,5,2,0,0
2,11,8,2,2,0,4,1,0
2,11,8,4,6,1,4,1,0
2,12,13,4,3,1,4,0,0
2,9,12,4,11,1,4,0,0
2,7,11,2,3,0,4,1,1
2,15,9,2,0,3,4,0,0
2,12,13,6,9,4,4,1,0
2,12,13,4,9,1,4,0,1
2,8,10,0,13,1,4,1,1
2,15,9,6,0,4,2,0,0
2,2,7,4,0,3,4,0,0
5,1,6,5,12,1,2,1,0
2,11,8,5,7,4,2,0,0
2,8,10,2,2,0,4,1,1
2,11,8,4,6,4,2,1,0
2,7,11,2,3,0,4,1,0
2,7,11,4,11,1,4,1,0
2,9,12,2,3,5,4,0,0
2,0,5,4,6,3,4,0,0
2,11,8,0,2,1,0,1,0
2,5,3,3,8,4,4,0,0
2,11,8,2,9,3,4,1,1
2,11,8,2,4,0,4,1,0
2,15,9,2,11,5,4,0,0
2,9,12,2,3,0,4,1,0
0,15,9,0,7,1,4,1,0
2,5,3,2,13,0,4,1,0
4,11,8,2,2,0,4,1,0
2,15,9,0,0,1,4,0,0
2,9,12,2,3,2,4,1,0
0,11,8,4,2,3,2,0,0
4,15,9,4,7,3,4,0,0
2,12,13,2,2,5,1,0,0
2,11,8,2,7,0,4,1,0
0,9,12,2,2,0,4,1,1
0,15,9,0,6,4,4,1,0
2,15,9,4,11,3,2,1,0
2,4,2,2,6,0,0,1,0
2,8,10,0,7,4,4,0,0
2,11,8,2,2,0,4,1,1
2,11,8,4,2,2,4,0,0
2,12,13,2,3,0,4,1,1
2,9,12,2,12,0,4,1,1
3,15,9,2,3,0,4,1,1
2,7,11,0,7,4,4,0,0
2,15,9,2,11,0,4,1,1
0,9,12,6,0,1,4,1,1
2,12,13,2,3,0,4,1,1
2,11,8,0,0,1,4,0,0
5,2,7,2,2,0,4,1,0
2,11,8,4,6,4,2,0,0
4,11,8,2,4,0,4,1,0
4,8,10,2,4,0,4,1,0
2,8,10,2,2,0,4,1,1
2,15,9,4,4,4,4,1,0
2,1,6,2,6,0,4,1,0
2,11,8,5,6,4,2,0,0
2,9,12,4,6,1,2,1,0
2,15,9,4,0,3,4,0,0
2,11,8,2,7,0,4,1,1
2,11,8,2,3,0,4,1,0
2,11,8,4,7,1,4,1,0
2,9,12,2,11,0,4,1,1
3,11,8,2,3,0,4,1,1
2,1,6,0,2,1,4,1,0
4,9,12,2,11,0,4,1,1
2,0,5,4,11,3,2,0,0
4,11,8,6,0,4,4,0,1
2,11,8,0,7,1,4,1,0
2,0,5,4,7,3,2,1,0
4,12,13,2,2,0,4,1,0
2,11,8,2,11,0,4,1,0
2,11,8,4,11,2,4,1,0
2,15,9,4,0,3,4,0,0
2,15,9,2,9,5,1,0,0
2,11,8,4,2,1,4,1,0
2,15,9,4,2,1,2,1,0
2,11,8,0,0,4,4,0,0
2,1,6,4,0,1,4,1,0
2,0,5,4,8,3,4,0,0
2,11,8,2,11,0,4,1,0
2,9,12,4,0,1,4,1,0
2,11,8,2,2,0,4,1,0
2,11,8,2,3,0,1,1,1
2,11,8,2,11,0,4,1,0
2,15,9,2,3,0,4,1,1
2,11,8,4,6,3,4,1,0
1,11,8,0,2,3,4,0,0
2,9,12,2,9,0,2,1,1
2,11,8,0,3,2,4,0,0
3,15,9,2,0,5,4,0,1
2,11,8,5,2,4,4,0,0
2,1,6,4,11,3,4,0,0
2,8,10,4,6,3,4,1,0
2,15,9,2,3,0,4,1,0
2,11,8,4,6,1,4,1,0
4,10,15,2,11,0,4,1,1
2,15,9,4,3,3,2,1,0
0,12,13,2,0,0,4,1,1
4,11,8,2,4,0,4,1,0
2,11,8,4,5,3,4,1,0
2,0,5,4,4,3,4,1,0
2,11,8,2,3,0,4,1,1
2,12,13,4,9,1,4,0,0
2,11,8,5,7,3,4,1,0
2,15,9,2,6,0,4,1,0
2,15,9,0,0,1,4,0,0
2,15,9,4,7,3,4,0,0
1,8,10,4,10,1,4,1,0
2,9,12,2,3,0,4,1,1
2,15,9,4,7,3,4,1,0
5,10,15,2,9,0,4,1,1
2,11,8,5,11,1,4,0,0
2,9,12,4,0,4,2,0,0
4,11,8,0,11,4,2,1,0
2,11,8,4,0,3,4,0,0
3,15,9,2,3,0,4,1,1
2,1,6,4,11,3,4,0,0
4,15,9,4,9,3,4,0,0
2,11,8,4,0,3,1,1,1
2,11,8,2,2,0,4,1,0
2,11,8,0,11,3,4,0,0
2,11,8,2,13,0,4,1,0
2,9,12,2,7,0,4,1,1
2,8,10,2,3,0,4,1,1
2,11,8,2,6,0,2,1,1
0,9,12,2,3,0,4,1,1
2,9,12,4,12,3,4,1,0
4,11,8,0,2,4,4,0,0
2,11,8,2,6,5,3,0,0
4,0,5,2,2,0,4,1,1
4,11,8,0,4,1,4,1,0
2,7,11,4,5,3,4,1,0
2,8,10,2,7,2,4,0,0
2,15,9,4,2,3,4,1,0
4,14,14,2,9,0,4,1,1
4,10,15,2,9,0,4,1,0
2,11,8,6,2,4,4,1,0
5,11,8,6,0,1,4,0,0
2,15,9,2,2,0,4,1,0
2,14,14,2,9,0,4,1,1
4,11,8,0,3,1,4,0,0
2,11,8,4,7,3,4,0,0
2,0,5,2,2,0,4,1,1
3,12,13,2,9,5,4,0,1
2,9,12,4,12,3,4,1,0
2,8,10,2,5,0,4,1,0
3,7,11,4,11,1,4,0,0
2,11,8,4,7,3,4,0,0
4,14,14,2,9,0,4,1,1
1,14,14,5,9,3,2,0,0
2,15,9,0,11,4,4,0,0
2,15,9,4,11,3,4,1,0
4,0,5,4,7,3,4,0,0
2,11,8,4,6,3,4,1,0
2,2,7,2,2,0,4,1,0
2,11,8,0,13,1,4,1,0
2,11,8,4,2,1,4,1,0
2,11,8,6,7,4,4,0,0
2,15,9,4,0,3,2,0,0
3,9,12,2,3,0,4,1,1
2,11,8,1,7,2,4,0,0
2,2,7,2,0,0,4,1,0
2,15,9,0,7,1,4,1,0
2,5,3,2,6,0,2,1,0
2,6,4,2,5,0,4,1,1
2,11,8,2,2,0,4,1,1
2,11,8,2,11,0,4,1,1
2,11,8,4,0,2,4,1,0
2,11,8,0,11,1,4,0,0
2,11,8,4,5,3,4,0,0
2,15,9,2,11,0,4,1,0
4,15,9,4,2,1,4,1,1
2,9,12,4,3,1,4,0,0
2,2,7,4,13,1,4,1,0
1,15,9,4,0,3,4,1,0
2,9,12,5,9,4,4,1,0
2,1,6,4,7,3,2,1,0
2,12,13,4,9,3,4,1,1
2,6,4,4,6,1,4,0,0
2,11,8,2,6,0,2,1,0
2,6,4,2,4,0,2,1,0
2,9,12,4,7,2,4,1,0
5,15,9,2,7,0,4,1,0
2,11,8,2,6,5,4,0,1
0,11,8,2,2,0,4,1,0
3,11,8,2,2,0,4,1,0
2,5,3,2,13,0,4,1,0
5,9,12,2,3,0,4,1,1
2,15,9,2,4,5,4,0,0
2,2,7,4,7,3,4,1,0
4,9,12,4,9,1,4,1,1
2,11,8,4,7,3,4,0,0
2,11,8,2,13,0,4,1,0
2,11,8,2,11,0,4,1,0
2,11,8,2,2,0,4,1,0
2,11,8,4,5,3,4,1,0
2,11,8,2,6,0,4,1,0
2,15,9,4,2,2,4,1,0
1,9,12,0,9,4,4,0,0
2,3,1,4,8,1,4,0,0
2,8,10,4,0,1,4,1,0
2,8,10,0,0,4,4,0,0
2,1,6,4,8,3,4,0,0
1,9,12,2,10,0,4,1,1
5,15,9,2,0,0,4,1,1
2,15,9,4,3,1,4,0,0
0,9,12,2,0,0,4,1,0
2,9,12,4,7,4,3,1,0
2,15,9,2,11,0,4,1,0
2,5,3,6,8,4,4,0,0
3,11,8,2,6,0,4,1,0
2,11,8,2,3,0,4,1,0
1,11,8,4,7,1,4,1,0
4,10,15,0,11,1,4,1,0
2,9,12,2,3,0,4,1,1
1,9,12,0,9,4,4,0,0
2,9,12,2,2,0,4,1,1
2,11,8,2,11,2,4,0,0
2,12,13,2,9,0,4,1,1
2,11,8,4,0,2,4,0,0
2,15,9,4,0,1,4,0,0
2,15,9,2,0,0,4,1,0
2,12,13,2,11,0,4,1,1
2,12,13,2,9,0,4,1,1
2,4,2,4,11,3,1,0,0
1,12,13,2,3,0,4,1,1
2,11,8,4,7,3,2,1,0
4,0,5,2,7,5,4,0,0
1,9,12,2,9,0,4,1,1
2,0,5,4,7,4,4,0,0
1,9,12,2,9,5,4,0,1
0,11,8,6,3,1,4,1,0
1,12,13,2,9,5,4,0,1
2,11,8,6,0,4,4,0,0
5,12,13,4,9,3,4,0,0
5,15,9,4,6,3,4,0,0
1,15,9,0,7,4,4,0,0
1,15,9,2,2,0,2,1,0
2,9,12,4,11,3,1,1,0
2,8,10,0,9,1,4,0,0
4,2,7,2,2,1,4,1,0
2,4,2,2,5,0,4,1,0
2,9,12,4,0,3,2,1,0
2,1,6,2,2,0,4,1,0
2,15,9,4,3,3,4,1,0
1,9,12,2,9,0,4,1,0
2,8,10,2,11,0,4,1,0
3,11,8,2,3,0,4,1,0
1,11,8,2,7,0,4,1,0
1,11,8,0,0,1,4,0,0
2,11,8,0,0,4,4,0,0
2,11,8,2,5,0,2,1,0
2,0,5,4,11,3,4,0,0
2,11,8,4,0,2,4,0,0
2,7,11,4,7,3,4,0,0
2,15,9,4,9,4,1,1,0
2,9,12,4,13,1,4,1,0
0,14,14,2,9,0,4,1,1
2,8,10,2,0,0,4,1,0
2,5,3,2,4,0,4,1,0
4,12,13,0,9,1,4,1,1
2,15,9,0,11,4,4,0,0
5,9,12,4,9,1,4,1,0
2,11,8,0,9,1,4,0,0
2,11,8,2,2,0,4,1,1
2,12,13,2,0,0,4,1,0
2,15,9,0,3,1,4,0,0
2,15,9,2,6,0,4,1,0
1,15,9,0,0,1,4,0,0
2,11,8,4,11,4,2,0,0
2,11,8,2,3,0,4,1,1
2,9,12,2,9,5,4,0,1
1,11,8,2,2,0,2,1,1
2,11,8,4,5,3,4,1,0
2,15,9,2,9,0,4,1,1
2,8,10,2,13,0,4,1,0
4,9,12,4,11,1,4,0,0
2,9,12,2,0,0,4,1,0
3,15,9,2,9,0,4,1,0
2,8,10,2,2,0,4,1,1
3,7,11,2,3,5,4,0,0
2,9,12,4,9,3,4,0,0
2,9,12,4,9,1,4,1,1
2,11,8,2,5,0,2,1,0
2,11,8,2,5,0,4,1,1
4,14,14,2,9,0,4,1,1
2,6,4,4,2,1,4,1,1
2,9,12,2,9,0,4,1,1
2,9,12,2,9,0,4,1,1
4,8,10,4,2,3,4,1,0
1,12,13,2,9,5,4,0,1
0,9,12,2,0,0,4,1,1
3,9,12,2,3,0,4,1,1
4,11,8,2,2,0,4,1,1
2,9,12,5,12,1,1,1,0
1,9,12,4,9,3,4,0,0
2,9,12,4,7,1,4,0,0
2,15,9,4,11,3,4,0,0
2,0,5,2,2,0,4,1,0
4,11,8,6,0,2,4,0,0
2,15,9,2,11,0,4,1,1
4,15,9,0,9,4,2,0,0
2,9,12,2,11,0,4,1,1
2,9,12,0,9,4,4,0,0
2,15,9,2,7,0,4,1,0
2,11,8,0,11,4,4,0,0
2,0,5,5,6,1,4,0,0
2,9,12,2,3,0,4,1,1
2,9,12,4,7,1,1,0,1
2,11,8,4,11,3,2,0,0
2,9,12,4,9,1,4,1,0
2,6,4,2,2,0,4,1,0
0,12,13,2,9,0,4,1,1
2,15,9,0,7,1,4,0,0
2,11,8,2,12,0,2,1,1
2,0,5,4,7,4,4,1,0
1,9,12,2,9,5,4,0,1
2,11,8,4,9,3,2,1,0
2,2,7,4,8,3,4,1,0
2,15,9,4,6,1,4,0,0
2,15,9,2,11,0,4,1,0
2,12,13,2,9,0,4,1,0
2,1,6,4,6,1,4,0,0
2,13,0,4,6,1,4,1,0
2,11,8,0,3,1,4,0,0
4,11,8,2,4,0,4,1,0
2,9,12,2,3,0,4,1,1
2,11,8,5,2,4,4,0,0
2,6,4,6,11,1,4,0,0
2,11,8,2,3,0,4,1,0
2,11,8,4,6,3,2,0,0
2,11,8,0,11,1,4,1,0
4,15,9,2,2,0,4,1,1
4,11,8,4,4,3,4,1,0
2,11,8,2,7,0,2,1,0
2,15,9,0,11,1,4,1,0
2,11,8,2,6,0,4,1,1
1,15,9,2,5,0,4,1,0
2,11,8,4,11,4,4,0,0
2,9,12,2,0,0,4,1,0
2,12,13,2,9,0,4,1,1
1,9,12,4,9,1,0,1,0
2,9,12,2,3,0,4,1,1
4,9,12,2,9,0,4,1,0
2,9,12,4,11,1,4,1,0
2,9,12,4,5,3,4,0,0
2,11,8,2,11,0,2,1,0
2,11,8,4,0,3,4,0,0
2,15,9,4,11,4,4,0,0
4,9,12,2,9,0,4,1,0
2,15,9,2,11,0,4,1,1
4,15,9,6,3,4,4,0,0
2,11,8,6,6,1,4,1,0
2,4,2,4,7,2,4,1,0
4,14,14,2,9,0,4,1,1
2,11,8,4,6,4,4,0,0
2,12,13,4,3,1,4,0,1
2,9,12,2,9,5,4,0,0
1,9,12,4,9,1,4,0,0
2,11,8,2,2,0,4,1,0
2,15,9,2,7,0,2,1,0
2,11,8,2,6,0,4,1,1
2,7,11,2,2,0,4,1,0
2,15,9,2,0,0,4,1,1
2,15,9,2,9,0,4,1,1
2,9,12,2,11,0,4,1,1
2,7,11,4,5,1,4,1,0
2,9,12,4,11,1,4,1,0
2,11,8,4,6,1,4,0,0
2,15,9,2,6,0,4,1,1
2,9,12,2,9,0,4,1,1
2,1,6,2,6,0,4,1,0
4,11,8,2,7,0,4,1,0
2,9,12,2,13,0,4,1,0
2,11,8,0,0,1,4,0,0
2,11,8,4,3,3,3,0,0
2,7,11,0,9,4,4,1,0
2,15,9,2,0,5,4,0,1
2,9,12,4,11,3,4,1,0
2,0,5,4,5,2,4,1,0
2,15,9,0,11,4,4,0,0
2,0,5,4,7,3,4,1,0
2,11,8,4,5,3,0,1,0
2,15,9,4,0,4,3,0,0
2,7,11,2,11,0,1,1,0
2,15,9,2,0,5,4,0,0
2,11,8,4,0,3,1,0,0
3,15,9,0,3,1,4,1,0
2,15,9,2,11,0,4,1,1
2,3,1,0,8,1,4,0,0
0,11,8,6,0,1,4,0,0
2,9,12,4,9,3,4,0,0
2,15,9,0,0,4,4,0,0
2,1,6,2,2,0,4,1,1
4,15,9,2,4,0,4,1,0
1,9,12,4,9,1,4,0,0
4,15,9,2,3,0,4,1,0
2,11,8,0,0,1,4,0,0
4,9,12,2,11,0,4,1,0
2,9,12,2,9,0,4,1,1
2,2,7,4,11,1,4,0,0
2,11,8,2,6,5,4,0,1
4,11,8,2,4,0,4,1,1
1,15,9,2,10,0,4,1,1
2,9,12,4,3,1,4,1,1
2,11,8,2,10,0,4,1,1
2,15,9,4,12,1,4,0,0
2,11,8,0,0,4,4,0,0
2,15,9,2,3,5,4,0,1
2,15,9,3,9,3,2,0,0
2,0,5,2,6,0,4,1,1
4,9,12,0,3,1,4,1,0
1,9,12,2,9,5,2,0,0
2,11,8,0,0,4,2,1,0
2,11,8,4,5,3,4,1,0
2,11,8,0,13,1,4,1,0
2,11,8,2,3,0,4,1,1
2,9,12,3,3,1,4,0,0
2,9,12,4,9,1,4,0,0
2,11,8,4,6,1,4,1,0
2,15,9,0,6,1,4,1,0
2,11,8,4,0,3,4,0,0
0,15,9,4,5,3,4,1,0
2,15,9,2,2,0,4,1,0
2,9,12,4,7,1,4,1,0
2,9,12,0,9,4,4,1,1
1,12,13,0,3,1,4,0,0
2,9,12,4,3,3,4,0,0
2,8,10,2,2,0,4,1,0
4,9,12,4,11,1,4,0,0
2,15,9,4,0,1,4,0,0
3,9,12,2,11,0,4,1,0
3,9,12,2,11,0,4,1,1
4,11,8,2,2,0,4,1,0
1,11,8,2,13,0,2,1,0
1,15,9,2,9,0,4,1,0
2,9,12,2,9,0,4,1,1
2,15,9,2,4,0,4,1,0
2,0,5,2,6,0,4,1,0
0,9,12,4,9,1,4,1,0
4,15,9,2,3,0,4,1,1
2,9,12,4,3,1,4,1,1
2,0,5,2,2,0,4,1,0
1,12,13,0,9,1,4,0,0
2,11,8,2,2,0,4,1,0
2,11,8,0,11,1,4,1,0
2,11,8,2,2,0,4,1,0
2,9,12,0,0,1,4,0,0
2,15,9,4,3,3,4,1,0
3,11,8,4,2,3,4,1,0
2,11,8,0,11,1,4,0,0
2,9,12,2,9,0,4,1,1
4,15,9,2,11,0,4,1,0
2,7,11,0,9,4,4,0,0
2,15,9,4,2,3,4,1,0
2,11,8,2,13,0,4,1,0
2,12,13,2,3,0,4,1,0
2,9,12,2,6,0,4,1,1
2,15,9,2,2,0,4,1,1
2,8,10,2,12,0,4,1,0
2,9,12,2,11,0,4,1,1
2,11,8,6,11,1,4,0,0
2,15,9,0,6,1,2,0,0
2,9,12,2,3,0,1,1,1
1,9,12,4,10,1,4,1,0
2,15,9,4,0,4,2,0,0
4,11,8,2,11,0,4,1,0
2,8,10,2,0,5,4,0,1
2,9,12,2,3,0,4,1,1
2,11,8,4,0,3,4,0,0
2,15,9,4,11,3,4,0,0
2,2,7,4,13,1,1,1,0
2,11,8,2,6,0,4,1,0
4,11,8,2,9,0,4,1,0
4,15,9,0,2,1,4,1,0
2,9,12,2,3,0,4,1,1
2,11,8,4,2,3,4,0,0
2,6,4,0,7,1,4,0,0
2,9,12,4,11,3,4,1,0
1,15,9,0,10,1,4,1,0
2,15,9,4,11,3,2,0,0
2,11,8,4,2,3,4,1,0
2,14,14,2,11,0,4,1,0
2,11,8,2,13,0,2,1,1
2,11,8,2,0,5,4,0,0
2,9,12,4,0,1,4,0,0
2,11,8,2,2,0,4,1,1
1,6,4,2,2,0,4,1,0
2,15,9,4,2,4,4,1,0
5,10,15,2,9,0,4,1,1
2,15,9,4,0,3,4,0,0
5,12,13,0,9,1,4,1,0
2,15,9,2,3,0,4,1,1
2,5,3,4,5,4,4,1,0
3,11,8,2,0,5,4,0,1
2,5,3,2,2,0,4,1,0
2,15,9,4,11,4,4,1,0
2,12,13,2,9,0,4,1,1
2,15,9,4,11,3,4,0,0
4,11,8,2,11,0,4,1,0
4,9,12,2,2,0,4,1,1
2,15,9,0,13,1,4,1,0
4,10,15,2,9,0,4,1,1
2,11,8,0,11,1,4,0,0
2,7,11,4,7,2,1,1,0
2,5,3,2,6,0,4,1,0
2,15,9,4,7,1,4,0,0
2,1,6,5,7,4,4,0,0
2,11,8,2,6,0,4,1,0
2,11,8,6,9,4,4,0,0
2,15,9,4,0,3,4,0,0
2,7,11,4,9,1,1,1,0
0,15,9,2,3,5,2,0,1
2,1,6,2,11,0,4,1,1
5,15,9,4,7,3,2,1,0
1,11,8,0,0,1,4,0,0
0,12,13,2,3,0,1,1,1
2,11,8,2,2,0,4,1,0
2,15,9,2,2,0,4,1,0
1,12,13,4,9,1,4,1,0
2,8,10,4,2,4,2,0,0
0,11,8,0,0,4,2,0,0
2,9,12,4,3,3,4,1,0
0,15,9,4,7,4,2,0,0
2,9,12,4,9,1,4,1,0
2,9,12,2,11,0,4,1,1
2,11,8,0,7,1,4,0,0
2,9,12,2,3,0,4,1,1
2,8,10,2,9,0,4,1,1
2,9,12,4,5,3,4,1,0
2,9,12,0,11,1,4,1,1
2,11,8,4,2,3,4,1,0
5,15,9,0,9,1,4,0,0
2,11,8,2,3,0,4,1,0
2,15,9,2,9,0,4,1,1
4,8,10,2,4,0,4,1,0
1,11,8,6,7,1,4,0,0
5,15,9,4,12,3,4,1,0
2,9,12,2,9,0,4,1,1
1,11,8,2,13,0,4,1,1
2,7,11,2,2,0,4,1,0
2,11,8,0,6,2,4,1,0
2,11,8,4,2,1,2,1,0
2,11,8,4,7,3,2,1,0
2,9,12,0,3,1,4,1,1
0,15,9,4,12,3,4,0,0
2,14,14,2,9,5,4,0,1
2,11,8,5,7,1,4,0,0
1,9,12,0,9,1,4,0,0
2,11,8,2,6,0,4,1,1
2,9,12,2,3,0,4,1,1
4,11,8,2,4,0,4,1,1
2,11,8,5,2,4,4,1,0
2,8,10,0,7,4,4,0,0
2,12,13,2,9,5,4,0,0
2,11,8,2,13,0,4,1,1
4,0,5,4,4,3,4,1,0
0,11,8,2,0,0,2,1,0
2,0,5,4,6,3,4,0,0
4,9,12,2,11,0,4,1,0
2,8,10,4,2,4,4,1,0
2,3,1,6,8,1,2,0,0
2,15,9,2,10,0,4,1,1
2,7,11,2,6,0,4,1,0
2,15,9,5,11,4,4,0,0
2,15,9,4,11,3,1,0,0
1,12,13,2,9,0,4,1,1
2,8,10,2,0,0,4,1,0
4,14,14,2,9,0,4,1,0
2,11,8,6,2,4,1,0,0
2,10,15,2,3,0,1,1,1
2,11,8,4,0,1,4,1,0
2,7,11,2,11,0,4,1,1
2,14,14,2,9,0,4,1,1
2,9,12,4,7,1,4,0,0
2,9,12,4,9,1,4,0,0
2,9,12,2,3,0,4,1,1
4,11,8,0,4,3,4,1,0
2,15,9,0,0,1,4,0,0
2,15,9,4,6,4,4,1,0
2,9,12,2,2,0,4,1,0
4,11,8,2,2,0,4,1,0
4,11,8,2,11,0,4,1,0
2,12,13,4,9,1,4,0,0
2,11,8,2,5,0,4,1,0
2,11,8,2,0,5,4,0,0
2,11,8,4,6,2,4,1,0
2,15,9,2,13,0,4,1,0
2,15,9,4,2,3,4,1,0
2,11,8,4,2,1,4,1,0
2,9,12,2,12,0,4,1,1
5,15,9,0,0,3,4,1,0
4,11,8,2,3,0,4,1,0
2,15,9,6,7,1,4,0,0
2,11,8,2,3,0,4,1,0
3,9,12,4,9,1,3,1,0
5,11,8,4,0,3,4,0,0
2,11,8,0,9,1,4,0,0
5,6,4,2,4,0,4,1,0
1,8,10,4,2,3,4,0,0
4,15,9,4,3,3,1,1,0
5,10,15,0,9,4,4,1,1
2,9,12,4,0,1,4,0,0
2,15,9,4,7,3,4,1,0
2,9,12,2,9,0,4,1,1
2,15,9,2,3,5,4,0,1
4,7,11,4,7,3,4,1,0
2,11,8,0,0,4,4,0,0
2,9,12,2,4,0,4,1,0
2,15,9,2,2,0,4,1,1
4,3,1,2,11,0,4,1,0
2,6,4,4,7,1,4,1,0
2,6,4,5,7,4,4,0,0
2,11,8,2,13,0,4,1,0
2,15,9,4,2,3,4,1,0
2,0,5,2,13,0,4,1,0
4,11,8,2,13,0,4,1,1
2,15,9,2,0,0,4,1,0
2,11,8,4,6,3,4,0,0
0,9,12,4,12,1,4,1,0
2,9,12,4,3,2,4,0,0
2,1,6,4,11,4,4,0,0
3,7,11,2,11,0,4,1,1
2,0,5,5,3,1,2,1,0
2,8,10,4,7,4,2,1,0
2,11,8,0,2,1,4,1,0
2,11,8,2,5,0,4,1,0
2,9,12,2,2,0,4,1,0
2,11,8,2,11,0,4,1,0
2,9,12,4,11,1,4,1,0
2,15,9,0,11,4,4,0,0
2,12,13,2,9,0,4,1,1
5,11,8,2,4,0,4,1,0
2,11,8,2,10,0,4,1,0
2,2,7,2,0,0,4,1,0
2,9,12,4,9,3,4,1,0
3,8,10,2,4,0,4,1,0
4,5,3,2,6,0,4,1,1
1,12,13,0,9,4,4,0,0
2,15,9,2,0,0,1,1,1
0,11,8,5,0,2,2,1,0
2,9,12,2,11,0,2,1,1
4,11,8,2,11,0,2,1,0
2,11,8,0,2,2,4,0,0
2,15,9,4,13,3,4,1,0
2,9,12,2,3,0,4,1,1
2,9,12,2,3,0,4,1,1
2,11,8,4,6,3,4,0,0
1,12,13,2,9,0,4,1,1
5,9,12,2,3,0,4,1,1
2,15,9,4,3,3,4,1,0
2,6,4,5,4,4,2,1,0
1,11,8,6,13,4,4,0,0
2,12,13,2,11,0,4,1,1
2,9,12,4,9,1,4,0,1
2,11,8,4,0,1,4,0,0
1,3,1,6,5,4,2,1,0
2,9,12,2,0,5,4,0,0
2,11,8,5,2,4,4,1,0
5,9,12,4,12,3,4,0,0
5,6,4,4,0,1,4,0,0
2,11,8,2,13,0,4,1,1
5,11,8,2,2,0,4,1,0
2,15,9,0,0,1,4,0,0
2,11,8,4,7,3,4,0,0
2,15,9,4,0,3,4,1,0
0,11,8,2,0,0,4,1,1
4,7,11,2,3,0,4,1,1
1,9,12,4,9,1,4,1,0
2,15,9,2,2,0,4,1,0
4,11,8,2,3,0,4,1,0
2,8,10,2,2,0,4,1,0
2,9,12,4,6,3,2,0,0
2,11,8,2,5,0,2,1,0
2,7,11,2,2,0,4,1,0
2,11,8,4,0,1,4,0,0
0,9,12,4,0,1,4,1,0
2,9,12,2,3,0,4,1,1
5,9,12,2,10,0,2,1,0
2,11,8,4,7,3,4,1,0
2,12,13,2,11,0,4,1,1
4,11,8,2,2,0,4,1,0
2,11,8,0,5,3,4,1,0
2,15,9,2,13,0,1,1,0
2,11,8,3,13,3,4,1,0
2,11,8,0,6,3,4,0,0
2,2,7,4,4,3,4,1,0
4,15,9,2,11,0,4,1,0
2,1,6,2,4,0,4,1,0
2,9,12,4,9,4,3,0,0
2,1,6,4,7,3,1,1,0
2,8,10,2,10,0,4,1,0
4,15,9,2,4,0,4,1,0
2,11,8,2,0,0,4,1,1
2,11,8,4,11,3,4,0,0
2,7,11,2,9,5,4,0,0
1,12,13,4,9,1,4,1,0
2,11,8,0,13,1,4,1,0
2,15,9,4,7,3,4,1,0
1,15,9,4,10,3,4,0,0
2,11,8,2,6,0,4,1,0
2,11,8,0,0,4,4,0,0
2,9,12,2,9,0,4,1,1
1,15,9,2,2,0,4,1,0
2,9,12,4,9,3,4,0,0
2,11,8,4,11,1,4,0,0
2,15,9,6,0,1,4,0,0
2,11,8,2,13,0,4,1,0
2,11,8,0,3,1,4,0,0
2,9,12,0,3,1,4,1,0
2,11,8,2,6,0,4,1,1
2,15,9,2,3,0,4,1,0
2,15,9,2,0,5,4,0,0
1,11,8,2,3,0,2,1,1
2,11,8,4,0,1,4,0,0
4,11,8,2,3,0,4,1,0
2,11,8,2,2,0,4,1,0
0,11,8,4,2,1,4,1,0
2,14,14,4,9,1,4,0,0
2,15,9,4,11,3,2,0,0
2,1,6,4,7,3,4,1,0
4,5,3,6,4,4,4,0,0
2,1,6,4,11,3,2,0,0
2,11,8,2,2,0,4,1,0
2,1,6,4,13,3,4,1,0
2,15,9,4,13,1,4,1,0
2,12,13,2,3,0,1,1,0
2,12,13,2,9,0,4,1,1
2,11,8,0,7,1,2,0,0
2,11,8,2,2,0,3,1,0
0,15,9,0,0,4,2,0,0
2,15,9,4,3,1,4,0,1
2,15,9,4,11,3,4,0,0
2,11,8,4,0,1,4,1,0
2,3,1,4,7,2,4,0,0
2,2,7,4,11,3,4,0,0
2,11,8,4,11,1,4,0,0
2,9,12,2,3,0,4,1,1
2,11,8,4,0,3,4,0,0
2,0,5,2,11,0,4,1,0
2,0,5,2,4,0,4,1,0
0,11,8,0,9,4,1,0,0
3,11,8,2,3,0,4,1,1
2,11,8,4,0,3,4,1,0
2,15,9,0,11,4,4,0,0
4,9,12,2,4,0,4,1,1
2,9,12,4,11,4,4,0,0
2,9,12,2,3,0,4,1,1
2,9,12,4,9,3,1,0,0
2,9,12,4,9,1,4,1,1
2,9,12,2,11,0,4,1,1
2,15,9,0,0,2,4,0,0
2,9,12,2,0,0,1,1,0
5,9,12,2,3,0,4,1,1
5,10,15,2,9,0,4,1,1
2,7,11,0,6,3,4,0,0
2,9,12,2,3,0,4,1,0
4,11,8,6,7,2,2,0,0
2,15,9,4,2,3,4,1,0
0,11,8,2,0,0,4,1,1
4,15,9,2,3,0,4,1,0
2,11,8,2,11,0,4,1,0
2,15,9,0,6,1,4,1,0
2,9,12,4,0,3,4,0,0
2,11,8,0,0,4,4,0,0
2,11,8,2,2,0,4,1,1
3,9,12,4,3,1,4,1,0
2,8,10,2,3,0,4,1,1
2,15,9,4,0,3,4,0,0
4,11,8,2,2,0,4,1,0
1,11,8,2,3,0,4,1,0
2,9,12,2,9,5,4,0,1
2,15,9,2,11,5,4,0,0
1,9,12,5,9,1,4,1,0
2,4,2,2,7,0,1,1,0
2,11,8,5,2,3,2,0,0
2,11,8,2,3,0,4,1,0
2,0,5,4,6,2,1,1,0
2,8,10,4,2,1,4,1,0
2,5,3,4,2,1,4,1,0
2,11,8,2,2,0,2,1,0
4,0,5,2,2,0,4,1,0
2,9,12,4,3,1,2,1,0
2,9,12,3,6,1,1,1,0
2,8,10,0,11,1,0,0,0
2,11,8,4,0,3,4,1,0
2,11,8,0,12,1,4,1,1
5,11,8,2,10,0,4,1,0
2,11,8,2,2,0,4,1,0
2,15,9,0,0,3,4,0,0
2,8,10,2,2,0,4,1,0
2,9,12,2,11,0,4,1,1
0,11,8,0,0,4,2,0,0
5,15,9,4,12,3,4,0,0
2,11,8,2,2,0,4,1,0
2,7,11,2,11,0,2,1,1
0,14,14,0,9,4,4,1,1
2,11,8,2,2,0,4,1,0
2,9,12,0,9,4,4,0,0
2,9,12,4,11,1,4,1,0
2,11,8,2,6,0,4,1,0
2,1,6,4,6,1,4,0,0
2,4,2,0,8,4,4,0,0
2,11,8,2,11,0,4,1,0
2,7,11,4,7,2,4,1,0
4,15,9,0,2,4,4,1,0
2,15,9,2,6,0,4,1,0
2,10,15,2,9,0,4,1,1
4,11,8,4,2,3,4,1,0
2,7,11,4,13,1,4,1,0
4,11,8,2,13,0,4,1,0
2,9,12,2,3,0,1,1,1
4,15,9,2,3,0,4,1,0
1,8,10,2,13,0,4,1,1
2,11,8,0,7,1,4,0,0
4,11,8,2,7,0,4,1,0
2,11,8,2,9,0,4,1,0
2,11,8,2,2,0,4,1,0
2,15,9,2,11,0,4,1,0
4,15,9,2,4,0,4,1,0
2,9,12,4,11,2,4,0,0
2,12,13,0,3,1,4,1,1
2,11,8,0,0,1,4,0,0
2,11,8,2,6,0,4,1,0
2,15,9,2,0,0,4,1,0
2,15,9,4,7,3,4,0,0
4,0,5,2,2,0,4,1,0
1,15,9,2,7,0,4,1,0
2,11,8,2,3,0,4,1,1
2,11,8,0,11,1,4,0,0
2,12,13,0,9,4,4,0,0
2,11,8,2,2,0,4,1,0
2,11,8,2,6,0,4,1,0
2,7,11,2,5,0,4,1,0
0,1,6,0,0,1,4,0,0
2,11,8,2,11,0,4,1,0
2,11,8,2,7,0,1,1,0
4,9,12,2,9,0,4,1,1
2,8,10,0,0,4,4,0,0
2,11,8,2,6,0,4,1,1
2,11,8,2,2,0,4,1,1
2,12,13,4,8,1,4,0,0
0,11,8,0,0,1,4,0,0
2,11,8,2,0,5,4,0,1
2,7,11,4,2,3,2,0,0
2,11,8,2,7,0,4,1,0
2,15,9,0,0,1,4,0,0
4,9,12,2,3,0,4,1,0
1,15,9,2,13,0,4,1,1
2,1,6,0,7,4,4,0,0
2,11,8,2,13,0,4,1,0
3,11,8,2,11,0,4,1,0
2,5,3,0,2,1,4,1,0
2,15,9,2,3,0,4,1,0
2,7,11,4,11,1,2,1,0
2,11,8,4,11,3,4,1,0
1,0,5,2,13,0,4,1,0
2,9,12,6,6,4,4,0,0
2,15,9,6,0,4,4,0,0
3,15,9,2,3,0,4,1,1
2,8,10,2,12,0,4,1,1
2,11,8,4,7,1,1,1,0
5,10,15,2,9,0,4,1,1
2,5,3,0,5,3,4,1,0
2,11,8,5,7,1,4,0,0
3,15,9,2,3,0,4,1,0
4,9,12,6,9,1,4,0,0
4,11,8,2,3,0,4,1,0
2,11,8,2,13,0,4,1,0
4,12,13,4,3,1,4,1,0
2,15,9,2,7,0,4,1,0
2,5,3,4,5,2,4,1,0
0,11,8,4,0,3,2,0,0
2,11,8,2,6,0,4,1,0
1,12,13,4,9,1,4,0,0
5,9,12,2,3,0,4,1,1
2,15,9,2,5,0,4,1,0
2,15,9,2,13,0,4,1,0
2,15,9,4,0,3,2,0,0
1,15,9,4,9,1,2,0,0
2,1,6,2,7,5,4,0,0
2,2,7,0,6,1,4,0,0
4,8,10,2,9,5,4,0,1
0,11,8,2,0,0,4,1,1
2,4,2,4,8,4,4,0,0
2,11,8,2,7,0,4,1,0
2,15,9,4,7,3,4,0,0
3,9,12,2,3,0,4,1,1
2,11,8,2,3,0,4,1,1
3,9,12,2,3,0,4,1,1
2,11,8,4,2,4,4,0,0
2,9,12,2,11,0,4,1,1
2,12,13,2,9,5,4,0,1
2,11,8,2,2,0,4,1,0
2,1,6,4,13,1,4,1,0
2,1,6,4,9,4,4,0,0
2,9,12,2,7,0,1,1,0
1,9,12,0,7,1,4,1,0
1,9,12,2,9,3,4,1,0
2,12,13,2,3,0,4,1,1
2,11,8,2,3,0,4,1,0
1,15,9,2,13,0,2,1,0
2,11,8,4,4,1,4,1,0
4,15,9,4,2,3,4,1,0
2,11,8,4,2,1,4,1,0
1,9,12,0,10,1,2,1,1
2,12,13,2,2,0,4,1,1
2,11,8,4,7,3,4,0,0
2,11,8,2,0,5,4,0,1
2,15,9,4,9,3,4,0,0
2,11,8,6,7,1,4,1,0
2,11,8,2,12,2,4,1,0
2,14,14,4,9,1,4,1,1
2,15,9,2,12,0,4,1,0
2,11,8,0,7,4,4,0,0
2,11,8,4,2,3,4,1,0
2,11,8,2,11,0,4,1,0
2,12,13,0,3,1,4,1,1
2,9,12,2,3,0,4,1,0
2,1,6,2,13,0,4,1,0
3,11,8,2,3,0,4,1,1
2,7,11,2,0,0,4,1,1
1,15,9,2,10,0,4,1,1
5,12,13,2,3,5,4,0,1
2,8,10,4,7,3,4,0,0
2,15,9,4,4,3,4,1,0
2,9,12,2,9,0,4,1,1
2,11,8,0,11,3,4,1,0
2,9,12,0,0,4,4,0,1
2,15,9,4,11,4,2,0,0
2,15,9,2,0,0,4,1,1
2,11,8,4,11,3,4,0,0
2,15,9,4,7,3,4,1,0
3,12,13,2,11,0,4,1,1
1,15,9,2,10,0,4,1,1
3,9,12,2,3,0,4,1,1
2,11,8,2,2,0,4,1,0
2,15,9,4,4,1,4,1,0
2,9,12,4,3,4,2,0,0
4,9,12,2,3,0,4,1,1
2,15,9,4,0,3,2,0,0
2,11,8,4,5,3,4,1,0
2,11,8,4,7,1,4,1,0
2,15,9,2,2,0,4,1,1
4,9,12,4,11,1,4,1,0
5,15,9,4,5,3,4,1,0
4,11,8,0,4,1,4,1,0
2,11,8,6,6,4,4,0,0
2,8,10,4,11,4,2,0,0
2,11,8,2,11,0,4,1,0
2,8,10,2,13,0,4,1,0
2,9,12,4,0,1,4,1,0
1,11,8,0,4,1,4,1,0
3,7,11,4,11,3,4,1,0
0,11,8,0,0,4,4,0,0
2,12,13,2,3,0,4,1,1
2,11,8,4,11,2,2,1,0
3,11,8,2,3,0,4,1,0
1,11,8,2,13,0,4,1,1
2,11,8,6,11,4,4,0,0
2,11,8,2,2,0,4,1,1
2,9,12,4,11,1,4,1,0
2,1,6,2,5,0,4,1,0
5,1,6,0,13,4,4,0,0
2,11,8,4,2,1,4,1,0
2,15,9,4,0,3,2,0,0
2,11,8,2,11,5,4,0,1
2,12,13,4,3,1,3,1,0
2,11,8,4,2,1,4,1,0
2,15,9,0,5,4,4,0,0
5,9,12,2,0,0,4,1,0
2,15,9,4,0,4,2,0,0
2,11,8,2,6,0,4,1,0
2,11,8,6,7,2,4,0,0
2,9,12,4,3,1,4,0,0
2,15,9,0,11,1,4,0,0
2,15,9,2,3,0,4,1,0
2,11,8,2,7,0,1,1,0
2,2,7,4,7,3,4,1,0
0,11,8,2,0,0,4,1,1
4,15,9,2,12,0,4,1,1
0,11,8,2,9,0,4,1,0
2,11,8,4,7,1,4,0,0
2,11,8,2,12,5,2,0,0
1,11,8,2,10,0,4,1,1
2,9,12,4,0,1,4,0,1
2,3,1,4,5,1,4,1,0
2,2,7,3,13,1,2,1,0
2,15,9,4,12,3,4,1,0
2,15,9,4,2,1,4,1,0
2,4,2,5,7,1,4,1,0
0,0,5,0,7,1,4,0,0
4,11,8,2,2,0,4,1,0
2,11,8,4,2,4,4,1,0
2,15,9,0,3,4,4,1,0
2,12,13,2,3,0,4,1,1
4,11,8,6,7,1,4,1,0
2,15,9,4,13,1,4,1,0
2,9,12,4,0,1,4,1,0
2,15,9,3,2,1,4,1,0
2,15,9,4,7,3,2,1,0
2,14,14,2,9,0,4,1,1
2,11,8,2,6,0,2,1,0
0,9,12,2,9,0,4,1,0
2,11,8,4,7,1,4,1,0
2,15,9,0,6,1,4,1,0
0,15,9,4,2,4,0,1,0
2,9,12,4,0,1,4,0,0
2,11,8,2,2,0,4,1,0
2,15,9,2,11,5,4,0,0
2,11,8,4,0,4,4,0,0
2,14,14,2,9,0,4,1,1
2,14,14,4,9,1,4,0,1
2,11,8,6,0,1,2,0,0
2,11,8,4,0,2,4,1,0
2,2,7,0,7,1,4,0,0
2,11,8,4,7,3,4,1,0
4,11,8,2,2,0,4,1,0
2,9,12,4,9,3,4,1,0
2,11,8,2,6,0,4,1,0
2,11,8,4,2,1,4,1,0
2,11,8,0,7,3,4,1,0
2,11,8,2,5,0,2,1,0
2,15,9,4,11,3,4,1,0
2,11,8,2,6,0,4,1,0
1,11,8,4,0,3,2,0,0
2,11,8,1,2,5,2,0,1
2,9,12,4,2,3,4,1,0
2,0,5,2,13,0,4,1,0
1,9,12,2,3,0,4,1,1
4,7,11,2,7,0,4,1,0
2,9,12,2,9,0,4,1,1
2,6,4,2,6,0,4,1,0
2,9,12,2,3,0,1,1,1
2,9,12,2,9,0,4,1,1
2,11,8,2,2,0,4,1,0
4,11,8,2,11,0,4,1,0
2,15,9,2,11,0,4,1,1
2,15,9,4,0,1,4,1,0
4,11,8,2,13,0,4,1,1
2,0,5,2,13,0,4,1,0
2,15,9,4,0,1,4,1,0
2,11,8,4,7,2,4,1,0
2,11,8,5,2,4,4,1,0
2,15,9,0,0,1,4,0,0
2,11,8,0,0,4,4,0,0
2,7,11,2,9,0,4,1,0
2,11,8,4,3,1,4,0,0
2,1,6,2,13,0,4,1,0
2,11,8,0,3,1,4,0,0
5,15,9,2,9,5,2,0,0
2,9,12,2,11,0,4,1,1
1,10,15,0,9,1,4,0,0
2,15,9,0,7,1,4,0,0
2,11,8,0,10,1,2,1,0
2,9,12,2,3,0,4,1,1
3,11,8,2,3,0,4,1,0
0,7,11,4,7,3,4,1,0
4,11,8,2,13,0,4,1,0
2,11,8,2,6,0,4,1,0
1,9,12,0,9,4,4,0,0
2,12,13,4,0,1,4,0,0
2,11,8,2,13,5,4,0,0
2,11,8,4,2,3,4,1,0
3,15,9,2,2,0,4,1,1
2,11,8,4,5,1,4,1,0
2,11,8,2,2,0,4,1,0
2,5,3,2,7,0,4,1,0
5,10,15,2,9,0,4,1,1
2,6,4,4,7,3,4,0,0
2,11,8,4,12,3,1,1,1
4,11,8,2,7,5,4,0,0
2,15,9,4,6,3,4,1,0
2,11,8,2,2,0,4,1,0
2,11,8,0,11,4,4,1,0
2,8,10,0,3,1,4,1,1
3,11,8,2,11,0,4,1,1
2,9,12,0,10,1,4,1,0
2,9,12,2,12,0,4,1,1
2,12,13,0,9,1,4,0,0
4,8,10,4,7,2,4,0,0
2,0,5,4,2,3,4,1,0
2,11,8,2,11,0,1,1,0
1,9,12,4,9,1,4,0,0
2,11,8,2,7,0,4,1,0
2,15,9,4,11,3,4,0,0
3,15,9,2,3,0,4,1,1
2,15,9,2,7,5,4,0,0
4,5,3,0,11,2,4,1,0
2,11,8,0,6,1,2,0,0
2,11,8,2,0,0,4,1,0
2,9,12,0,9,1,4,0,1
2,1,6,4,11,3,4,0,0
4,5,3,2,2,0,4,1,1
2,12,13,2,3,0,4,1,1
1,11,8,6,7,1,4,0,0
2,15,9,4,0,3,4,1,0
2,15,9,2,3,0,4,1,0
2,11,8,2,3,5,1,0,1
2,9,12,2,2,0,4,1,0
1,15,9,2,2,0,2,1,1
0,15,9,2,5,0,4,1,1
4,11,8,0,2,1,4,1,0
2,11,8,5,13,1,1,1,0
2,11,8,4,0,3,4,1,0
2,11,8,2,2,0,4,1,0
2,15,9,4,5,3,4,1,0
3,3,1,2,11,0,4,1,0
1,9,12,4,9,1,4,1,0
3,9,12,2,9,5,4,0,0
2,11,8,0,6,1,4,1,0
2,10,15,2,11,0,4,1,0
2,9,12,4,9,3,2,0,0
2,15,9,5,2,1,4,1,0
4,8,10,4,7,1,4,0,0
2,2,7,6,5,4,4,0,0
3,14,14,2,9,0,4,1,1
2,11,8,4,3,2,4,0,0
2,8,10,0,9,4,4,0,0
2,15,9,2,3,0,4,1,1
2,1,6,2,2,0,4,1,1
2,11,8,2,5,0,4,1,0
2,15,9,4,7,1,4,0,0
4,11,8,0,3,1,4,1,1
2,15,9,4,7,1,4,1,0
2,1,6,4,0,1,4,1,0
3,9,12,2,3,0,4,1,0
5,12,13,2,9,5,1,0,1
2,9,12,4,3,3,4,0,0
4,5,3,2,9,0,4,1,0
0,12,13,2,9,0,4,1,1
2,11,8,4,2,4,2,0,0
2,1,6,2,6,0,4,1,1
3,9,12,2,3,0,4,1,1
2,15,9,2,3,0,4,1,0
4,14,14,2,9,0,4,1,1
2,11,8,0,0,4,4,0,0
1,0,5,2,2,0,4,1,0
4,11,8,2,13,0,4,1,1
2,9,12,4,9,3,1,0,0
2,11,8,6,7,4,2,0,0
0,11,8,6,3,1,4,0,0
1,11,8,2,7,0,4,1,0
2,15,9,2,0,0,4,1,0
2,9,12,2,2,0,4,1,0
2,6,4,5,5,3,4,1,0
2,15,9,2,6,0,1,1,1
2,11,8,0,0,3,4,0,0
2,14,14,4,3,1,4,1,1
2,15,9,2,3,5,4,0,0
2,0,5,4,11,1,4,0,0
2,12,13,4,0,3,4,1,0
2,15,9,2,0,5,4,0,0
2,7,11,0,0,4,4,0,0
2,8,10,2,4,0,4,1,0
2,11,8,2,5,0,4,1,0
2,6,4,4,5,4,2,1,0
2,11,8,3,2,4,4,1,0
2,8,10,4,7,1,4,1,0
2,9,12,2,11,0,4,1,1
2,4,2,2,13,0,4,1,0
2,9,12,4,12,1,1,0,0
2,15,9,6,11,1,4,0,0
0,11,8,0,2,1,4,1,0
2,8,10,4,2,3,4,1,0
2,11,8,4,13,1,4,1,0
2,9,12,2,7,0,4,1,0
2,9,12,2,3,0,2,1,1
2,3,1,2,7,2,2,0,0
4,9,12,0,9,1,4,1,1
2,9,12,0,3,1,4,0,0
2,11,8,0,11,1,4,0,0
2,15,9,2,12,0,4,1,0
2,15,9,4,9,1,2,1,0
2,11,8,0,0,1,4,0,0
2,11,8,2,2,0,4,1,0
2,11,8,2,2,0,4,1,1
2,11,8,4,0,3,2,1,0
0,15,9,0,5,1,1,1,0
2,2,7,4,0,2,2,1,0
2,11,8,5,11,4,2,0,0
2,9,12,2,9,0,4,1,1
3,9,12,0,11,1,4,1,0
2,15,9,2,9,0,4,1,1
1,12,13,0,3,4,4,0,1
2,15,9,2,11,0,4,1,0
0,9,12,4,10,1,4,0,1
2,9,12,3,0,1,4,0,0
2,11,8,2,13,0,4,1,1
2,11,8,4,7,4,4,0,0
2,0,5,2,2,0,4,1,0
2,11,8,2,6,0,4,1,1
2,9,12,4,4,1,4,1,0
2,11,8,2,2,0,4,1,0
2,15,9,2,11,0,4,1,0
2,12,13,2,9,5,4,0,1
3,11,8,2,11,0,4,1,0
2,15,9,4,2,1,4,1,0
2,15,9,4,11,3,2,0,0
2,14,14,2,9,0,4,1,1
3,11,8,0,11,4,1,0,0
2,11,8,4,11,1,4,1,0
2,15,9,4,7,3,4,1,0
2,11,8,4,7,3,4,1,0
0,11,8,4,13,3,4,1,0
4,15,9,2,2,0,4,1,0
2,7,11,4,0,3,4,0,0
1,11,8,4,0,1,4,0,0
3,12,13,4,9,1,4,0,0
3,11,8,2,0,0,4,1,0
2,9,12,0,11,1,4,0,0
4,9,12,2,2,0,4,1,1
2,11,8,2,6,0,4,1,0
1,9,12,4,9,1,4,0,0
0,7,11,2,3,5,4,0,0
2,11,8,4,7,2,4,0,0
2,9,12,2,3,0,4,1,1
2,8,10,2,9,0,4,1,1
2,11,8,2,3,0,4,1,0
2,11,8,4,13,1,4,1,0
1,15,9,4,2,1,4,1,0
4,9,12,2,9,0,4,1,1
3,11,8,2,4,0,4,1,0
4,9,12,4,3,1,4,0,0
4,11,8,0,3,1,1,0,1
2,9,12,2,5,3,4,1,1
2,1,6,4,6,3,2,1,0
2,11,8,0,7,1,4,1,0
2,9,12,2,12,0,4,1,1
2,9,12,4,9,1,4,0,0
4,9,12,2,3,0,4,1,1
2,15,9,4,0,3,4,1,0
2,11,8,2,9,0,4,1,1
2,11,8,2,13,0,4,1,0
2,0,5,4,5,3,4,0,0
2,9,12,4,9,1,4,1,0
5,10,15,2,3,0,4,1,1
2,11,8,2,11,0,4,1,0
2,11,8,4,7,1,4,1,0
2,11,8,2,6,0,2,1,0
2,11,8,2,2,0,4,1,0
2,0,5,2,13,0,4,1,0
5,11,8,0,10,1,4,1,1
2,9,12,4,12,1,4,0,0
2,2,7,0,13,4,4,1,0
2,11,8,2,2,0,4,1,0
2,15,9,4,2,3,4,1,0
2,8,10,2,6,0,4,1,1
2,11,8,2,7,0,4,1,0
3,11,8,2,3,0,4,1,0
2,8,10,2,2,0,4,1,0
4,11,8,4,2,1,4,1,1
2,1,6,2,13,0,4,1,0
2,6,4,4,11,1,4,1,1
2,15,9,2,0,5,0,0,0
5,15,9,2,10,0,4,1,0
1,11,8,2,2,0,4,1,1
3,12,13,2,2,0,4,1,0
2,11,8,4,7,4,2,0,0
2,15,9,0,3,4,4,0,0
2,11,8,4,0,1,4,0,0
4,15,9,4,13,3,4,1,0
2,15,9,4,7,3,4,1,0
2,15,9,5,3,4,2,0,0
2,15,9,4,0,3,4,1,0
2,15,9,4,11,3,4,1,0
2,9,12,4,3,3,4,1,0
2,4,2,4,13,1,4,1,0
2,9,12,4,11,3,4,0,0
2,11,8,2,7,5,4,0,0
2,6,4,4,6,4,4,1,0
1,9,12,2,10,0,4,1,1
2,9,12,4,11,3,4,1,0
2,11,8,2,2,0,4,1,0
1,15,9,2,12,0,4,1,1
2,11,8,2,2,0,4,1,1
4,11,8,4,4,1,4,1,0
1,7,11,4,0,1,2,1,0
2,8,10,2,9,5,4,0,1
5,9,12,2,3,0,4,1,1
1,11,8,2,10,0,4,1,0
2,11,8,4,11,1,4,1,0
0,15,9,2,0,5,4,0,0
2,11,8,2,13,0,4,1,0
2,9,12,5,2,1,4,1,0
2,11,8,0,11,4,4,0,0
1,4,2,4,7,4,3,0,0
2,11,8,2,2,0,4,1,1
2,9,12,4,0,2,1,0,0
2,15,9,0,0,4,4,0,0
0,15,9,2,0,0,4,1,1
2,8,10,0,12,4,4,0,0
2,11,8,2,6,0,4,1,1
0,15,9,0,0,1,4,0,0
2,0,5,4,2,1,4,1,0
2,11,8,4,3,4,4,1,0
2,6,4,2,2,0,4,1,0
2,11,8,0,2,4,4,1,0
2,11,8,4,11,4,4,0,0
2,4,2,4,8,1,4,0,0
5,15,9,0,13,1,4,1,0
2,11,8,4,11,4,2,0,0
2,15,9,6,11,1,4,0,0
2,15,9,4,0,1,1,1,0
4,11,8,2,6,0,4,1,0
2,11,8,4,7,4,2,0,0
4,11,8,2,4,0,4,1,1
2,1,6,2,13,0,4,1,0
4,9,12,2,3,5,4,0,1
3,0,5,4,2,3,4,1,0
2,1,6,3,5,1,4,0,0
2,11,8,2,2,0,4,1,0
4,11,8,2,2,0,4,1,0
2,15,9,5,11,1,4,1,1
2,6,4,4,6,3,4,1,0
2,12,13,4,3,3,4,0,0
2,8,10,4,4,1,4,1,0
2,9,12,2,11,0,4,1,1
2,11,8,4,0,2,4,0,0
1,11,8,4,7,3,4,1,0
2,11,8,2,2,0,4,1,1
2,7,11,2,11,0,4,1,0
2,1,6,6,11,2,4,0,0
3,9,12,2,9,0,4,1,1
2,11,8,4,7,4,2,0,0
2,5,3,2,7,0,1,1,0
1,15,9,2,10,0,4,1,1
3,15,9,2,11,0,4,1,0
4,11,8,2,4,0,4,1,0
1,15,9,2,10,0,4,1,1
2,11,8,6,7,1,4,0,0
0,15,9,2,0,0,4,1,0
2,11,8,0,2,4,4,1,0
1,4,2,2,5,2,4,1,0
1,12,13,2,9,0,4,1,1
4,11,8,4,11,2,4,0,0
2,0,5,2,6,0,4,1,0
2,9,12,4,3,1,4,0,0
2,12,13,4,11,1,4,1,0
4,1,6,0,9,4,2,0,0
4,1,6,2,2,3,4,1,0
2,6,4,4,2,1,3,1,0
2,15,9,4,11,1,1,1,0
4,10,15,4,9,4,4,0,1
3,9,12,2,3,0,4,1,0
2,11,8,2,3,0,4,1,1
2,11,8,4,4,1,4,1,0
2,7,11,2,11,0,4,1,0
2,14,14,3,9,4,4,1,0
2,11,8,2,6,0,4,1,0
2,15,9,0,0,1,4,0,0
5,11,8,6,0,1,4,0,0
2,11,8,0,0,1,4,1,0
2,15,9,0,3,2,4,1,0
1,9,12,4,3,1,4,0,0
1,11,8,2,3,0,4,1,0
2,12,13,2,3,0,4,1,1
2,0,5,6,13,1,4,0,0
2,11,8,2,2,0,4,1,0
2,4,2,2,6,0,1,1,0
3,14,14,4,9,1,4,1,1
2,12,13,2,9,0,4,1,1
2,15,9,4,7,3,4,1,0
1,9,12,2,3,0,2,1,1
2,15,9,2,7,5,4,0,0
5,12,13,2,9,0,4,1,0
4,9,12,2,4,0,4,1,0
2,1,6,4,11,3,4,1,0
2,9,12,4,3,3,4,0,0
2,11,8,2,11,0,4,1,1
2,11,8,4,13,3,4,1,0
4,15,9,2,11,0,4,1,1
2,9,12,2,12,0,4,1,1
2,11,8,0,0,4,4,0,0
2,11,8,2,2,0,4,1,1
2,9,12,4,3,1,4,1,1
4,9,12,3,3,1,4,1,0
2,15,9,6,0,1,4,0,0
2,15,9,2,2,0,4,1,0
2,11,8,4,2,4,4,1,0
0,15,9,2,2,0,4,1,1
2,9,12,4,3,3,4,0,0
5,11,8,2,2,0,2,1,0
2,1,6,2,7,5,4,0,0
0,11,8,4,1,1,4,1,0
2,9,12,4,0,3,4,0,0
2,11,8,4,11,3,4,0,0
2,9,12,2,3,0,4,1,1
2,11,8,0,0,1,4,0,0
2,15,9,4,7,1,4,0,0
2,15,9,2,13,0,4,1,0
2,11,8,2,6,0,4,1,0
2,9,12,4,9,3,4,1,1
1,15,9,2,10,0,4,1,1
2,7,11,2,5,0,4,1,0
5,15,9,2,2,0,4,1,1
2,15,9,2,2,0,4,1,1
2,9,12,4,3,1,4,1,0
2,8,10,4,7,3,2,0,0
1,8,10,4,0,3,4,0,0
2,11,8,2,11,5,4,0,0
2,15,9,0,3,4,4,0,0
5,12,13,4,9,1,4,1,0
1,9,12,4,9,1,4,1,0
2,7,11,2,11,0,4,1,0
2,9,12,4,3,1,4,1,0
2,11,8,2,7,3,4,1,0
2,5,3,2,10,0,4,1,0
0,11,8,0,3,1,3,0,0
2,15,9,2,3,5,4,0,1
2,9,12,2,0,5,4,0,0
2,8,10,4,6,4,4,0,0
5,15,9,2,6,0,2,1,1
2,11,8,4,5,1,4,0,0
4,12,13,2,3,0,4,1,1
1,11,8,0,12,1,2,0,0
4,9,12,2,11,5,4,0,1
2,7,11,4,11,3,4,0,0
2,11,8,4,5,3,4,1,0
2,11,8,2,0,5,4,0,1
2,12,13,2,3,0,4,1,1
2,15,9,0,12,1,4,0,0
4,9,12,2,3,0,4,1,1
2,11,8,4,2,1,4,1,0
2,11,8,0,5,4,4,1,0
1,12,13,2,9,0,4,1,1
2,1,6,2,3,0,4,1,0
4,15,9,4,2,3,4,1,0
2,15,9,6,2,4,4,0,0
2,11,8,4,0,1,4,0,0
2,9,12,0,2,4,4,0,0
2,9,12,2,9,0,4,1,1
2,15,9,4,0,1,4,0,0
2,11,8,2,7,0,2,1,1
1,12,13,4,9,3,4,0,0
4,6,4,2,2,0,4,1,0
2,11,8,4,3,1,4,0,0
2,11,8,0,11,1,4,0,0
4,11,8,2,3,0,4,1,0
4,11,8,2,9,0,4,1,0
0,15,9,2,0,0,2,1,0
0,9,12,0,9,4,2,0,0
2,11,8,2,13,0,4,1,1
2,12,13,6,12,4,1,0,0
2,11,8,2,11,0,4,1,1
2,7,11,2,3,0,4,1,1
2,11,8,4,0,1,4,0,0
2,15,9,2,2,0,4,1,0
4,15,9,0,7,4,4,0,0
2,15,9,2,9,0,4,1,1
2,0,5,2,5,0,4,1,0
2,12,13,0,11,1,4,1,0
2,11,8,2,3,0,4,1,1
2,9,12,4,3,1,4,1,0
2,11,8,2,12,0,4,1,1
2,15,9,0,0,4,3,0,0
5,11,8,2,0,5,1,0,0
2,0,5,5,11,4,4,0,0
2,11,8,4,2,1,4,1,0
2,11,8,4,3,3,2,0,0
2,11,8,2,2,0,4,1,0
4,11,8,0,7,1,4,0,0
1,8,10,6,0,1,4,0,0
2,9,12,4,9,3,4,1,0
1,12,13,0,0,1,4,0,0
2,8,10,4,3,1,4,1,1
2,15,9,2,12,0,4,1,0
5,14,14,0,9,4,4,0,0
2,1,6,4,7,3,0,0,0
2,4,2,2,13,0,4,1,0
2,2,7,0,13,3,4,1,0
2,5,3,4,0,3,4,1,0
2,6,4,2,5,0,2,1,0
2,9,12,4,3,1,4,1,1
2,11,8,0,5,1,2,0,0
5,14,14,2,9,0,4,1,1
5,15,9,4,0,4,2,0,0
2,11,8,4,3,1,4,1,0
1,15,9,3,0,4,2,0,0
2,15,9,2,2,0,0,1,0
0,15,9,2,13,0,4,1,1
2,11,8,2,2,0,4,1,0
4,14,14,4,9,3,4,1,0
2,15,9,0,9,1,4,1,1
2,9,12,4,9,1,4,0,1
3,9,12,2,3,5,4,0,1
2,15,9,4,0,3,1,0,0
2,11,8,2,3,0,4,1,1
2,11,8,4,0,1,4,1,0
2,12,13,0,3,1,4,0,0
2,11,8,0,2,1,4,1,0
2,15,9,2,13,0,4,1,0
2,9,12,4,11,1,4,1,0
2,10,15,2,3,5,4,0,1
2,8,10,4,0,1,1,0,0
2,11,8,0,0,4,4,0,0
2,11,8,4,0,1,4,0,0
2,15,9,4,0,3,4,0,0
0,9,12,2,10,0,4,1,1
2,15,9,4,2,1,2,1,0
2,8,10,5,9,4,4,0,0
2,9,12,2,9,0,4,1,1
2,9,12,2,0,0,4,1,1
2,11,8,2,2,3,1,1,0
1,11,8,2,10,0,4,1,0
1,8,10,0,3,4,4,0,0
2,1,6,2,13,0,4,1,0
2,9,12,4,9,1,4,1,0
2,11,8,0,7,4,4,0,0
1,15,9,0,0,1,4,0,0
2,11,8,4,0,1,4,1,0
2,11,8,2,2,0,4,1,1
2,12,13,2,9,0,4,1,1
5,11,8,2,13,0,0,1,0
2,1,6,2,13,0,4,1,0
2,15,9,2,6,0,4,1,0
2,11,8,2,9,0,4,1,0
2,12,13,2,3,5,4,0,1
2,11,8,0,11,4,4,0,0
4,8,10,5,3,1,4,1,0
2,9,12,4,11,1,4,0,0
2,4,2,2,2,0,4,1,0
2,8,10,2,0,5,2,0,1
1,9,12,4,11,3,4,0,0
2,7,11,4,0,1,4,0,0
2,0,5,4,2,2,4,1,0
2,11,8,2,11,0,4,1,1
2,11,8,4,7,4,4,0,0
2,9,12,2,3,0,2,1,1
0,9,12,0,12,4,2,0,0
2,11,8,2,2,0,4,1,1
2,9,12,2,13,0,4,1,1
2,11,8,2,0,0,4,1,0
2,11,8,4,2,1,4,1,0
2,11,8,2,0,0,4,1,0
2,8,10,2,11,0,4,1,1
4,12,13,6,7,1,4,0,0
2,8,10,2,2,0,4,1,0
2,15,9,4,11,3,4,0,0
2,11,8,0,6,1,4,1,0
2,11,8,0,10,1,4,1,0
2,9,12,4,9,1,4,0,0
2,11,8,6,7,1,4,0,0
2,15,9,2,9,0,4,1,0
4,0,5,2,2,0,4,1,0
2,11,8,4,7,1,4,0,0
4,0,5,2,11,0,4,1,1
2,9,12,5,9,4,1,0,1
2,15,9,4,0,4,4,0,0
2,9,12,2,3,0,4,1,1
2,11,8,0,2,1,4,1,0
2,15,9,2,7,0,4,1,0
2,12,13,0,9,1,4,0,1
2,12,13,2,3,0,4,1,1
2,1,6,6,6,1,4,0,0
2,15,9,0,0,4,2,0,0
2,8,10,4,12,1,4,1,0
2,9,12,2,9,0,4,1,1
2,11,8,2,11,0,4,1,0
2,8,10,0,11,4,4,0,0
3,11,8,2,0,5,4,0,1
3,12,13,2,7,0,4,1,0
1,1,6,2,13,0,4,1,0
2,11,8,4,5,1,4,1,0
2,11,8,2,13,0,4,1,0
4,15,9,2,11,0,4,1,1
2,15,9,4,12,1,4,0,0
3,11,8,2,4,0,4,1,1
0,12,13,2,10,0,4,1,1
2,11,8,4,2,1,2,1,0
2,9,12,2,12,0,4,1,0
2,15,9,4,7,3,4,0,0
5,15,9,2,0,5,4,0,0
2,15,9,4,11,3,4,0,0
2,9,12,2,3,0,4,1,0
2,11,8,2,13,0,4,1,0
2,15,9,6,8,4,4,0,0
3,6,4,4,11,3,4,0,0
2,11,8,0,2,1,4,1,0
2,0,5,2,3,5,4,0,0
2,10,15,2,9,0,4,1,1
2,9,12,2,12,0,4,1,1
2,11,8,2,11,0,4,1,0
2,8,10,2,6,0,4,1,1
3,15,9,2,11,0,4,1,1
2,15,9,4,0,3,4,1,0
2,11,8,4,7,3,4,0,0
2,9,12,4,5,2,4,1,0
2,8,10,0,2,3,4,1,0
2,7,11,2,11,0,2,1,0
2,15,9,2,0,5,4,0,1
0,15,9,2,10,0,2,1,0
2,11,8,2,6,0,2,1,1
2,3,1,0,2,1,3,1,0
2,9,12,2,0,5,4,0,0
1,5,3,2,13,0,4,1,0
2,15,9,4,0,3,4,0,0
2,9,12,2,0,0,1,1,1
4,5,3,2,4,0,4,1,0
2,9,12,2,10,0,4,1,0
2,15,9,4,3,3,4,1,0
2,15,9,2,5,0,4,1,0
2,11,8,0,0,1,4,0,0
2,12,13,4,7,3,4,0,0
2,4,2,2,7,0,2,1,0
2,9,12,0,3,1,4,0,1
0,4,2,4,2,1,4,1,0
2,1,6,4,13,3,4,1,0
2,15,9,2,2,0,4,1,1
2,11,8,2,13,0,4,1,0
1,11,8,2,7,0,0,1,0
2,15,9,2,13,0,4,1,0
2,7,11,0,9,4,4,0,0
3,11,8,2,3,0,4,1,1
2,9,12,4,9,1,2,1,0
5,12,13,2,9,0,4,1,0
2,9,12,4,9,3,4,0,0
2,4,2,3,4,1,4,1,0
2,8,10,2,0,0,4,1,0
2,4,2,2,4,2,4,0,0
2,9,12,4,11,1,4,0,0
4,8,10,2,2,0,4,1,0
2,9,12,2,0,0,4,1,1
2,11,8,0,10,1,4,1,0
2,11,8,2,0,0,4,1,0
4,15,9,2,4,0,4,1,0
2,11,8,2,13,0,4,1,1
2,5,3,4,7,3,4,0,0
0,15,9,6,3,4,0,0,0
2,15,9,2,7,0,4,1,1
2,15,9,4,11,3,4,0,0
3,15,9,2,3,0,1,1,0
2,9,12,2,9,0,4,1,0
2,15,9,2,3,0,4,1,1
1,15,9,2,13,0,4,1,0
3,10,15,5,9,1,4,1,0
2,9,12,2,3,0,4,1,1
2,9,12,4,2,1,4,1,0
2,8,10,2,11,0,4,1,0
2,0,5,5,6,3,4,1,0
2,11,8,2,7,5,2,0,0
5,10,15,2,9,0,4,1,1
2,6,4,2,5,0,2,1,0
2,11,8,2,11,0,4,1,1
2,11,8,2,7,0,4,1,0
4,12,13,2,2,0,4,1,1
2,14,14,2,9,5,4,0,1
2,15,9,0,0,1,4,1,0
2,9,12,0,7,1,4,0,0
2,7,11,4,10,1,4,1,0
2,2,7,6,11,4,4,0,0
2,11,8,2,3,0,4,1,1
2,15,9,4,7,3,4,1,0
1,12,13,2,9,0,4,1,1
2,11,8,4,11,1,4,1,0
5,12,13,2,9,0,4,1,1
2,9,12,2,11,0,2,1,0
2,14,14,2,9,5,4,0,0
2,9,12,4,0,1,4,0,0
2,11,8,4,5,1,4,1,0
2,11,8,4,5,1,4,1,0
2,11,8,2,6,0,2,1,1
2,1,6,2,2,0,4,1,0
2,11,8,4,11,3,4,0,0
2,4,2,4,7,2,4,1,0
2,8,10,2,13,0,4,1,0
2,11,8,4,7,3,2,0,0
2,11,8,2,13,0,4,1,0
2,11,8,2,2,0,4,1,1
2,11,8,5,7,1,4,0,0
2,11,8,2,11,5,4,0,0
2,9,12,2,11,0,4,1,0
1,15,9,3,2,2,4,1,0
2,9,12,4,7,1,4,0,0
1,12,13,0,9,1,4,0,0
4,11,8,2,4,0,4,1,0
2,11,8,4,6,1,4,0,0
2,11,8,4,9,1,4,0,0
5,10,15,2,9,0,4,1,1
3,11,8,2,3,0,4,1,1
2,9,12,2,0,0,4,1,1
2,9,12,4,9,3,4,0,1
2,9,12,4,9,3,4,0,0
2,15,9,0,0,4,4,0,0
2,15,9,2,13,0,4,1,0
2,12,13,2,3,0,4,1,1
2,11,8,2,2,0,4,1,0
5,9,12,2,3,0,4,1,1
2,15,9,2,13,0,4,1,0
2,12,13,2,9,0,4,1,1
2,8,10,2,2,0,4,1,0
2,7,11,2,11,0,4,1,0
2,8,10,0,9,1,4,1,1
2,3,1,2,4,0,4,1,0
2,9,12,4,12,1,4,1,0
2,11,8,4,11,3,2,0,0
2,15,9,4,10,3,4,1,0
2,11,8,4,13,3,4,1,0
2,9,12,2,12,0,4,1,1
2,11,8,0,8,4,2,0,0
2,9,12,4,11,1,4,1,0
2,4,2,2,6,0,4,1,0
0,9,12,4,9,1,4,0,0
3,5,3,2,3,0,4,1,0
2,1,6,4,5,1,2,1,0
2,1,6,2,6,0,4,1,0
1,15,9,0,0,1,4,0,0
2,15,9,0,0,1,4,0,1
2,10,15,2,3,0,4,1,1
2,2,7,2,13,0,4,1,1
2,15,9,4,0,1,2,0,0
4,9,12,0,7,4,1,0,1
2,15,9,4,0,3,4,0,0
2,11,8,2,6,5,4,0,0
2,9,12,4,0,1,4,0,0
2,11,8,2,6,0,1,1,0
0,15,9,5,0,4,2,0,0
2,15,9,4,3,4,2,0,0
2,1,6,4,6,1,4,1,0
2,11,8,4,0,1,4,0,0
2,15,9,4,11,3,4,0,0
3,12,13,4,13,3,4,1,0
0,11,8,2,0,5,4,0,0
2,15,9,2,11,0,4,1,0
2,11,8,2,2,0,4,1,0
2,12,13,4,9,1,4,0,0
2,11,8,0,11,1,4,0,0
2,11,8,4,7,1,4,0,0
2,11,8,2,2,0,4,1,0
2,13,0,4,4,1,4,1,0
2,11,8,0,11,1,4,0,0
4,15,9,2,7,5,4,0,0
2,8,10,5,7,1,4,1,0
2,15,9,2,12,0,4,1,0
2,15,9,4,0,1,4,0,0
2,0,5,0,6,1,2,0,0
1,15,9,6,0,1,4,0,0
1,9,12,2,9,5,4,0,1
2,9,12,2,0,0,4,1,1
2,11,8,5,3,1,4,1,1
2,9,12,2,11,0,4,1,0
2,9,12,4,7,1,4,1,0
1,12,13,2,9,0,4,1,1
2,11,8,4,11,1,4,0,0
3,7,11,2,11,0,4,1,1
2,9,12,4,12,1,4,1,0
2,15,9,4,2,3,4,1,0
2,11,8,2,0,5,4,0,0
2,11,8,4,9,2,4,0,0
1,8,10,2,3,0,4,1,1
2,9,12,6,7,1,4,0,0
1,9,12,2,10,0,4,1,1
2,11,8,4,2,1,4,1,0
2,9,12,2,11,0,4,1,1
2,11,8,0,11,1,4,0,0
2,9,12,2,11,0,4,1,1
2,8,10,2,9,0,4,1,0
2,1,6,2,2,0,4,1,0
2,11,8,2,3,0,4,1,1
2,15,9,4,12,3,4,1,0
2,9,12,4,0,1,4,0,0
4,9,12,2,11,0,4,1,0
4,8,10,2,7,0,4,1,0
3,9,12,0,11,1,4,1,1
4,7,11,2,11,0,4,1,1
3,15,9,0,11,3,4,1,1
2,5,3,2,13,0,2,1,0
1,12,13,2,9,0,4,1,1
2,1,6,2,6,0,4,1,0
2,8,10,2,0,0,4,1,0
2,15,9,2,9,0,4,1,0
0,11,8,0,2,4,4,1,0
2,0,5,6,7,1,2,0,0
2,11,8,2,2,0,4,1,0
2,15,9,2,9,0,4,1,0
2,8,10,6,2,1,4,0,0
2,15,9,0,3,1,4,1,1
2,9,12,2,3,0,4,1,0
2,9,12,2,11,0,4,1,1
5,15,9,2,0,0,4,1,0
4,10,15,2,9,0,4,1,0
2,15,9,2,6,0,4,1,1
2,9,12,4,7,3,4,1,0
3,15,9,2,3,0,4,1,1
2,4,2,5,0,2,4,1,0
0,9,12,0,12,1,0,1,0
2,9,12,4,3,1,4,0,1
2,1,6,2,7,0,2,1,1
0,11,8,4,0,2,4,0,0
2,11,8,2,6,0,4,1,0
2,9,12,2,9,0,4,1,0
2,11,8,2,13,0,4,1,0
2,11,8,2,2,0,4,1,0
4,10,15,4,9,1,4,1,1
2,11,8,2,7,0,4,1,0
2,15,9,2,7,5,4,0,1
1,9,12,2,9,5,4,0,1
2,1,6,4,7,3,4,1,0
1,12,13,4,9,3,2,0,0
2,15,9,2,2,0,4,1,0
0,7,11,2,0,0,4,1,0
4,9,12,2,3,0,2,1,0
2,9,12,4,11,3,4,1,1
2,11,8,5,5,1,4,0,0
2,15,9,4,11,1,4,0,0
2,11,8,4,7,1,4,0,0
2,11,8,0,2,1,4,1,0
2,9,12,2,9,0,4,1,1
2,9,12,2,3,0,4,1,1
2,5,3,5,4,1,2,1,0
2,15,9,4,4,3,4,1,0
2,11,8,2,2,0,4,1,0
1,11,8,2,13,0,4,1,1
2,11,8,0,7,2,2,0,0
5,9,12,4,9,1,4,1,0
2,15,9,4,11,1,4,1,0
2,4,2,5,6,1,4,0,0
2,11,8,2,11,0,4,1,0
2,9,12,4,9,1,4,0,0
2,9,12,4,0,1,4,0,0
4,11,8,2,4,0,1,1,0
2,11,8,4,6,3,4,1,0
2,9,12,2,3,0,4,1,0
2,1,6,4,7,1,4,1,0
2,6,4,4,5,3,2,0,0
2,15,9,4,2,3,4,1,0
2,8,10,4,11,3,1,1,0
2,11,8,4,11,4,2,0,0
2,15,9,2,3,0,4,1,1
2,12,13,2,3,0,4,1,1
2,15,9,4,3,3,2,1,0
2,7,11,2,7,0,4,1,0
2,12,13,0,3,1,4,1,1
2,11,8,2,8,5,4,0,0
5,11,8,4,7,3,4,1,0
2,15,9,6,7,1,4,0,0
2,8,10,0,13,1,4,1,0
2,5,3,2,7,2,1,0,0
2,0,5,0,2,4,4,1,0
0,15,9,2,9,5,4,0,1
2,0,5,4,6,4,2,0,0
2,15,9,2,12,0,4,1,0
2,8,10,2,6,0,4,1,0
2,11,8,4,5,3,4,1,0
2,10,15,4,9,1,4,0,1
2,8,10,4,7,1,4,1,0
2,15,9,4,6,3,4,1,0
2,11,8,4,7,2,2,1,0
2,15,9,4,0,3,4,1,0
5,9,12,4,10,1,2,1,0
4,15,9,4,2,3,4,1,0
2,8,10,4,0,1,4,1,1
2,9,12,4,2,1,0,1,0
2,9,12,2,0,5,4,0,0
2,11,8,4,7,1,4,0,0
2,9,12,4,9,3,4,0,0
4,11,8,4,7,1,4,1,0
2,11,8,4,6,1,4,1,0
2,11,8,2,3,0,4,1,0
2,9,12,4,11,3,4,0,0
2,15,9,2,3,5,4,0,0
2,11,8,2,7,0,1,1,0
2,7,11,0,11,4,4,0,0
2,11,8,4,0,1,4,1,0
3,9,12,2,3,0,4,1,1
2,8,10,0,9,4,4,0,0
5,14,14,4,9,1,4,1,0
2,15,9,2,11,5,2,0,0
0,15,9,2,0,0,4,1,1
2,11,8,2,11,0,4,1,1
5,9,12,4,9,2,4,1,0
2,11,8,2,13,0,4,1,1
4,11,8,0,3,4,4,1,0
2,11,8,4,0,1,4,0,0
2,9,12,2,7,5,4,0,0
2,11,8,4,5,3,4,1,0
2,15,9,4,11,1,4,0,0
2,15,9,2,6,0,4,1,0
2,2,7,0,2,1,4,1,0
2,8,10,2,12,5,4,0,1
2,11,8,0,6,3,4,1,0
4,15,9,0,7,1,4,1,0
2,6,4,2,6,5,4,0,0
2,11,8,2,0,0,4,1,0
2,9,12,2,9,0,4,1,1
2,11,8,4,11,4,2,0,0
2,9,12,2,10,0,4,1,1
2,12,13,2,3,0,4,1,1
2,11,8,4,2,1,4,1,0
2,11,8,5,6,1,2,1,0
2,12,13,4,3,1,4,0,1
2,15,9,2,2,0,4,1,0
2,9,12,0,3,1,4,0,1
2,9,12,4,3,1,4,1,1
0,9,12,2,2,0,4,1,0
2,6,4,2,2,0,4,1,0
1,15,9,4,9,2,4,0,0
2,11,8,0,7,4,2,0,0
2,15,9,4,5,3,2,1,0
5,15,9,2,9,5,4,0,0
2,11,8,6,0,1,4,0,0
2,11,8,2,0,5,4,0,0
2,11,8,4,11,3,2,1,0
2,8,10,4,9,1,4,0,0
2,9,12,2,12,0,4,1,1
2,11,8,4,2,1,0,1,0
2,11,8,4,7,4,2,0,0
2,15,9,2,2,0,4,1,1
3,10,15,2,9,0,4,1,1
2,7,11,2,11,0,4,1,0
2,11,8,4,13,3,2,1,0
2,1,6,0,13,1,4,1,0
4,9,12,2,4,0,4,1,0
1,15,9,5,10,1,4,1,1
2,15,9,4,0,1,4,1,0
2,7,11,4,0,3,4,0,0
2,11,8,0,6,1,4,0,0
2,7,11,2,11,5,4,0,0
2,9,12,2,9,0,4,1,1
2,5,3,2,2,0,4,1,0
2,1,6,3,5,1,4,1,0
2,11,8,2,13,0,4,1,0
2,11,8,4,7,3,4,1,0
4,7,11,2,11,0,4,1,1
2,11,8,2,13,0,4,1,0
2,11,8,2,0,0,4,1,0
2,11,8,0,3,4,4,0,0
2,15,9,4,6,3,4,1,0
2,6,4,4,7,4,2,0,0
2,11,8,0,0,4,4,0,0
2,12,13,4,11,1,4,0,0
2,11,8,0,6,4,4,1,0
2,15,9,4,9,1,4,1,0
2,15,9,2,6,0,2,1,1
2,11,8,4,0,2,4,0,0
5,10,15,2,9,0,4,1,1
2,15,9,6,0,2,4,0,0
2,9,12,2,3,0,4,1,1
2,15,9,4,5,1,4,1,0
2,10,15,0,3,1,4,0,1
2,11,8,4,2,1,4,1,0
2,12,13,4,3,1,2,1,0
2,15,9,4,11,1,4,1,0
2,15,9,2,3,0,4,1,0
2,9,12,4,3,1,4,0,0
4,11,8,0,2,4,4,1,0
2,11,8,4,7,3,4,0,0
2,11,8,4,7,3,2,0,0
2,9,12,2,9,0,4,1,1
2,0,5,4,6,4,4,0,0
2,11,8,4,7,3,4,1,0
2,15,9,6,11,4,2,0,0
2,9,12,4,9,1,2,1,0
2,9,12,4,9,1,4,1,0
2,12,13,2,11,0,4,1,1
2,4,2,4,6,1,4,1,0
2,1,6,4,11,3,4,0,0
4,12,13,2,12,0,4,1,1
2,8,10,4,0,1,4,0,0
2,12,13,2,3,0,4,1,1
5,11,8,4,2,4,4,1,0
4,9,12,3,9,1,4,0,1
2,11,8,2,2,5,4,0,0
0,11,8,4,0,3,4,0,0
2,15,9,4,6,1,4,1,0
2,11,8,6,13,4,4,1,0
2,1,6,5,6,1,2,1,0
2,11,8,4,7,1,2,0,0
2,11,8,2,13,0,4,1,0
0,15,9,4,0,1,2,1,0
2,11,8,2,2,0,4,1,0
2,9,12,6,12,4,4,0,0
2,4,2,2,7,2,4,1,0
2,8,10,2,12,0,4,1,0
2,9,12,1,9,5,4,0,1
2,11,8,2,2,0,4,1,0
2,15,9,4,9,1,4,0,0
4,14,14,4,9,1,4,1,0
3,11,8,2,3,0,4,1,1
2,11,8,2,6,0,4,1,1
1,11,8,2,13,0,4,1,0
1,15,9,2,10,0,4,1,0
2,1,6,4,11,3,4,0,0
4,15,9,4,2,3,4,1,0
4,11,8,0,3,1,4,1,0
2,11,8,2,2,0,4,1,0
2,15,9,6,9,1,4,0,0
2,11,8,4,7,4,4,1,0
2,6,4,2,6,0,4,1,0
2,11,8,2,0,0,4,1,1
2,12,13,2,9,0,4,1,1
2,11,8,2,2,0,4,1,0
2,12,13,2,3,0,4,1,1
1,11,8,2,13,0,4,1,0
2,11,8,4,0,1,4,0,0
1,12,13,6,3,4,2,0,0
2,11,8,4,4,3,4,1,0
2,9,12,2,3,0,4,1,1
2,1,6,0,13,3,4,1,0
2,8,10,2,11,0,4,1,0
5,15,9,4,0,3,4,1,0
2,15,9,0,13,4,4,1,0
2,11,8,0,2,4,4,1,0
1,11,8,5,0,4,4,0,0
2,15,9,4,6,4,1,1,0
1,11,8,2,10,0,4,1,0
2,11,8,4,6,1,4,1,0
2,8,10,0,9,4,4,0,0
2,12,13,2,3,0,4,1,1
1,7,11,2,10,0,4,1,1
2,8,10,4,12,1,4,0,0
5,11,8,4,2,1,4,1,0
2,9,12,2,3,0,4,1,1
2,11,8,4,2,1,4,1,0
4,7,11,0,13,4,2,0,0
2,9,12,2,3,0,4,1,1
2,9,12,4,6,4,2,0,0
2,11,8,5,6,1,4,1,0
2,0,5,4,7,3,4,1,0
3,9,12,2,3,0,4,1,1
2,15,9,4,6,1,4,1,0
2,11,8,4,5,3,4,1,0
2,11,8,2,3,5,4,0,0
2,15,9,4,11,1,4,0,0
2,15,9,2,13,0,2,1,1
2,15,9,2,0,0,4,1,0
2,9,12,0,3,4,4,0,0
2,7,11,0,11,4,4,0,0
2,9,12,2,11,0,4,1,1
2,10,15,2,9,0,4,1,1
2,11,8,4,6,2,4,0,0
2,8,10,0,0,1,4,1,0
2,0,5,0,6,1,4,0,0
4,9,12,0,9,1,4,1,0
2,11,8,0,6,1,4,1,0
2,11,8,2,6,0,1,1,0
2,11,8,2,9,3,4,0,0
2,9,12,4,0,3,4,1,0
0,8,10,0,12,1,4,1,0
2,11,8,2,2,0,4,1,1
2,14,14,2,9,0,4,1,0
2,11,8,4,7,3,4,0,0
4,9,12,2,3,5,4,0,1
2,11,8,0,7,1,4,0,0
2,15,9,4,0,1,4,0,0
2,11,8,2,2,0,4,1,1
4,15,9,4,7,3,4,0,0
2,6,4,0,0,1,4,1,0
2,15,9,4,0,1,4,1,0
2,9,12,2,9,0,4,1,1
1,9,12,6,9,1,4,0,0
2,11,8,4,6,4,2,0,0
3,15,9,2,3,0,1,1,1
2,2,7,3,7,1,2,0,0
2,8,10,2,3,5,4,0,1
1,11,8,6,3,2,4,0,0
2,1,6,4,13,3,4,1,0
2,11,8,2,2,0,4,1,1
5,9,12,2,3,5,4,0,0
2,15,9,2,3,5,4,0,1
2,11,8,0,6,1,4,1,0
2,11,8,0,8,4,2,0,0
4,14,14,2,9,0,4,1,0
2,11,8,4,3,4,4,0,0
2,9,12,2,9,0,4,1,1
2,9,12,2,3,0,4,1,1
2,11,8,0,6,1,4,1,0
4,11,8,2,4,0,4,1,0
3,11,8,2,13,0,4,1,0
2,14,14,2,9,0,4,1,1
2,9,12,2,9,0,4,1,1
2,10,15,2,9,0,4,1,1
0,11,8,4,0,1,4,1,0
5,15,9,4,0,3,4,0,0
2,11,8,2,0,5,2,0,0
2,9,12,4,9,3,4,1,0
2,11,8,2,4,0,4,1,0
2,15,9,0,7,4,4,0,0
2,11,8,2,11,0,4,1,1
2,9,12,4,11,1,4,1,1
5,15,9,4,10,1,4,1,0
0,11,8,2,2,0,4,1,1
5,15,9,2,3,0,4,1,0
2,15,9,0,0,4,4,0,0
2,9,12,2,3,0,4,1,1
2,15,9,4,11,1,4,1,0
2,11,8,4,3,3,4,0,0
4,9,12,2,11,0,4,1,0
2,11,8,4,2,3,4,1,0
2,15,9,0,11,4,4,0,1
2,9,12,4,3,1,4,1,0
2,11,8,2,5,0,4,1,0
2,1,6,4,7,3,0,1,0
3,15,9,2,9,5,4,0,1
2,9,12,4,11,1,4,1,0
2,15,9,4,7,3,4,1,0
6,11,8,4,2,3,2,1,0
2,11,8,0,7,4,4,0,0
2,15,9,2,9,0,4,1,0
2,15,9,4,3,1,2,1,0
2,11,8,2,3,5,4,0,1
2,11,8,5,13,4,2,0,0
4,0,5,4,2,1,4,1,0
3,15,9,0,3,1,4,1,0
2,9,12,2,2,0,4,1,1
2,15,9,4,3,3,2,1,0
2,11,8,6,11,1,4,0,0
3,12,13,2,11,0,4,1,1
2,2,7,3,5,1,3,1,0
2,11,8,2,6,0,2,1,0
2,9,12,2,9,0,4,1,0
2,12,13,2,3,0,4,1,1
2,9,12,2,7,5,4,0,0
2,14,14,2,3,0,4,1,1
2,15,9,4,11,3,4,1,0
2,11,8,2,7,0,4,1,1
2,12,13,2,11,0,4,1,1
2,6,4,2,4,5,4,0,0
2,9,12,2,9,0,4,1,1
2,11,8,2,2,0,2,1,0
3,9,12,2,11,0,4,1,1
1,9,12,4,12,1,2,1,1
2,9,12,4,0,3,4,0,0
3,11,8,2,11,0,4,1,1
0,15,9,2,10,0,4,1,0
5,1,6,6,7,4,4,0,1
2,11,8,2,4,0,4,1,0
2,11,8,3,12,3,2,1,0
2,11,8,5,2,4,4,1,0
0,15,9,2,3,0,4,1,0
2,11,8,0,0,1,4,0,0
2,5,3,2,13,0,4,1,0
2,15,9,2,11,0,4,1,0
4,14,14,2,9,0,4,1,1
1,9,12,2,9,5,4,0,1
2,1,6,2,2,0,4,1,0
2,9,12,2,3,5,4,0,1
2,15,9,4,0,1,4,0,0
2,7,11,5,7,4,2,0,0
0,15,9,0,0,4,4,0,0
2,7,11,2,9,5,2,0,1
2,11,8,4,12,4,2,0,0
3,11,8,0,2,1,4,1,0
2,12,13,4,9,1,2,1,0
2,9,12,2,3,0,4,1,1
1,12,13,2,9,5,4,0,1
2,6,4,3,6,4,2,1,0
2,12,13,4,12,4,2,0,0
2,7,11,0,6,1,4,0,0
4,9,12,0,7,1,4,0,0
2,9,12,4,9,1,4,1,0
2,9,12,0,11,3,4,1,0
2,9,12,2,3,0,4,1,1
2,11,8,2,6,0,4,1,0
2,11,8,4,0,4,4,0,0
2,9,12,4,9,3,4,0,1
2,11,8,2,11,0,4,1,0
2,7,11,0,9,4,4,0,0
2,11,8,4,11,1,4,1,0
2,15,9,2,12,0,4,1,1
2,15,9,4,2,3,4,1,0
2,9,12,4,3,1,4,1,0
2,15,9,0,8,4,4,0,0
1,14,14,2,9,0,4,1,1
2,9,12,2,11,0,2,1,1
2,15,9,2,7,0,4,1,0
2,11,8,2,3,0,4,1,1
2,11,8,2,11,0,4,1,0
2,9,12,0,7,4,3,0,0
1,11,8,2,2,0,4,1,0
2,14,14,4,9,1,4,1,0
2,0,5,4,2,1,4,1,0
2,9,12,2,11,0,4,1,1
2,9,12,2,6,0,4,1,1
5,11,8,2,3,0,4,1,1
2,8,10,2,2,0,4,1,1
2,12,13,2,9,0,4,1,1
2,15,9,2,2,0,4,1,0
2,11,8,6,2,1,4,0,0
2,15,9,2,2,0,4,1,1
2,15,9,2,2,0,2,1,0
2,14,14,0,3,1,4,1,0
2,15,9,4,0,3,4,1,0
2,11,8,2,5,0,2,1,0
4,14,14,2,4,0,4,1,0
2,11,8,2,6,0,4,1,1
2,12,13,2,3,0,1,1,1
2,15,9,0,5,3,4,1,0
2,11,8,4,2,1,2,0,0
2,8,10,0,2,4,4,1,1
4,15,9,2,11,0,4,1,0
4,15,9,0,13,1,4,0,0
2,9,12,2,2,0,4,1,1
2,11,8,2,9,0,4,1,0
2,11,8,4,0,3,4,0,0
2,9,12,2,3,0,4,1,1
2,8,10,2,11,0,4,1,0
2,9,12,2,11,0,4,1,0
2,11,8,4,7,4,4,0,0
0,15,9,2,0,0,4,1,0
3,15,9,0,3,1,4,1,1
2,9,12,0,4,1,4,1,0
2,11,8,6,7,1,4,0,0
0,14,14,2,9,0,4,1,1
2,11,8,4,11,1,4,0,0
2,9,12,2,9,0,4,1,1
2,11,8,6,8,1,4,0,0
0,12,13,2,0,0,4,1,1
2,9,12,2,3,0,2,1,1
2,9,12,2,2,0,4,1,1
2,11,8,2,6,0,4,1,0
2,9,12,4,12,3,4,0,0
2,15,9,0,0,3,4,0,0
2,11,8,2,3,5,4,0,0
4,9,12,4,9,1,4,1,0
1,12,13,2,9,0,4,1,1
2,15,9,4,11,3,4,1,0
2,11,8,2,2,0,4,1,0
2,11,8,4,4,1,4,1,0
1,15,9,0,0,4,4,0,0
4,11,8,5,7,1,2,1,0
2,11,8,2,6,0,4,1,0
2,11,8,3,2,2,4,1,0
4,7,11,0,2,1,4,1,0
2,8,10,2,3,0,4,1,1
2,11,8,4,7,1,2,1,0
2,12,13,2,9,0,4,1,1
3,9,12,2,11,0,1,1,1
4,11,8,2,4,0,4,1,0
2,15,9,4,7,1,4,1,0
6,11,8,4,5,3,4,1,0
2,11,8,4,6,1,4,1,0
2,12,13,2,9,0,1,1,0
2,11,8,0,2,1,4,1,0
2,11,8,2,7,0,4,1,0
2,15,9,2,3,0,4,1,0
2,11,8,4,11,1,4,0,0
2,0,5,6,6,1,2,1,0
2,9,12,4,3,1,4,0,0
4,15,9,4,2,1,4,1,0
4,12,13,0,11,1,4,1,0
4,11,8,2,2,0,4,1,0
3,10,15,2,9,0,2,1,1
4,11,8,2,3,0,4,1,0
4,1,6,4,2,1,4,1,1
2,11,8,0,2,1,4,1,0
2,9,12,4,0,1,4,1,1
3,9,12,4,3,1,4,1,0
2,7,11,2,7,0,4,1,0
2,11,8,2,2,0,4,1,0
2,15,9,0,11,4,4,0,0
2,11,8,6,6,4,4,0,0
4,11,8,2,7,0,4,1,0
4,11,8,3,2,1,4,1,0
2,11,8,2,9,5,4,0,0
2,11,8,2,2,0,4,1,0
2,11,8,0,6,4,4,1,0
2,11,8,4,13,1,4,1,0
2,7,11,2,3,0,4,1,1
5,10,15,2,9,0,4,1,1
2,15,9,4,5,3,2,1,0
2,9,12,2,11,5,4,0,0
1,12,13,4,9,1,4,0,0
3,11,8,2,11,0,4,1,1
4,15,9,4,7,1,4,0,0
2,9,12,4,9,1,4,1,0
0,15,9,2,5,0,3,1,0
0,11,8,0,2,1,4,1,0
0,12,13,2,13,0,2,1,0
3,11,8,2,11,0,2,1,1
2,9,12,2,3,0,4,1,1
2,12,13,2,9,0,4,1,0
1,11,8,0,7,3,2,0,0
2,8,10,2,9,0,4,1,1
3,10,15,0,3,1,4,1,1
2,9,12,2,11,0,4,1,1
2,8,10,4,2,1,4,1,0
0,9,12,2,9,0,4,1,1
2,11,8,2,13,0,4,1,0
2,15,9,4,0,3,4,1,0
2,8,10,2,2,0,4,1,0
2,11,8,2,3,0,4,1,0
2,11,8,2,13,0,4,1,1
2,1,6,2,2,0,4,1,0
2,11,8,4,13,1,2,1,0
1,12,13,0,9,1,4,1,1
2,9,12,4,11,1,4,1,0
2,8,10,2,6,0,4,1,0
2,11,8,2,5,0,4,1,0
1,11,8,2,0,5,1,0,1
2,11,8,2,2,0,4,1,0
2,6,4,5,0,1,4,1,0
2,1,6,2,5,0,4,1,0
2,11,8,0,3,1,4,0,0
2,6,4,4,7,3,4,1,0
2,5,3,4,2,3,4,1,0
2,15,9,2,0,0,4,1,1
4,9,12,2,11,0,4,1,1
3,9,12,6,9,4,4,0,0
2,11,8,2,2,0,4,1,1
5,11,8,0,3,1,4,1,0
1,7,11,2,2,0,4,1,0
2,0,5,4,2,3,4,1,0
2,15,9,4,0,1,4,0,0
2,14,14,2,9,0,4,1,1
4,11,8,2,4,0,4,1,0
2,5,3,2,2,0,4,1,0
2,9,12,3,2,1,2,1,0
4,12,13,4,3,1,2,1,0
2,8,10,2,12,0,4,1,0
4,9,12,2,3,0,4,1,0
2,11,8,4,7,3,2,1,0
2,15,9,2,0,0,2,1,0
4,11,8,2,4,0,4,1,0
2,11,8,4,7,1,4,0,0
2,6,4,4,7,3,4,0,0
2,11,8,4,2,1,4,1,0
2,15,9,4,0,1,4,0,0
2,11,8,4,6,1,4,0,0
2,8,10,2,2,0,4,1,0
1,15,9,0,3,1,4,1,0
2,7,11,4,11,3,4,0,0
2,11,8,4,3,1,4,1,1
1,11,8,0,0,1,4,0,0
3,7,11,2,9,0,4,1,1
2,11,8,4,2,3,4,1,0
2,11,8,0,0,3,4,1,0
2,11,8,2,2,0,4,1,0
2,11,8,4,7,3,4,1,0
2,9,12,2,9,5,4,0,1
2,11,8,2,6,0,2,1,0
2,7,11,2,2,0,4,1,0
2,15,9,2,2,0,4,1,1
2,15,9,0,2,1,4,1,0
2,9,12,2,0,3,0,0,0
2,11,8,2,0,0,4,1,0
2,7,11,4,0,3,4,0,0
2,15,9,4,2,1,4,1,0
2,9,12,0,11,2,4,0,0
2,2,7,2,6,0,4,1,0
2,15,9,6,7,4,4,0,0
4,11,8,4,4,4,4,1,0
2,11,8,2,2,5,4,0,1
2,11,8,2,2,0,4,1,1
2,15,9,4,11,3,4,0,0
2,12,13,2,6,1,4,1,0
2,11,8,4,0,1,4,0,0
2,9,12,0,9,4,4,0,0
2,11,8,4,3,4,4,0,0
2,1,6,2,13,0,4,1,1
2,0,5,2,6,0,4,1,0
2,11,8,4,0,1,4,0,0
2,11,8,4,7,3,4,0,0
2,5,3,2,13,0,4,1,0
4,11,8,0,3,1,4,1,0
2,11,8,4,0,1,4,0,0
1,12,13,2,9,0,2,1,1
2,11,8,3,6,4,4,0,0
2,1,6,4,11,3,4,1,0
2,15,9,4,3,1,4,1,0
2,15,9,2,11,0,4,1,1
4,15,9,2,11,0,4,1,1
2,11,8,2,11,0,4,1,0
2,9,12,4,0,3,4,0,0
2,11,8,4,11,3,4,0,0
2,11,8,4,5,2,4,1,0
2,8,10,4,7,1,4,1,0
4,11,8,2,3,0,4,1,0
2,15,9,4,0,3,4,0,0
5,11,8,4,7,3,4,0,0
5,9,12,2,9,2,4,1,0
0,11,8,4,0,1,1,1,0
2,8,10,2,3,0,4,1,1
5,9,12,0,9,1,4,1,0
2,11,8,2,2,0,4,1,1
2,15,9,0,3,1,2,1,0
2,11,8,2,0,0,4,1,1
5,9,12,4,0,2,4,0,0
2,14,14,2,9,0,4,1,1
2,11,8,2,13,0,4,1,0
2,9,12,2,9,0,4,1,1
2,11,8,4,0,3,4,0,0
2,11,8,6,3,1,2,0,0
2,11,8,4,7,3,4,1,0
2,11,8,2,12,5,4,0,0
4,15,9,4,4,3,4,1,0
2,7,11,4,0,1,4,0,1
2,1,6,4,5,2,2,0,0
0,9,12,2,5,0,4,1,0
2,15,9,2,11,0,4,1,0
2,5,3,2,11,0,4,1,1
2,9,12,2,3,5,4,0,1
0,11,8,2,0,0,4,1,0
2,11,8,2,2,0,4,1,0
2,11,8,4,11,1,4,1,0
2,11,8,4,2,1,4,1,0
2,2,7,4,5,3,2,0,0
2,15,9,4,7,3,2,1,0
2,11,8,4,0,3,4,0,0
0,7,11,0,0,4,1,1,0
1,11,8,4,7,4,2,0,0
1,0,5,2,5,0,4,1,1
2,0,5,2,11,0,4,1,0
1,11,8,4,7,3,4,0,0
2,12,13,2,9,0,4,1,1
2,11,8,0,2,1,4,1,0
2,11,8,4,11,3,2,0,0
2,7,11,0,0,1,4,1,0
4,7,11,2,0,5,4,0,1
2,15,9,4,0,3,4,0,0
2,15,9,2,12,0,4,1,0
2,15,9,2,0,0,4,1,0
2,15,9,4,3,1,4,0,0
2,9,12,2,11,0,4,1,1
2,15,9,2,9,0,4,1,1
2,2,7,2,2,0,4,1,0
2,15,9,2,12,0,4,1,1
2,11,8,2,6,0,4,1,0
2,9,12,4,2,1,4,1,0
2,11,8,0,7,1,4,0,0
2,12,13,0,0,1,4,0,0
2,9,12,4,9,3,4,1,0
2,15,9,6,0,1,4,0,0
2,9,12,2,6,0,4,1,0
2,9,12,2,3,0,4,1,1
4,11,8,4,7,1,4,0,0
2,11,8,4,6,4,4,1,0
4,11,8,2,11,0,4,1,0
2,0,5,2,2,0,4,1,0
5,10,15,5,9,4,4,0,1
2,8,10,2,3,0,4,1,0
2,0,5,5,0,4,4,1,0
2,11,8,2,5,0,4,1,0
2,9,12,2,3,0,4,1,1
2,11,8,2,6,0,4,1,0
0,11,8,4,0,3,4,0,0
1,15,9,2,13,0,4,1,0
2,5,3,2,4,0,4,1,0
4,15,9,0,3,1,4,1,0
2,11,8,2,0,5,4,0,0
2,9,12,4,11,3,2,0,0
2,15,9,3,13,1,2,1,0
2,14,14,2,9,0,4,1,1
2,11,8,2,13,0,4,1,1
2,15,9,2,2,0,4,1,1
2,15,9,4,9,1,4,0,0
4,15,9,4,3,1,2,1,0
4,11,8,0,9,1,4,0,0
1,9,12,2,9,0,4,1,1
2,9,12,0,9,4,4,0,0
2,12,13,0,9,3,4,0,0
2,11,8,5,7,4,4,0,1
2,11,8,2,10,0,1,1,0
2,15,9,2,11,0,4,1,1
2,11,8,4,7,3,4,1,0
2,11,8,2,2,0,4,1,0
4,15,9,2,3,0,4,1,1
2,15,9,2,13,0,4,1,0
2,9,12,0,13,3,2,1,0
2,15,9,4,10,1,4,1,0
2,11,8,2,2,0,4,1,0
2,11,8,0,11,1,4,0,0
2,15,9,4,3,3,1,1,0
2,15,9,4,11,3,4,0,0
4,11,8,2,11,0,4,1,0
2,15,9,2,6,5,4,0,0
2,11,8,2,5,0,4,1,1
2,15,9,0,0,1,4,0,0
2,0,5,4,7,2,4,0,0
1,12,13,4,9,1,3,0,0
4,6,4,4,9,1,4,1,0
2,11,8,2,6,0,4,1,0
2,11,8,5,5,1,3,1,0
1,11,8,2,2,0,4,1,0
2,9,12,2,2,0,4,1,0
2,11,8,6,6,2,2,0,0
4,11,8,2,4,0,4,1,0
0,15,9,2,3,0,2,1,1
2,15,9,2,9,0,4,1,1
2,9,12,4,9,1,4,1,0
2,15,9,0,7,3,4,0,0
2,11,8,6,7,4,4,0,0
2,9,12,4,0,3,1,0,0
5,12,13,4,9,1,4,0,0
5,9,12,5,3,1,4,1,0
2,11,8,0,0,1,4,0,0
2,9,12,4,11,1,4,1,1
2,15,9,6,0,4,2,0,0
2,5,3,2,11,0,4,1,0
2,11,8,4,5,1,4,1,0
2,7,11,2,3,0,2,1,1
2,11,8,2,2,0,4,1,1
2,5,3,0,6,4,2,0,0
2,11,8,2,7,0,4,1,0
2,11,8,4,0,1,2,1,0
2,15,9,5,11,1,4,0,0
4,9,12,2,3,0,1,1,1
2,11,8,2,2,0,4,1,0
4,15,9,0,5,3,4,0,0
5,9,12,4,9,1,4,0,0
2,11,8,4,6,3,4,1,0
2,11,8,3,7,4,2,0,0
2,15,9,2,2,0,4,1,1
2,11,8,0,6,1,4,1,0
2,11,8,2,0,5,4,0,1
2,11,8,2,2,0,4,1,0
2,1,6,4,0,1,4,0,0
1,15,9,2,0,0,4,1,1
4,11,8,4,2,1,4,1,1
2,15,9,4,0,3,2,0,0
0,9,12,4,3,1,4,1,0
2,7,11,4,9,3,4,0,0
2,11,8,0,11,2,4,0,0
3,8,10,4,11,1,4,1,0
2,11,8,6,11,1,4,0,1
2,1,6,4,7,3,4,1,0
2,5,3,2,10,0,4,1,0
2,11,8,0,0,4,4,0,0
3,15,9,2,11,0,4,1,1
2,14,14,4,9,2,4,0,0
5,11,8,4,10,1,4,1,1
2,15,9,2,0,5,4,0,0
2,15,9,4,0,1,4,0,0
2,15,9,4,5,3,4,1,0
4,11,8,2,12,0,4,1,0
2,11,8,5,0,3,4,0,0
2,11,8,4,2,1,4,1,0
2,9,12,4,3,1,4,0,0
2,9,12,2,6,0,4,1,0
2,11,8,2,3,0,4,1,0
2,11,8,4,5,1,4,1,0
2,15,9,0,13,1,4,1,0
2,15,9,0,3,4,4,0,0
2,9,12,0,13,1,4,1,0
2,3,1,2,5,0,4,1,0
2,9,12,4,9,1,4,1,0
2,9,12,2,9,0,4,1,1
5,15,9,2,0,5,4,0,1
4,10,15,2,9,0,4,1,0
5,5,3,4,12,4,4,0,0
2,2,7,2,0,5,4,0,0
2,11,8,0,6,1,4,1,0
2,15,9,0,6,1,4,1,0
2,15,9,4,9,1,4,0,0
2,0,5,3,0,4,2,0,0
2,15,9,0,3,4,4,0,0
5,9,12,2,9,5,4,0,1
1,9,12,2,9,5,4,0,1
2,9,12,2,3,0,4,1,1
2,11,8,4,6,3,4,1,0
2,0,5,4,11,3,4,0,0
2,15,9,0,9,4,4,0,0
2,11,8,2,5,0,4,1,0
0,9,12,4,12,1,4,1,0
2,11,8,0,5,1,4,1,0
2,15,9,0,5,1,4,1,1
2,11,8,2,3,0,4,1,0
5,9,12,4,9,1,4,0,0
2,7,11,2,13,0,4,1,0
2,9,12,2,5,0,4,1,0
2,6,4,6,2,1,4,1,0
2,9,12,2,9,0,4,1,1
2,15,9,4,7,3,4,1,0
0,9,12,4,1,1,4,1,0
2,15,9,2,0,5,4,0,0
2,12,13,2,9,0,4,1,1
2,5,3,2,2,0,4,1,0
2,15,9,2,4,0,4,1,0
2,11,8,2,13,0,4,1,1
5,15,9,0,0,4,2,1,0
2,15,9,0,7,3,4,0,0
1,9,12,0,2,1,2,1,0
2,11,8,4,11,1,4,1,0
2,11,8,2,13,0,4,1,0
2,0,5,4,7,3,2,1,0
2,11,8,2,6,0,4,1,0
2,11,8,2,2,0,4,1,0
2,11,8,4,0,3,4,0,0
2,2,7,4,7,3,4,0,0
2,12,13,4,7,1,4,0,0
2,11,8,4,6,3,2,0,0
2,5,3,6,11,2,4,0,0
4,15,9,2,4,0,4,1,1
2,11,8,2,6,2,3,0,0
1,15,9,2,5,0,4,1,0
0,12,13,4,9,1,4,1,0
2,12,13,2,11,0,4,1,0
2,8,10,0,12,1,4,0,0
2,0,5,0,6,1,4,0,0
2,15,9,4,6,3,1,1,0
2,12,13,4,11,1,4,1,1
2,11,8,4,5,1,4,0,0
4,15,9,0,11,1,4,0,0
2,11,8,2,0,0,4,1,0
2,1,6,2,6,3,4,0,0
2,11,8,2,13,0,4,1,0
2,9,12,2,11,0,4,1,0
4,6,4,2,2,0,4,1,0
3,15,9,2,11,0,4,1,1
2,11,8,2,3,0,2,1,1
2,11,8,2,11,0,4,1,1
2,5,3,2,13,0,4,1,0
2,9,12,0,3,4,4,0,1
2,15,9,4,6,1,4,1,1
2,11,8,5,0,4,4,0,0
2,9,12,2,9,0,4,1,1
2,8,10,0,12,1,4,1,0
4,14,14,2,9,0,4,1,1
2,12,13,2,9,0,4,1,1
2,11,8,0,0,2,0,0,0
2,15,9,2,5,0,2,1,1
2,11,8,2,2,0,4,1,1
2,5,3,2,3,0,0,1,0
2,9,12,4,9,1,4,0,0
2,11,8,4,4,3,2,1,0
0,11,8,4,3,4,2,0,0
2,9,12,2,3,0,4,1,1
2,1,6,4,0,1,4,0,0
2,11,8,4,0,1,4,0,0
2,9,12,4,9,1,1,0,0
2,8,10,4,12,3,4,0,0
2,1,6,4,11,4,4,1,0
2,11,8,2,11,0,4,1,0
5,15,9,4,0,2,4,0,0
2,15,9,4,0,2,4,1,0
2,9,12,2,9,0,4,1,1
2,15,9,2,6,0,4,1,1
2,15,9,2,2,0,4,1,1
2,11,8,2,6,0,4,1,0
2,6,4,2,7,0,4,1,0
2,12,13,4,9,1,4,1,0
2,11,8,4,11,3,0,1,0
2,9,12,4,11,1,4,0,0
2,11,8,4,5,1,4,1,0
2,11,8,4,7,2,3,1,0
2,15,9,2,3,5,4,0,1
2,15,9,4,5,3,4,1,0
2,11,8,4,6,1,4,1,0
2,9,12,2,3,0,4,1,1
2,11,8,4,11,3,2,1,0
4,1,6,4,4,3,2,1,0
4,15,9,4,2,1,4,1,0
2,6,4,2,2,0,2,1,1
2,1,6,4,11,3,4,1,0
2,11,8,2,2,0,4,1,1
2,11,8,2,6,0,2,1,0
2,11,8,5,6,4,4,0,0
2,9,12,2,3,0,4,1,0
4,11,8,4,2,1,4,1,0
2,11,8,2,6,0,2,1,1
2,6,4,4,7,1,2,1,0
2,8,10,4,6,1,4,1,0
0,11,8,2,6,0,4,1,0
4,15,9,2,4,0,4,1,0
2,8,10,4,2,1,4,1,0
2,8,10,0,3,1,4,1,1
4,9,12,2,3,0,4,1,0
2,11,8,2,2,0,4,1,0
3,14,14,2,9,0,4,1,1
2,8,10,0,2,1,4,1,0
2,11,8,2,0,0,4,1,0
2,6,4,4,2,3,4,1,0
4,7,11,2,11,0,4,1,0
2,11,8,2,3,5,4,0,1
2,11,8,0,5,4,4,1,0
2,15,9,2,11,0,4,1,0
2,1,6,6,12,4,4,0,0
2,0,5,3,2,4,4,1,0
2,11,8,4,0,1,4,0,0
2,11,8,5,0,1,4,1,0
4,9,12,2,2,0,4,1,1
4,10,15,0,0,2,3,1,0
2,9,12,2,3,0,4,1,1
1,15,9,4,10,3,4,1,0
2,11,8,2,11,0,4,1,0
3,7,11,2,3,0,4,1,1
1,12,13,6,9,1,4,0,0
0,9,12,4,9,3,4,0,0
4,14,14,2,9,0,4,1,1
4,14,14,2,9,0,4,1,1
2,5,3,6,7,1,2,0,0
2,15,9,2,9,0,4,1,0
2,11,8,2,6,0,4,1,0
2,11,8,0,11,1,4,0,0
2,11,8,2,6,0,4,1,0
2,15,9,0,9,1,2,1,1
2,9,12,4,11,1,4,0,0
2,8,10,4,2,3,4,1,0
2,11,8,4,5,3,4,1,0
2,8,10,2,3,0,4,1,0
4,7,11,2,11,0,4,1,1
2,2,7,2,9,0,4,1,1
2,7,11,2,6,0,4,1,0
2,15,9,2,2,0,4,1,1
1,9,12,2,9,0,4,1,0
2,11,8,0,11,1,4,1,0
2,11,8,4,10,3,4,1,0
2,15,9,2,6,0,4,1,0
2,2,7,4,0,1,4,0,0
2,11,8,2,6,0,4,1,1
2,11,8,4,0,3,4,1,0
2,11,8,2,2,0,4,1,0
2,15,9,4,11,3,4,0,0
2,15,9,4,11,3,4,0,0
2,11,8,2,2,0,4,1,0
2,12,13,0,3,3,4,0,1
4,11,8,6,3,1,4,1,0
2,15,9,2,12,0,4,1,1
2,11,8,2,2,0,4,1,0
2,15,9,6,0,4,4,0,0
2,11,8,2,0,5,2,0,1
2,11,8,2,2,0,4,1,0
2,15,9,4,7,1,4,1,0
2,11,8,2,12,0,4,1,0
2,9,12,2,3,0,4,1,1
5,12,13,4,9,1,4,1,0
2,1,6,4,7,3,4,0,0
2,11,8,5,5,1,4,1,0
2,9,12,4,9,3,4,0,0
2,6,4,4,7,3,2,1,0
2,11,8,4,7,3,2,1,0
2,11,8,4,5,1,2,1,0
2,15,9,2,11,0,4,1,1
2,11,8,0,6,1,2,0,0
2,15,9,0,11,2,4,0,0
1,15,9,6,7,1,4,0,0
2,11,8,2,0,0,4,1,0
2,8,10,2,2,0,4,1,0
2,9,12,2,7,5,1,0,0
2,15,9,4,2,3,4,1,0
1,9,12,2,3,0,2,1,0
0,8,10,2,2,0,2,1,1
2,8,10,4,11,1,4,1,0
2,12,13,2,9,5,4,0,0
2,10,15,0,9,1,4,1,0
2,12,13,2,9,0,1,1,0
2,11,8,2,0,5,4,0,1
4,11,8,4,4,1,4,1,0
5,9,12,4,9,3,4,1,0
2,15,9,2,9,5,4,0,0
2,15,9,6,11,1,4,0,0
2,15,9,2,3,5,4,0,1
2,15,9,4,3,1,4,1,0
2,11,8,6,3,1,4,0,1
5,9,12,2,9,0,4,1,0
2,11,8,4,0,2,4,0,0
2,11,8,0,0,1,4,0,0
2,12,13,2,11,0,4,1,0
2,7,11,4,11,3,4,0,0
2,9,12,2,11,0,4,1,1
2,11,8,4,9,1,4,1,0
2,1,6,5,8,4,4,0,0
2,9,12,4,9,3,4,0,0
2,11,8,4,0,4,2,0,0
2,12,13,4,9,1,2,1,0
2,11,8,2,6,0,4,1,0
4,11,8,2,2,0,4,1,0
2,9,12,4,11,3,4,0,0
2,9,12,4,8,1,4,0,0
1,11,8,5,10,2,2,0,0
2,9,12,2,0,0,4,1,0
2,4,2,5,7,2,4,0,0
2,2,7,2,7,5,4,0,0
2,8,10,0,12,4,4,0,0
2,4,2,2,6,0,4,1,0
2,11,8,0,5,1,4,1,0
4,1,6,0,5,1,4,1,0
2,15,9,2,7,0,4,1,0
2,15,9,2,5,0,4,1,1
2,7,11,6,9,4,4,0,0
2,9,12,2,9,0,3,1,0
4,9,12,0,3,1,4,1,0
2,11,8,0,7,4,2,1,0
2,9,12,4,3,1,4,0,0
2,15,9,4,11,3,4,1,0
2,15,9,0,0,1,4,0,0
2,11,8,4,7,3,4,1,0
2,9,12,2,9,0,4,1,0
2,11,8,2,2,0,4,1,0
2,1,6,4,2,3,4,0,0
2,11,8,0,11,1,4,0,0
2,9,12,2,2,0,4,1,0
1,7,11,2,10,0,4,1,1
2,11,8,4,7,1,2,1,0
2,12,13,4,3,1,4,1,0
2,9,12,0,3,1,4,0,1
1,9,12,5,9,1,2,1,0
2,11,8,4,5,4,4,1,0
2,11,8,0,0,4,4,0,0
0,15,9,3,0,1,2,1,0
2,11,8,4,7,3,4,0,0
2,11,8,4,2,1,4,1,0
2,9,12,2,3,0,4,1,1
5,15,9,4,9,3,4,1,0
4,9,12,2,11,0,4,1,1
2,0,5,2,13,0,4,1,0
2,15,9,2,0,0,2,1,0
2,11,8,2,0,0,4,1,0
2,11,8,2,5,0,4,1,0
2,11,8,2,6,0,4,1,1
2,9,12,2,3,5,2,0,0
2,11,8,2,13,0,4,1,0
2,11,8,0,2,2,2,0,0
0,7,11,0,3,1,4,0,0
3,14,14,2,9,0,4,1,1
2,11,8,0,0,4,0,0,0
2,11,8,4,6,3,4,1,0
2,1,6,2,13,0,4,1,0
4,2,7,4,2,1,2,1,0
2,11,8,4,7,4,4,1,0
5,11,8,2,3,0,4,1,1
2,15,9,4,3,1,2,0,0
2,1,6,4,11,1,4,0,0
2,11,8,2,2,0,4,1,0
2,11,8,2,2,0,3,1,0
2,15,9,4,0,3,4,1,0
2,9,12,4,0,3,4,1,0
4,8,10,4,3,1,4,1,1
2,12,13,2,9,0,4,1,0
2,0,5,2,3,0,4,1,0
2,7,11,4,2,1,4,1,0
2,11,8,4,5,1,4,1,0
5,12,13,4,9,3,4,0,0
2,11,8,4,3,1,4,0,0
2,0,5,0,7,2,4,0,0
4,9,12,2,11,0,4,1,0
2,9,12,4,3,3,1,0,0
4,12,13,0,3,4,4,0,0
2,8,10,2,5,0,4,1,1
2,11,8,0,0,4,4,0,0
2,11,8,2,11,5,4,0,0
2,15,9,4,0,1,4,0,0
0,11,8,6,3,1,4,0,0
2,11,8,2,11,5,4,0,0
2,9,12,2,3,0,4,1,1
2,15,9,2,9,0,4,1,0
1,5,3,6,7,1,4,0,0
0,8,10,0,4,1,4,0,0
2,9,12,4,9,1,4,1,0
2,1,6,4,11,3,4,0,0
1,11,8,2,13,0,2,1,1
2,10,15,4,9,1,4,1,0
2,7,11,4,7,3,2,1,0
2,11,8,0,7,3,4,0,0
4,14,14,2,9,0,4,1,1
2,11,8,4,2,1,4,1,0
1,6,4,2,7,0,4,1,0
4,5,3,2,2,0,4,1,0
2,15,9,3,0,3,2,0,0
2,9,12,4,3,1,4,0,0
3,10,15,2,9,0,4,1,1
2,11,8,2,2,0,4,1,0
2,9,12,2,13,0,4,1,1
5,9,12,2,3,0,4,1,0
2,9,12,2,4,0,4,1,0
2,15,9,2,13,0,4,1,1
2,9,12,4,5,3,4,1,0
4,9,12,2,3,0,4,1,1
2,15,9,4,9,1,4,1,0
2,4,2,6,7,2,1,0,0
2,6,4,5,7,1,4,1,0
2,12,13,2,11,0,4,1,1
2,13,0,4,8,1,1,0,0
2,15,9,0,11,4,4,0,0
2,11,8,2,11,0,4,1,0
2,10,15,2,9,0,4,1,1
0,11,8,4,0,4,2,0,0
2,10,15,2,9,0,4,1,1
2,9,12,4,9,2,4,0,0
2,4,2,2,13,0,0,1,0
2,15,9,4,0,3,4,0,0
2,11,8,2,6,0,4,1,0
2,11,8,0,0,1,4,0,0
5,11,8,2,10,0,4,1,0
4,11,8,2,2,0,4,1,0
2,11,8,2,3,0,4,1,0
4,15,9,3,2,1,4,1,0
2,1,6,6,5,4,4,0,0
2,15,9,0,2,1,4,1,1
2,11,8,4,7,3,4,1,0
2,11,8,2,0,0,4,1,1
1,9,12,4,9,1,4,0,0
2,12,13,2,11,0,4,1,0
2,12,13,2,0,0,4,1,0
1,15,9,4,0,4,2,0,0
3,10,15,2,9,0,4,1,0
2,9,12,4,3,1,4,1,0
3,15,9,2,3,0,4,1,1
2,11,8,6,7,4,1,0,0
2,15,9,2,11,0,2,1,0
2,1,6,4,7,2,2,0,0
2,11,8,4,13,3,4,1,0
2,11,8,4,0,3,4,1,0
2,11,8,0,7,4,4,0,0
2,15,9,4,0,3,4,0,0
2,9,12,2,9,0,4,1,1
4,11,8,2,3,0,4,1,0
4,14,14,2,9,0,4,1,1
2,15,9,4,0,3,4,0,0
2,11,8,6,6,4,4,0,0
2,9,12,4,2,3,4,1,0
2,11,8,6,7,3,4,0,0
2,7,11,4,7,1,2,0,0
2,15,9,0,11,4,4,0,0
2,11,8,4,5,4,2,0,0
2,11,8,2,2,0,4,1,1
4,5,3,4,4,1,4,1,0
4,11,8,2,2,0,4,1,0
2,9,12,2,0,5,4,0,1
2,15,9,2,6,0,4,1,0
2,11,8,4,7,3,2,0,0
1,9,12,4,9,1,4,1,0
2,11,8,4,11,3,4,1,0
2,15,9,4,12,1,1,1,0
2,8,10,4,2,1,4,1,0
2,11,8,2,13,0,4,1,0
2,11,8,5,2,1,4,1,0
1,11,8,2,7,0,1,1,1
2,11,8,4,7,3,1,0,0
2,1,6,2,2,0,4,1,0
5,11,8,0,10,4,2,0,0
2,11,8,4,7,4,4,0,0
3,15,9,2,2,0,1,1,1
2,2,7,2,6,0,4,1,0
2,2,7,4,11,3,4,0,0
2,11,8,4,3,3,4,1,0
2,9,12,4,2,1,2,1,0
2,9,12,2,9,0,4,1,1
2,11,8,5,6,1,2,1,0
5,9,12,0,2,1,4,1,0
4,9,12,2,9,0,4,1,1
2,12,13,4,3,4,4,0,0
2,7,11,0,0,1,2,1,0
2,11,8,5,13,4,2,1,0
4,11,8,2,3,0,4,1,1
2,11,8,2,6,0,4,1,1
5,9,12,2,9,0,4,1,1
2,1,6,4,7,2,4,1,0
2,6,4,4,2,4,4,1,0
2,15,9,4,0,1,4,1,0
4,5,3,2,2,0,4,1,0
2,1,6,4,0,4,2,1,0
2,9,12,2,11,0,4,1,1
2,9,12,2,3,0,4,1,1
2,15,9,2,5,0,4,1,0
2,11,8,0,2,3,2,1,0
2,11,8,2,4,0,4,1,0
2,9,12,4,12,1,4,1,0
2,9,12,0,3,4,4,1,0
4,11,8,2,2,0,4,1,0
5,8,10,2,2,0,4,1,0
5,15,9,4,9,3,4,0,0
2,9,12,4,12,1,1,0,0
1,15,9,0,13,1,4,1,1
2,12,13,2,3,5,4,0,0
2,11,8,0,0,3,3,0,0
2,11,8,4,2,1,2,1,0
2,15,9,2,6,0,4,1,0
4,14,14,2,9,0,4,1,1
2,15,9,4,11,1,4,1,0
2,9,12,2,10,0,4,1,0
5,9,12,4,9,1,1,0,0
2,9,12,2,3,0,4,1,1
4,11,8,4,4,1,4,1,0
2,15,9,2,3,0,4,1,0
4,11,8,2,4,0,4,1,0
4,12,13,6,3,4,4,0,1
2,11,8,4,3,4,2,0,0
1,12,13,2,9,0,4,1,1
3,7,11,2,0,5,4,0,0
2,15,9,4,0,2,2,1,0
2,8,10,2,2,0,4,1,1
5,11,8,0,0,1,4,0,0
1,9,12,0,3,4,4,0,0
2,11,8,4,6,1,4,1,0
2,1,6,5,5,4,4,1,0
1,9,12,2,9,0,4,1,1
2,9,12,4,9,3,4,1,0
2,11,8,2,2,0,4,1,0
2,11,8,0,7,1,4,0,0
5,12,13,4,0,1,2,0,0
2,15,9,4,11,3,4,1,0
1,9,12,2,10,0,1,1,1
2,15,9,2,13,0,4,1,1
4,10,15,2,9,0,4,1,1
2,9,12,4,3,4,4,0,0
2,9,12,4,3,1,4,1,0
2,15,9,4,7,1,4,0,0
2,15,9,2,2,0,4,1,1
2,9,12,2,11,0,4,1,1
2,15,9,2,10,0,4,1,0
3,14,14,2,9,0,4,1,1
4,7,11,2,13,0,4,1,1
2,11,8,2,13,0,4,1,1
3,7,11,2,3,0,4,1,1
2,11,8,2,9,0,4,1,0
2,15,9,2,2,0,1,1,1
2,15,9,4,11,1,4,1,0
2,11,8,2,0,0,4,1,0
2,11,8,0,13,1,2,1,0
2,15,9,4,12,1,4,1,0
2,15,9,5,13,1,4,1,0
4,0,5,2,4,0,4,1,0
3,9,12,2,3,0,4,1,1
2,11,8,2,2,0,4,1,1
2,11,8,4,5,1,4,1,0
2,15,9,4,0,3,4,1,0
1,9,12,2,7,0,4,1,1
4,15,9,2,5,0,4,1,1
1,11,8,0,9,1,4,0,0
2,11,8,0,6,1,4,1,0
2,11,8,2,0,0,4,1,0
2,11,8,2,2,0,4,1,1
2,8,10,4,12,3,4,0,0
5,12,13,2,3,0,4,1,0
4,15,9,0,3,1,4,1,1
5,9,12,4,3,3,4,1,0
3,9,12,2,9,0,4,1,1
2,12,13,2,9,0,4,1,1
2,11,8,2,6,0,2,1,1
2,15,9,2,6,0,4,1,1
2,8,10,4,9,3,4,0,0
4,11,8,0,9,1,4,1,0
1,9,12,2,9,0,4,1,0
2,14,14,2,9,0,4,1,0
2,11,8,0,13,1,4,1,0
2,1,6,4,7,3,2,1,0
2,15,9,4,11,1,4,0,0
2,15,9,6,11,1,4,0,0
2,11,8,0,0,4,4,0,0
2,11,8,4,7,3,4,0,0
2,11,8,0,11,1,4,1,0
4,12,13,2,9,0,4,1,1
2,9,12,4,0,3,4,0,0
2,15,9,4,5,3,4,1,0
2,12,13,2,3,0,4,1,1
4,15,9,2,2,0,4,1,0
2,15,9,2,11,0,4,1,1
2,8,10,4,11,1,4,0,0
5,15,9,4,0,3,4,0,0
2,11,8,4,11,1,4,1,0
2,11,8,0,0,1,4,0,0
2,15,9,2,2,1,4,1,0
4,11,8,2,2,0,4,1,0
2,9,12,2,2,0,1,1,1
2,0,5,2,3,0,4,1,0
2,9,12,0,3,1,4,0,0
2,11,8,4,5,1,4,1,0
2,6,4,2,2,0,4,1,0
1,11,8,4,0,4,4,0,0
2,9,12,2,9,0,4,1,0
2,15,9,4,6,1,4,0,0
2,8,10,0,7,1,4,0,0
3,10,15,2,9,0,4,1,1
1,11,8,2,7,5,4,0,0
2,9,12,4,0,1,4,1,1
2,9,12,0,11,1,4,0,0
2,11,8,4,0,4,2,0,0
4,6,4,5,13,1,4,1,0
2,12,13,2,9,0,4,1,1
2,11,8,4,13,3,4,1,0
1,9,12,4,9,1,4,0,0
2,0,5,4,7,2,4,1,0
0,15,9,2,3,0,4,1,1
2,0,5,2,2,0,4,1,1
2,9,12,2,11,0,4,1,1
2,8,10,2,2,0,2,1,0
2,11,8,2,3,0,4,1,1
2,1,6,6,7,4,2,0,0
2,9,12,2,9,0,4,1,1
2,11,8,0,0,4,4,0,0
2,11,8,4,6,4,2,0,0
2,11,8,4,13,3,4,1,0
5,15,9,4,0,1,4,1,0
2,1,6,5,2,2,4,1,0
2,15,9,4,2,4,4,0,0
2,11,8,0,13,1,4,1,0
2,11,8,0,3,4,4,0,0
2,2,7,4,7,3,4,1,0
2,11,8,6,7,1,4,0,0
2,11,8,4,0,3,2,0,0
2,12,13,2,3,0,1,1,1
1,9,12,4,9,3,4,0,0
2,15,9,4,3,1,4,1,0
4,1,6,2,2,0,4,1,0
2,9,12,2,13,0,4,1,1
3,9,12,4,3,1,4,1,0
2,5,3,2,2,0,4,1,0
2,7,11,2,9,0,4,1,1
2,11,8,4,6,3,4,1,0
2,1,6,4,11,3,4,1,0
3,10,15,2,3,0,4,1,1
1,9,12,2,10,0,4,1,1
5,11,8,4,10,1,4,1,0
2,15,9,4,11,1,4,0,0
2,1,6,2,2,0,4,1,0
2,11,8,4,3,3,4,0,0
2,8,10,2,3,0,4,1,1
3,9,12,2,11,0,4,1,1
2,11,8,4,3,1,4,0,0
2,12,13,2,9,0,4,1,0
2,11,8,2,13,0,4,1,0
1,12,13,2,9,0,4,1,1
4,11,8,5,7,1,4,0,0
2,11,8,2,6,0,4,1,1
2,9,12,4,9,1,4,1,1
2,15,9,2,2,0,4,1,0
6,11,8,2,6,5,4,0,0
2,4,2,5,7,4,4,0,0
2,8,10,2,0,0,4,1,0
2,11,8,4,7,3,2,0,0
1,9,12,0,9,4,4,0,0
5,11,8,2,12,5,4,0,1
2,15,9,0,0,4,4,0,0
2,11,8,4,3,3,4,0,0
2,15,9,5,0,4,4,0,0
4,11,8,2,2,0,4,1,1
2,15,9,4,0,1,4,0,0
2,11,8,0,0,1,4,0,0
2,11,8,2,3,5,4,0,0
2,11,8,2,11,0,4,1,0
2,9,12,2,3,0,4,1,1
2,11,8,2,2,0,4,1,1
2,9,12,4,9,1,4,0,0
2,12,13,4,9,1,4,0,0
2,15,9,0,12,1,4,1,0
2,11,8,4,11,3,4,0,0
2,15,9,0,9,1,4,1,0
2,0,5,2,2,0,4,1,0
5,8,10,2,12,0,1,1,0
2,9,12,4,9,1,4,0,0
2,11,8,2,5,0,2,1,0
2,11,8,0,7,1,4,0,0
2,9,12,6,9,4,4,0,1
2,15,9,2,0,0,4,1,0
2,15,9,4,0,3,4,0,0
2,9,12,4,0,1,4,0,0
2,2,7,4,6,4,2,0,0
2,11,8,4,6,3,4,1,0
2,5,3,6,3,1,4,1,1
1,15,9,4,0,4,2,0,0
2,11,8,4,0,3,4,0,0
2,11,8,4,7,2,4,1,0
2,15,9,2,11,0,4,1,0
4,12,13,2,11,0,1,1,1
2,9,12,4,11,1,4,1,1
2,8,10,2,12,0,4,1,1
2,11,8,0,13,1,4,1,0
2,8,10,2,0,0,4,1,0
2,15,9,2,0,0,4,1,0
2,9,12,2,3,0,4,1,1
2,11,8,4,6,3,4,1,0
1,12,13,4,9,1,4,0,0
2,15,9,2,7,0,4,1,1
5,14,14,0,3,1,4,0,0
2,11,8,2,2,0,4,1,0
2,15,9,4,7,3,4,0,0
2,11,8,4,2,3,4,1,0
2,11,8,4,2,4,4,0,0
2,9,12,4,12,1,2,0,0
2,15,9,5,11,1,4,1,0
2,15,9,4,7,3,4,0,0
2,2,7,2,2,0,4,1,0
2,7,11,0,9,1,4,1,0
0,15,9,4,0,3,2,0,0
2,15,9,4,7,3,4,1,0
2,11,8,4,9,3,4,1,0
1,6,4,2,7,0,4,1,0
4,9,12,0,11,1,4,1,0
5,9,12,2,3,0,4,1,0
2,1,6,4,7,3,4,1,0
2,11,8,2,3,0,4,1,1
2,9,12,4,11,3,4,1,0
2,1,6,2,2,0,4,1,0
2,11,8,0,13,1,4,1,0
0,9,12,2,0,0,4,1,1
2,0,5,5,6,3,4,0,0
2,11,8,2,5,0,4,1,0
2,7,11,2,12,0,4,1,1
0,9,12,2,3,0,4,1,1
2,11,8,4,7,1,4,1,0
2,15,9,4,6,3,4,1,0
2,15,9,2,11,0,4,1,0
0,9,12,2,9,0,4,1,1
1,9,12,2,9,0,4,1,0
2,11,8,6,7,1,4,0,0
2,11,8,4,5,3,4,1,0
4,6,4,2,2,0,4,1,0
2,9,12,2,12,0,4,1,1
2,8,10,2,7,0,1,1,1
4,9,12,2,2,0,1,1,1
2,15,9,0,0,4,2,0,0
2,11,8,4,5,2,4,0,0
2,9,12,4,3,3,4,0,0
2,11,8,2,2,0,4,1,0
2,15,9,2,13,0,4,1,1
2,15,9,2,9,0,4,1,0
2,0,5,4,5,1,3,1,0
2,11,8,2,7,0,4,1,0
4,7,11,0,2,3,0,1,0
2,0,5,4,6,3,4,1,0
2,9,12,2,11,0,4,1,1
2,15,9,4,5,3,4,1,0
1,9,12,2,9,0,4,1,1
2,15,9,4,11,3,2,1,0
2,1,6,4,7,1,4,0,0
2,9,12,4,3,1,4,1,0
2,6,4,2,6,0,2,1,0
2,15,9,4,2,1,4,1,0
2,7,11,2,9,0,4,1,1
2,9,12,2,3,0,4,1,1
2,15,9,2,13,0,4,1,0
2,11,8,0,0,1,4,0,0
2,11,8,4,0,3,2,0,0
1,15,9,2,13,0,4,1,0
2,7,11,0,0,1,2,0,0
2,3,1,5,5,4,4,1,0
2,6,4,2,2,0,4,1,0
2,15,9,2,3,0,4,1,1
2,9,12,2,3,0,4,1,1
2,12,13,2,3,0,4,1,0
1,12,13,2,9,5,4,0,1
2,15,9,2,13,0,4,1,1
2,15,9,3,4,3,4,1,0
2,5,3,2,13,0,4,1,0
2,7,11,4,12,1,4,1,0
2,9,12,2,3,0,4,1,1
4,9,12,2,3,0,4,1,1
5,11,8,5,0,4,4,0,0
2,7,11,2,11,0,4,1,0
2,11,8,2,2,0,4,1,1
2,9,12,4,0,3,4,0,0
2,12,13,2,11,0,4,1,1
4,5,3,2,4,0,4,1,0
2,6,4,6,11,4,4,0,0
2,2,7,2,2,0,4,1,0
2,11,8,4,2,1,4,1,0
2,1,6,3,2,1,4,1,0
2,6,4,4,2,1,4,1,0
2,9,12,0,11,1,4,1,1
2,12,13,2,9,0,4,1,1
2,8,10,4,2,1,4,1,0
2,5,3,2,2,0,4,1,0
2,11,8,6,0,1,4,0,0
2,15,9,4,2,1,4,1,0
2,15,9,4,7,3,2,1,0
4,10,15,4,9,1,4,1,1
2,2,7,4,5,3,4,1,0
2,15,9,2,11,0,4,1,1
2,9,12,2,0,0,4,1,1
2,11,8,2,11,0,4,1,0
3,15,9,2,11,0,4,1,0
2,15,9,4,11,3,2,0,0
1,15,9,4,9,3,4,1,0
2,11,8,4,7,1,4,1,0
2,11,8,4,2,1,4,1,0
2,11,8,4,0,3,4,0,0
2,1,6,4,7,3,4,0,0
2,9,12,2,11,0,4,1,1
0,15,9,2,3,0,2,1,0
2,12,13,4,3,1,4,0,0
2,9,12,2,11,0,4,1,1
3,12,13,2,4,0,4,1,1
2,9,12,4,0,3,4,0,0
2,11,8,4,5,3,4,1,0
2,3,1,2,7,0,4,1,0
2,15,9,2,0,0,4,1,1
2,11,8,4,10,1,1,1,0
2,11,8,0,2,3,4,1,0
3,11,8,6,11,1,4,1,1
2,8,10,2,12,5,4,0,1
5,15,9,5,3,3,4,0,0
2,2,7,2,2,0,4,1,0
2,15,9,2,11,0,4,1,0
2,6,4,4,13,3,4,1,0
2,7,11,5,7,1,2,0,0
2,11,8,2,12,0,4,1,0
2,11,8,4,2,1,4,1,0
2,8,10,4,0,1,4,0,0
1,11,8,4,7,3,4,1,0
2,1,6,3,5,4,4,0,0
5,15,9,2,13,0,4,1,0
1,15,9,0,3,1,4,0,0
2,1,6,2,6,0,4,1,0
0,9,12,2,3,5,4,0,0
2,11,8,2,2,0,4,1,1
3,15,9,2,11,0,4,1,1
2,12,13,0,3,4,4,1,1
2,12,13,2,9,0,4,1,1
4,11,8,4,3,1,2,1,1
2,15,9,2,9,0,4,1,0
4,1,6,2,7,5,4,0,0
2,7,11,4,3,1,4,1,1
4,15,9,2,3,0,0,1,0
2,6,4,2,5,0,4,1,0
2,8,10,4,12,1,4,0,0
2,9,12,4,3,3,4,0,0
2,11,8,2,2,0,4,1,1
2,15,9,4,11,3,4,0,0
2,11,8,4,7,3,4,1,0
2,11,8,2,6,0,4,1,0
2,11,8,2,0,5,4,0,0
2,11,8,2,2,0,4,1,0
0,9,12,4,9,1,4,0,0
5,8,10,4,9,1,4,0,0
2,11,8,2,6,0,2,1,0
2,11,8,4,7,3,4,0,0
0,9,12,3,12,1,1,1,0
4,0,5,6,13,2,4,0,0
2,11,8,2,11,0,4,1,1
3,9,12,2,11,0,4,1,1
2,9,12,4,11,1,4,1,0
2,11,8,4,6,1,2,0,0
2,11,8,4,8,1,4,0,0
2,8,10,4,0,3,4,0,0
2,5,3,2,2,0,4,1,0
2,11,8,2,13,0,4,1,1
2,11,8,0,0,1,4,0,0
2,1,6,4,2,3,4,1,0
2,9,12,2,3,0,4,1,1
2,11,8,4,7,3,4,0,0
2,11,8,2,2,0,4,1,0
2,4,2,4,4,2,4,1,0
2,11,8,2,12,0,4,1,1
2,11,8,2,6,0,4,1,0
2,11,8,0,6,4,4,0,0
2,0,5,5,13,3,4,1,0
1,7,11,0,12,3,4,1,0
1,9,12,2,9,0,4,1,0
2,11,8,0,3,4,4,0,0
2,15,9,4,7,3,4,0,0
2,11,8,4,0,3,4,0,0
2,9,12,2,9,0,4,1,0
1,15,9,6,0,1,4,0,0
2,9,12,2,11,0,1,1,1
2,9,12,0,0,4,4,0,0
2,11,8,6,11,1,4,0,0
2,15,9,2,3,0,4,1,1
4,9,12,2,3,0,4,1,1
2,11,8,0,5,1,4,0,0
2,15,9,2,2,0,4,1,1
0,14,14,2,9,5,4,0,1
2,11,8,0,3,1,4,0,0
2,12,13,2,3,0,4,1,0
2,7,11,4,3,1,4,1,0
2,12,13,2,11,0,4,1,1
2,11,8,0,11,1,4,1,0
2,11,8,2,5,0,4,1,0
2,11,8,2,6,0,4,1,0
2,9,12,2,9,0,4,1,1
2,15,9,4,11,3,4,0,0
2,11,8,4,7,3,4,0,0
0,10,15,4,9,1,0,0,1
2,15,9,2,10,0,2,1,1
3,11,8,2,11,0,4,1,0
2,6,4,4,2,3,4,1,0
2,6,4,4,7,1,4,1,0
2,15,9,0,0,1,4,0,0
2,11,8,4,8,3,4,0,0
2,12,13,2,3,0,1,1,0
4,8,10,2,9,0,4,1,0
4,11,8,2,2,0,4,1,0
1,11,8,6,7,1,4,0,0
1,15,9,0,0,4,2,0,0
2,11,8,0,7,3,2,0,0
2,1,6,2,5,0,4,1,0
2,11,8,4,13,3,4,1,0
2,9,12,2,0,0,4,1,1
2,12,13,2,3,0,4,1,1
2,15,9,2,11,0,4,1,0
2,11,8,2,2,0,4,1,1
4,11,8,2,3,5,4,0,0
2,15,9,0,7,3,4,0,0
2,9,12,4,0,3,4,0,0
2,11,8,2,12,0,4,1,1
2,15,9,4,7,3,4,0,0
1,9,12,4,5,3,4,1,0
3,11,8,2,11,0,1,1,1
2,8,10,4,2,1,4,1,0
3,15,9,2,3,0,4,1,0
2,11,8,0,2,1,4,1,0
1,15,9,2,13,0,4,1,0
2,8,10,5,11,1,2,1,0
2,9,12,4,3,1,4,1,0
2,1,6,4,11,3,4,0,0
3,14,14,2,9,0,1,1,1
1,9,12,2,3,0,1,1,1
2,9,12,0,9,4,4,0,0
2,15,9,2,7,5,4,0,0
2,15,9,4,13,4,4,1,0
2,9,12,4,0,1,4,1,0
2,15,9,0,11,3,4,1,0
2,9,12,2,9,0,4,1,1
1,11,8,0,10,1,4,1,0
2,8,10,2,7,0,4,1,0
2,15,9,0,3,1,4,0,1
0,11,8,0,0,4,2,0,0
2,0,5,6,4,4,4,1,0
2,12,13,4,9,1,4,0,0
2,11,8,4,7,3,4,1,0
2,15,9,2,7,5,4,0,0
2,11,8,4,5,2,2,1,0
2,15,9,4,8,3,4,0,0
2,9,12,2,11,0,4,1,1
2,11,8,2,3,0,4,1,1
4,11,8,2,13,0,4,1,1
2,9,12,3,0,1,4,1,0
2,9,12,2,4,0,4,1,1
1,12,13,0,9,4,4,0,0
2,9,12,4,12,3,4,0,0
2,11,8,0,7,4,4,0,0
2,15,9,4,7,3,4,1,0
2,15,9,2,11,0,1,1,1
2,9,12,2,3,0,4,1,1
1,15,9,6,0,4,4,0,0
2,12,13,0,9,1,4,1,0
2,15,9,2,12,0,4,1,0
2,11,8,4,0,4,4,0,0
2,15,9,2,13,0,4,1,0
2,11,8,4,2,3,4,1,0
2,15,9,2,2,3,1,1,0
2,11,8,2,13,0,4,1,0
2,11,8,4,5,3,4,1,0
2,1,6,2,13,0,4,1,0
5,9,12,2,3,5,4,0,1
4,15,9,2,7,0,4,1,1
1,12,13,0,9,1,4,1,0
4,15,9,0,2,1,4,1,0
2,11,8,2,2,0,4,1,0
1,5,3,2,2,0,4,1,0
2,15,9,2,0,0,4,1,0
2,5,3,6,6,1,4,0,0
2,15,9,2,13,0,4,1,1
2,12,13,2,12,0,4,1,0
3,11,8,2,2,0,4,1,1
3,11,8,0,2,4,4,1,0
1,15,9,0,2,4,4,1,0
2,11,8,2,11,0,4,1,1
1,11,8,4,10,4,4,1,0
2,11,8,2,11,0,4,1,1
2,9,12,4,0,1,4,1,0
2,15,9,4,2,1,4,1,0
2,8,10,4,7,1,4,0,0
2,4,2,4,8,4,4,0,0
2,11,8,4,11,1,4,0,0
2,15,9,5,6,1,4,1,0
2,11,8,4,7,3,2,1,0
3,14,14,2,9,0,1,1,1
2,9,12,4,3,3,4,1,1
2,5,3,2,11,2,4,1,0
2,15,9,2,6,0,4,1,0
4,1,6,2,3,0,4,1,1
2,7,11,2,4,0,4,1,1
2,8,10,4,9,1,4,0,0
2,11,8,2,2,0,4,1,0
2,2,7,2,2,0,3,1,0
4,11,8,2,4,0,1,1,0
2,11,8,4,7,3,4,1,0
2,15,9,2,9,0,4,1,0
0,11,8,5,0,2,2,0,0
2,8,10,4,2,1,4,0,0
2,0,5,6,13,1,2,0,0
2,0,5,2,2,0,4,1,0
4,12,13,2,9,0,4,1,1
2,11,8,2,2,0,4,1,0
5,15,9,2,3,0,4,1,0
2,11,8,4,11,4,2,0,0
4,15,9,0,6,1,4,1,0
3,12,13,2,3,0,4,1,1
2,11,8,2,13,0,4,1,1
2,11,8,0,0,1,4,0,0
4,11,8,2,2,0,4,1,0
2,11,8,2,11,0,4,1,0
2,11,8,2,6,0,4,1,0
2,15,9,4,11,3,4,0,0
2,11,8,4,11,3,4,0,0
2,9,12,4,11,1,4,1,0
4,11,8,5,7,1,4,0,0
5,7,11,0,9,4,1,0,0
2,11,8,2,7,0,4,1,0
2,1,6,4,13,3,4,1,0
2,1,6,2,6,0,4,1,0
2,15,9,4,3,1,4,0,0
2,9,12,4,3,1,4,0,0
4,10,15,0,3,1,4,0,0
2,15,9,4,0,2,2,0,0
2,5,3,4,8,1,4,0,0
2,11,8,4,7,3,4,1,0
2,15,9,4,2,3,4,1,0
1,15,9,2,10,0,4,1,0
1,12,13,2,10,0,4,1,1
2,12,13,0,9,4,4,0,0
2,11,8,4,11,1,4,0,0
1,14,14,2,9,0,4,1,1
2,9,12,4,3,1,4,1,0
2,8,10,5,2,1,4,0,0
3,11,8,2,11,0,4,1,0
0,8,10,2,9,0,4,1,0
5,15,9,0,0,3,4,1,0
2,9,12,2,3,0,4,1,1
2,1,6,4,13,3,4,1,0
2,11,8,2,11,0,4,1,0
2,12,13,2,3,0,4,1,1
2,9,12,2,9,0,4,1,1
2,11,8,2,11,0,4,1,0
2,11,8,2,6,0,4,1,1
2,8,10,2,2,0,4,1,1
2,11,8,2,11,0,4,1,0
2,15,9,4,5,3,1,0,0
2,11,8,0,2,1,4,0,0
2,8,10,2,0,5,4,0,0
2,9,12,5,6,4,2,0,0
1,11,8,4,10,3,2,0,0
0,7,11,2,0,0,4,1,1
2,11,8,4,0,3,2,0,0
2,15,9,2,5,0,4,1,0
2,8,10,4,2,1,4,1,0
2,11,8,2,2,0,4,1,0
2,12,13,2,9,0,4,1,0
2,9,12,2,3,0,4,1,1
2,9,12,4,12,1,4,1,0
2,1,6,2,2,0,4,1,0
2,11,8,2,12,0,4,1,0
2,9,12,2,9,0,4,1,1
2,11,8,2,7,5,4,0,0
2,15,9,2,13,0,4,1,1
2,12,13,2,3,0,4,1,1
2,9,12,2,11,0,4,1,1
2,11,8,2,11,5,4,0,0
1,12,13,5,3,4,2,1,1
4,11,8,2,3,0,4,1,0
2,15,9,4,2,1,4,1,0
2,9,12,2,3,0,4,1,0
2,11,8,2,5,0,4,1,0
2,11,8,2,13,0,4,1,0
2,9,12,4,7,1,4,1,0
1,8,10,0,0,4,4,0,0
2,11,8,4,6,3,4,1,0
2,15,9,4,2,1,1,1,0
2,6,4,4,7,3,2,1,0
2,3,1,2,7,5,4,0,0
5,11,8,5,0,4,4,0,0
2,15,9,4,9,3,0,0,0
2,9,12,4,9,1,4,1,1
2,12,13,4,11,1,4,1,1
2,11,8,5,13,2,2,1,0
2,12,13,2,3,0,4,1,1
2,11,8,0,3,1,4,1,0
2,11,8,2,4,0,4,1,0
2,15,9,2,2,0,4,1,1
2,11,8,2,12,0,4,1,0
1,15,9,2,7,5,4,0,0
2,9,12,0,0,1,4,0,0
2,1,6,0,0,4,4,0,0
4,0,5,2,11,0,4,1,1
2,9,12,4,0,3,4,0,0
2,6,4,2,7,0,4,1,0
2,0,5,0,7,4,4,0,0
0,9,12,4,3,1,4,0,0
2,9,12,2,9,5,4,0,1
2,11,8,4,2,1,4,1,0
2,11,8,2,13,0,4,1,0
2,11,8,4,13,4,4,1,0
1,11,8,2,7,5,4,0,1
2,11,8,2,6,0,4,1,0
2,9,12,2,11,0,4,1,0
2,7,11,0,9,1,2,0,0
2,9,12,2,3,0,4,1,1
2,12,13,2,9,0,4,1,1
1,15,9,4,4,3,4,1,0
2,11,8,2,11,0,4,1,0
1,11,8,4,0,1,4,0,0
4,9,12,2,0,5,4,0,1
2,11,8,3,11,3,4,0,0
2,9,12,2,11,0,4,1,1
4,11,8,2,2,0,4,1,0
2,15,9,2,11,0,4,1,0
2,15,9,0,11,3,4,1,0
2,11,8,2,6,0,4,1,0
4,5,3,4,4,2,4,1,0
3,11,8,2,2,0,4,1,1
2,15,9,0,2,1,4,1,0
0,9,12,2,4,0,4,1,1
2,11,8,0,7,1,4,1,0
4,1,6,0,3,4,4,0,0
2,9,12,4,9,3,4,0,0
2,15,9,6,11,1,4,0,0
2,9,12,2,3,5,4,0,0
2,3,1,2,10,2,4,1,0
2,9,12,2,12,0,4,1,1
2,15,9,4,5,3,1,1,0
2,11,8,4,2,1,4,1,0
2,15,9,4,7,4,4,0,0
2,11,8,4,7,3,2,1,0
2,15,9,2,12,0,4,1,0
2,0,5,2,5,0,4,1,0
2,11,8,2,0,5,4,0,1
2,0,5,2,3,0,4,1,0
2,11,8,2,11,0,4,1,0
5,15,9,0,0,1,4,0,0
4,15,9,2,11,0,4,1,0
2,9,12,4,12,3,4,0,0
2,11,8,4,6,3,3,1,0
2,15,9,2,11,0,4,1,0
3,11,8,2,3,0,4,1,0
2,15,9,2,0,5,4,0,1
1,1,6,4,2,4,4,1,0
2,15,9,4,7,1,2,0,0
2,15,9,0,0,4,4,0,0
2,5,3,2,7,5,4,0,0
2,15,9,0,5,1,4,1,0
2,5,3,4,4,2,3,1,0
2,15,9,0,11,4,4,0,0
2,11,8,2,2,0,4,1,0
2,0,5,0,7,4,2,0,0
2,11,8,4,7,3,2,0,0
1,10,15,2,3,0,4,1,0
2,15,9,4,11,3,4,1,0
4,14,14,2,9,0,4,1,1
1,9,12,2,10,0,4,1,0
2,15,9,2,2,0,4,1,0
2,12,13,2,9,0,2,1,1
2,0,5,4,11,3,4,1,0
2,11,8,2,2,0,4,1,0
2,11,8,2,11,0,4,1,0
2,14,14,2,9,0,4,1,1
2,4,2,2,6,0,4,1,0
2,11,8,4,11,3,4,0,0
2,15,9,2,0,0,4,1,1
2,6,4,2,6,5,4,0,0
2,11,8,2,2,0,4,1,0
2,11,8,2,2,0,4,1,1
4,12,13,2,3,0,4,1,1
3,12,13,0,11,1,4,1,1
2,11,8,5,0,4,4,0,0
2,11,8,4,5,3,4,1,0
2,11,8,4,9,3,4,0,0
2,15,9,4,11,3,4,0,0
2,9,12,2,3,0,4,1,1
2,11,8,0,6,1,4,1,0
2,9,12,2,2,3,4,1,1
0,9,12,4,10,1,4,0,0
0,11,8,2,0,0,4,1,1
2,11,8,0,2,1,4,1,0
2,11,8,2,11,0,4,1,1
4,10,15,4,9,3,4,0,0
0,9,12,4,12,1,3,1,0
1,9,12,4,9,1,4,0,0
2,11,8,2,12,0,4,1,0
2,9,12,0,12,1,4,0,0
5,9,12,0,9,1,4,1,0
2,11,8,0,7,1,4,0,0
1,11,8,2,2,0,4,1,0
2,11,8,0,13,1,4,1,0
2,0,5,2,0,0,4,1,0
1,12,13,0,10,1,2,1,1
2,10,15,2,9,0,1,1,1
2,11,8,2,13,0,4,1,0
2,9,12,4,0,1,4,0,0
2,1,6,0,4,1,4,1,0
4,11,8,2,4,0,4,1,1
2,7,11,4,0,1,4,0,0
2,11,8,2,6,0,4,1,0
2,11,8,2,11,0,4,1,0
0,7,11,2,3,0,4,1,1
2,11,8,0,0,4,4,0,0
5,15,9,2,9,0,4,1,0
2,9,12,2,3,0,4,1,1
2,11,8,2,6,5,4,0,0
2,15,9,4,2,1,4,1,0
2,9,12,4,11,1,2,0,0
1,9,12,2,9,0,2,1,0
2,15,9,2,0,0,4,1,0
2,11,8,5,7,4,2,0,0
2,11,8,5,7,1,2,0,0
2,4,2,4,5,2,4,1,0
2,9,12,0,9,4,4,0,0
2,9,12,4,2,1,4,1,1
2,0,5,0,0,4,4,0,0
2,0,5,0,11,1,4,0,0
2,2,7,2,9,0,4,1,1
2,9,12,2,9,0,4,1,1
2,11,8,2,6,5,1,0,0
2,11,8,2,2,0,4,1,0
2,9,12,0,12,4,4,0,0
5,11,8,2,11,0,4,1,0
2,8,10,4,0,3,4,0,0
1,15,9,2,3,0,4,1,1
2,9,12,6,9,1,4,0,0
1,0,5,4,7,1,4,1,0
1,15,9,2,10,0,4,1,0
2,11,8,2,0,5,4,0,1
3,11,8,2,2,0,4,1,0
2,1,6,2,13,0,4,1,0
4,15,9,0,3,1,0,0,0
3,15,9,4,2,1,4,1,0
2,11,8,5,9,4,4,0,0
2,11,8,0,3,1,4,0,0
2,15,9,0,9,1,4,0,0
1,11,8,4,2,2,0,1,0
2,11,8,2,6,0,4,1,0
2,11,8,2,6,0,4,1,1
2,15,9,0,9,1,4,0,0
2,11,8,2,7,0,4,1,0
2,15,9,4,0,4,1,0,0
2,11,8,2,11,0,4,1,0
2,9,12,2,11,0,4,1,1
3,9,12,0,11,1,4,0,0
2,11,8,4,3,1,4,0,0
2,8,10,2,11,0,4,1,0
5,7,11,6,9,1,4,0,0
1,11,8,2,0,0,4,1,0
2,11,8,4,12,1,4,1,0
2,11,8,2,0,5,4,0,1
4,11,8,2,4,0,4,1,0
3,2,7,6,11,1,4,1,1
2,5,3,4,7,1,4,1,0
4,5,3,4,7,2,4,0,0
3,9,12,2,3,0,4,1,1
3,11,8,0,10,1,4,1,0
2,11,8,2,2,0,4,1,1
2,11,8,0,6,3,4,1,0
1,0,5,2,2,0,4,1,0
2,11,8,0,7,4,4,0,0
2,11,8,5,7,4,4,0,0
2,5,3,0,7,4,4,0,0
2,15,9,2,9,0,4,1,1
2,10,15,2,9,0,4,1,1
2,15,9,0,12,1,4,1,1
2,9,12,4,12,1,4,1,0
2,11,8,2,13,0,4,1,0
2,9,12,2,9,0,4,1,1
2,9,12,4,3,1,4,1,1
2,1,6,2,6,0,3,1,0
2,9,12,4,9,1,4,0,0
2,11,8,2,5,0,4,1,0
2,11,8,2,2,0,4,1,0
2,11,8,6,7,1,4,0,0
4,5,3,2,11,0,4,1,0
4,7,11,4,9,3,2,0,0
2,4,2,4,7,1,4,0,0
2,15,9,4,7,1,4,0,0
0,9,12,2,3,0,4,1,1
5,15,9,0,0,4,4,0,0
4,15,9,2,7,0,4,1,0
0,11,8,6,3,1,4,0,0
2,9,12,2,9,5,4,0,1
2,9,12,4,5,1,2,1,0
5,15,9,4,9,3,4,0,0
2,9,12,2,0,0,4,1,1
2,9,12,2,3,0,4,1,0
2,9,12,2,11,0,4,1,1
2,12,13,2,3,0,4,1,1
2,11,8,4,6,1,4,0,0
2,8,10,4,7,1,4,1,0
4,11,8,2,3,0,4,1,0
2,15,9,2,13,0,2,1,0
2,8,10,2,13,0,4,1,0
2,9,12,2,9,0,4,1,0
2,9,12,2,7,0,4,1,0
2,11,8,0,7,1,4,0,0
1,2,7,2,5,0,4,1,0
2,15,9,4,2,1,4,1,0
2,11,8,2,7,0,4,1,0
1,9,12,2,9,5,4,0,1
3,14,14,2,9,0,4,1,1
2,11,8,4,4,1,4,1,0
4,15,9,2,11,0,4,1,1
2,1,6,6,11,1,4,0,0
2,15,9,2,3,0,4,1,0
1,12,13,0,9,1,4,0,0
2,11,8,4,7,3,4,1,0
2,15,9,4,11,1,4,1,0
2,11,8,2,11,0,4,1,0
2,11,8,0,0,4,2,0,0
2,15,9,0,3,1,4,1,0
1,12,13,2,3,0,4,1,1
2,7,11,4,0,3,4,0,0
2,5,3,2,6,5,3,0,0
2,11,8,2,12,0,4,1,1
2,0,5,4,5,3,4,1,0
2,11,8,4,7,2,2,1,0
2,11,8,0,0,1,4,0,0
2,11,8,0,11,1,4,0,0
2,11,8,2,11,5,4,0,0
2,15,9,2,0,0,4,1,1
3,9,12,2,3,0,4,1,1
5,12,13,4,9,1,2,0,0
2,8,10,2,9,5,4,0,0
2,11,8,2,13,0,4,1,0
2,7,11,2,8,2,4,0,0
2,12,13,2,9,0,4,1,1
2,11,8,4,2,1,4,1,0
2,15,9,4,11,3,4,0,0
2,11,8,2,2,0,4,1,1
1,11,8,4,7,4,4,0,0
2,11,8,4,2,3,4,1,0
2,12,13,4,9,3,4,0,1
1,15,9,2,7,0,4,1,0
2,1,6,4,7,3,4,0,0
2,11,8,6,5,4,4,0,0
2,2,7,2,6,2,3,1,0
1,8,10,4,12,3,4,0,0
2,7,11,0,2,4,4,1,1
2,8,10,2,12,5,4,0,1
5,11,8,2,12,0,4,1,0
2,11,8,4,2,3,4,1,0
3,15,9,2,11,5,4,0,1
2,9,12,2,9,0,0,1,1
4,15,9,2,9,5,4,0,0
2,15,9,4,8,1,4,0,0
2,9,12,2,3,0,4,1,1
2,5,3,2,5,0,4,1,0
2,6,4,0,11,1,4,0,0
2,15,9,0,2,4,4,1,0
2,9,12,2,13,0,4,1,1
2,15,9,4,11,3,4,0,0
2,15,9,2,11,0,4,1,1
2,10,15,2,3,0,4,1,1
2,9,12,2,9,0,4,1,1
2,15,9,5,13,1,0,0,0
2,2,7,4,6,4,4,1,0
2,11,8,4,5,3,4,1,0
2,3,1,4,6,1,4,1,0
2,9,12,2,9,0,4,1,0
2,12,13,2,3,0,4,1,1
1,14,14,2,3,0,4,1,1
2,11,8,2,6,0,4,1,1
1,9,12,4,12,3,4,0,0
2,9,12,2,7,0,4,1,1
2,8,10,5,6,1,2,0,0
2,11,8,2,2,0,4,1,1
2,11,8,4,2,1,4,1,0
2,15,9,4,11,3,4,0,0
2,9,12,4,9,1,4,0,0
3,11,8,2,3,0,4,1,1
4,15,9,2,7,0,2,1,0
2,11,8,2,11,0,4,1,1
2,11,8,2,6,0,4,1,0
2,11,8,4,7,4,2,0,0
4,15,9,6,4,1,4,0,0
2,15,9,4,5,3,4,1,0
2,11,8,4,5,2,2,1,0
2,11,8,2,3,0,4,1,1
2,15,9,0,0,1,2,1,0
2,8,10,0,9,4,4,0,0
2,10,15,3,9,4,0,0,0
2,11,8,0,2,4,4,1,0
2,11,8,4,13,4,4,1,0
2,6,4,2,7,0,4,1,0
2,11,8,0,5,4,2,0,0
2,8,10,2,2,0,4,1,1
2,10,15,2,9,0,4,1,1
2,8,10,4,6,4,2,0,0
2,9,12,2,12,0,4,1,1
2,11,8,2,5,0,4,1,0
2,15,9,2,2,0,4,1,0
2,11,8,2,2,0,4,1,0
2,15,9,4,2,3,0,1,0
2,7,11,2,9,0,4,1,1
2,11,8,4,5,4,4,1,0
2,8,10,2,6,0,4,1,1
2,11,8,5,13,1,4,1,0
2,9,12,2,3,0,4,1,1
1,12,13,0,9,1,4,0,0
1,12,13,4,9,1,4,0,0
1,15,9,4,9,1,4,1,0
2,15,9,4,0,3,4,0,0
2,9,12,0,3,1,2,0,1
2,4,2,0,8,4,4,0,0
2,11,8,2,13,0,4,1,1
2,11,8,2,13,5,4,0,1
2,11,8,0,6,2,4,0,0
4,15,9,2,4,0,4,1,0
2,11,8,0,7,4,4,0,0
2,11,8,0,0,1,4,0,0
2,7,11,0,3,4,2,0,0
2,9,12,0,9,1,4,0,0
4,11,8,6,2,1,4,1,0
1,7,11,2,10,0,4,1,0
2,11,8,2,2,0,4,1,0
2,15,9,4,7,3,2,0,0
2,14,14,4,9,1,4,0,0
1,9,12,2,3,0,4,1,0
2,9,12,4,12,1,4,0,0
2,15,9,4,11,1,4,1,0
0,7,11,2,7,0,2,1,0
1,5,3,6,7,1,4,0,0
2,7,11,2,6,0,2,1,0
4,11,8,3,13,2,1,1,1
2,9,12,4,0,3,1,0,0
2,9,12,0,9,1,4,0,0
2,15,9,4,0,3,4,1,0
2,11,8,4,7,3,2,1,0
2,15,9,2,5,0,4,1,1
3,11,8,2,3,0,4,1,1
1,9,12,2,3,0,4,1,0
2,15,9,4,6,1,4,0,0
2,11,8,4,7,1,4,0,0
2,8,10,5,9,2,4,0,0
4,11,8,4,2,2,0,1,0
2,7,11,0,7,4,2,0,0
2,9,12,2,6,0,3,1,0
4,9,12,2,3,0,4,1,0
1,9,12,0,12,1,4,0,1
2,11,8,2,7,0,4,1,0
2,11,8,4,7,1,4,0,0
2,15,9,4,11,1,4,1,0
2,5,3,4,5,3,4,1,0
2,11,8,2,11,0,4,1,1
2,2,7,2,4,0,3,1,0
5,15,9,2,4,0,4,1,0
2,11,8,4,7,3,4,0,0
2,9,12,2,3,0,4,1,1
1,11,8,2,3,0,4,1,1
2,4,2,3,8,1,4,0,0
2,9,12,4,11,1,4,1,0
2,9,12,2,3,0,4,1,1
2,11,8,0,3,1,4,1,0
2,11,8,4,5,4,4,0,0
1,15,9,4,4,1,4,1,0
2,5,3,0,6,4,4,0,0
2,6,4,2,6,2,1,1,0
2,11,8,4,7,1,4,1,0
5,2,7,2,12,5,4,0,1
5,1,6,4,7,3,4,1,0
1,15,9,4,3,4,2,0,0
2,14,14,2,9,0,4,1,1
4,11,8,2,0,5,4,0,1
2,11,8,4,11,3,2,0,0
2,11,8,4,5,3,4,0,0
4,11,8,0,7,1,4,0,0
2,11,8,2,6,0,4,1,0
2,11,8,4,0,1,4,0,0
2,11,8,2,7,0,4,1,0
2,11,8,2,5,0,4,1,0
2,15,9,2,11,0,4,1,0
2,11,8,0,3,1,4,0,0
2,8,10,2,2,0,4,1,0
1,15,9,4,0,1,4,0,0
2,11,8,0,7,1,4,1,0
3,9,12,2,2,0,4,1,1
5,11,8,0,0,4,4,0,0
1,15,9,4,9,2,4,1,0
2,1,6,4,9,3,4,0,0
2,15,9,4,3,1,4,1,0
4,15,9,2,2,0,4,1,0
4,9,12,2,3,0,4,1,0
1,8,10,2,12,0,4,1,0
5,11,8,4,7,4,2,0,0
2,9,12,4,9,1,4,0,0
2,9,12,4,2,3,4,1,0
0,11,8,0,0,1,4,1,0
2,9,12,4,12,1,4,1,0
2,0,5,2,11,0,4,1,0
2,14,14,2,11,0,4,1,1
2,1,6,4,11,3,4,1,0
2,11,8,0,6,2,3,0,0
2,12,13,2,9,0,4,1,0
2,15,9,2,11,0,4,1,0
2,11,8,0,2,4,4,1,0
4,11,8,2,9,0,4,1,0
2,15,9,4,11,3,4,1,0
5,15,9,2,10,0,4,1,0
2,15,9,0,7,1,4,1,0
2,11,8,6,11,2,4,0,0
2,5,3,2,2,0,4,1,0
1,12,13,2,3,0,4,1,0
2,9,12,4,0,1,4,0,0
3,9,12,2,11,0,4,1,1
2,4,2,0,4,4,4,1,0
2,15,9,2,0,5,4,0,1
2,15,9,4,7,1,4,1,0
2,15,9,2,12,0,4,1,0
2,0,5,0,0,4,2,0,0
2,11,8,0,11,4,4,0,0
0,11,8,0,0,4,4,0,0
1,9,12,4,9,3,2,0,0
2,7,11,2,6,0,2,1,1
2,9,12,4,0,3,4,1,0
5,15,9,5,3,3,4,1,0
3,11,8,2,3,0,4,1,0
5,15,9,4,9,3,4,0,0
2,11,8,2,5,0,4,1,0
2,9,12,4,9,1,4,0,0
4,9,12,2,3,0,4,1,0
2,11,8,5,11,4,2,0,0
3,11,8,6,11,4,4,0,0
2,15,9,4,7,3,4,0,0
2,11,8,4,5,4,2,0,0
2,11,8,2,6,0,4,1,0
2,15,9,4,12,1,2,1,0
2,1,6,4,3,3,4,0,0
2,11,8,2,2,0,4,1,1
4,9,12,2,9,0,4,1,0
2,15,9,0,9,4,4,0,0
2,9,12,2,9,5,4,0,1
2,9,12,2,11,0,4,1,1
4,11,8,2,11,5,4,0,0
2,11,8,0,11,1,4,1,0
2,11,8,0,13,1,4,1,0
2,11,8,2,12,0,4,1,0
2,12,13,2,3,0,4,1,1
2,1,6,3,5,3,4,1,0
2,9,12,4,9,1,4,0,0
2,2,7,4,5,3,4,1,0
2,9,12,4,11,1,4,0,0
4,11,8,2,13,0,4,1,0
2,11,8,2,7,5,4,0,0
2,0,5,0,2,1,4,1,0
3,9,12,2,0,5,1,0,0
2,11,8,2,13,0,4,1,0
4,15,9,0,11,1,4,0,0
2,11,8,0,9,1,4,1,0
2,15,9,4,0,1,4,0,0
2,12,13,2,3,0,4,1,1
2,11,8,0,7,4,4,0,0
2,15,9,4,3,3,4,1,0
5,11,8,2,7,0,0,1,0
5,7,11,4,0,4,2,0,0
2,6,4,2,2,0,4,1,0
2,11,8,4,7,1,4,1,0
2,9,12,2,11,0,4,1,0
2,11,8,2,2,0,4,1,0
2,9,12,4,3,1,4,1,1
0,14,14,4,9,1,2,0,0
2,15,9,2,0,5,2,0,1
3,9,12,2,11,0,4,1,1
2,0,5,2,5,0,4,1,0
0,9,12,2,0,0,4,1,1
2,7,11,2,3,0,4,1,1
4,9,12,2,3,0,4,1,1
2,15,9,2,6,0,4,1,1
2,9,12,4,13,3,4,1,0
2,9,12,4,0,1,4,0,0
1,12,13,0,9,1,4,0,0
2,15,9,2,3,0,4,1,1
2,15,9,4,11,3,4,0,0
1,12,13,2,9,0,4,1,0
2,11,8,2,2,0,4,1,0
2,15,9,4,7,1,4,1,0
2,9,12,6,9,1,4,0,0
2,7,11,2,3,0,4,1,1
4,8,10,6,9,4,4,0,0
2,11,8,0,0,1,1,0,0
4,0,5,2,4,0,4,1,0
1,11,8,6,7,4,4,0,0
0,2,7,2,1,0,4,1,0
4,11,8,4,3,1,4,1,0
2,7,11,0,7,1,4,0,0
1,9,12,2,9,0,4,1,0
2,11,8,2,6,0,4,1,0
2,15,9,2,3,0,4,1,1
2,14,14,2,9,0,4,1,1
2,15,9,2,3,5,2,0,0
4,11,8,4,2,3,4,1,0
4,12,13,2,11,0,4,1,0
2,11,8,4,12,3,4,1,0
2,11,8,2,0,5,4,0,1
2,14,14,2,9,0,4,1,1
2,11,8,4,12,1,1,1,0
2,15,9,4,0,1,4,0,0
3,5,3,4,2,4,2,1,0
2,15,9,4,0,3,4,0,0
1,12,13,2,3,0,4,1,0
2,10,15,2,9,0,4,1,1
3,0,5,4,11,3,4,1,0
2,9,12,2,3,5,4,0,1
2,15,9,4,7,2,1,1,0
2,9,12,4,3,3,4,0,0
0,15,9,2,3,0,4,1,1
2,11,8,0,5,1,4,0,0
2,12,13,4,9,1,4,1,0
2,10,15,4,9,1,4,1,0
0,15,9,1,0,5,4,0,1
2,11,8,4,2,2,1,1,0
2,11,8,4,6,4,4,1,0
2,15,9,4,0,2,4,1,0
2,11,8,4,5,1,4,1,0
2,15,9,4,7,1,4,1,0
4,9,12,4,11,1,4,1,0
2,12,13,4,0,1,4,0,1
2,7,11,2,0,0,4,1,0
2,9,12,2,9,0,4,1,1
2,15,9,4,5,3,1,1,0
1,9,12,2,10,0,4,1,1
2,11,8,2,7,5,2,0,0
2,11,8,4,11,1,4,1,0
0,15,9,2,12,0,4,1,1
1,8,10,4,7,4,2,0,0
2,7,11,0,0,1,4,1,0
1,15,9,4,0,1,1,0,0
4,11,8,2,11,0,4,1,0
1,11,8,2,7,0,2,1,0
2,11,8,2,2,0,4,1,0
2,11,8,2,7,0,4,1,1
2,15,9,6,3,1,4,1,0
4,8,10,2,4,0,4,1,0
2,11,8,0,8,1,4,0,0
2,9,12,4,7,1,4,0,0
5,7,11,2,12,0,4,1,1
2,11,8,2,6,0,4,1,0
2,9,12,2,3,0,4,1,1
2,15,9,2,12,0,4,1,1
0,15,9,2,3,0,4,1,1
2,9,12,4,0,1,4,0,0
2,1,6,2,7,0,2,1,0
5,9,12,4,3,1,4,1,0
2,0,5,2,13,0,4,1,0
2,9,12,2,3,0,4,1,0
2,15,9,4,5,3,4,1,0
1,15,9,2,10,0,4,1,1
2,11,8,2,0,0,4,1,0
2,6,4,5,7,4,3,0,0
4,11,8,0,3,1,4,0,1
2,11,8,0,6,4,4,1,0
2,11,8,4,2,1,4,1,0
2,8,10,2,0,0,4,1,1
2,11,8,0,0,4,4,0,0
2,8,10,0,0,1,4,0,0
4,14,14,2,9,0,4,1,1
2,11,8,4,11,1,4,0,0
2,9,12,4,7,2,4,1,0
2,14,14,4,9,2,4,1,0
2,7,11,5,2,1,4,1,0
4,15,9,0,7,4,4,1,0
4,8,10,2,11,0,4,1,1
2,9,12,2,3,0,2,1,1
2,15,9,2,2,0,4,1,1
2,11,8,2,6,0,4,1,0
2,9,12,4,0,1,4,0,0
4,9,12,2,11,0,4,1,1
2,11,8,2,2,0,4,1,0
2,7,11,0,3,1,4,1,0
2,11,8,2,2,0,4,1,1
2,15,9,4,0,1,4,1,0
5,11,8,4,13,1,4,0,1
0,11,8,2,6,0,4,1,0
2,9,12,2,11,5,4,0,1
2,11,8,2,10,0,4,1,0
2,9,12,2,3,0,4,1,1
0,9,12,4,9,1,4,0,0
2,15,9,2,4,0,4,1,0
2,9,12,4,7,1,4,0,0
2,1,6,4,5,3,4,1,0
2,1,6,2,8,2,4,0,0
5,11,8,2,0,5,4,0,0
2,15,9,0,0,4,4,0,0
2,15,9,5,5,1,4,1,0
0,15,9,4,9,4,4,0,0
4,11,8,2,2,0,4,1,0
2,11,8,2,5,0,4,1,0
2,11,8,2,2,0,4,1,0
4,5,3,2,4,0,4,1,0
4,11,8,0,11,1,4,0,0
2,9,12,2,12,0,4,1,0
2,11,8,2,11,0,4,1,0
2,11,8,4,7,3,4,0,0
2,15,9,0,6,1,4,1,0
2,11,8,0,2,1,4,1,0
2,15,9,3,11,4,4,0,0
3,11,8,2,3,0,4,1,0
2,14,14,2,11,5,0,0,1
2,15,9,0,0,4,4,0,0
2,12,13,2,9,0,4,1,1
2,15,9,0,3,4,4,0,0
4,15,9,2,11,0,4,1,0
2,11,8,2,9,0,4,1,0
4,11,8,2,11,0,4,1,1
2,15,9,4,11,1,4,1,0
2,8,10,2,2,0,4,1,1
2,11,8,4,4,3,4,1,0
2,11,8,2,13,0,4,1,0
2,15,9,2,2,0,4,1,1
2,15,9,4,0,1,4,0,0
2,15,9,4,0,3,1,0,0
2,9,12,2,9,0,4,1,1
5,8,10,2,9,0,4,1,1
2,11,8,2,0,0,4,1,0
2,9,12,2,11,0,4,1,1
5,11,8,3,3,4,4,0,0
2,8,10,0,7,3,4,0,0
4,9,12,2,11,0,4,1,0
2,11,8,2,6,0,4,1,0
2,11,8,2,2,0,4,1,0
2,11,8,4,11,1,4,1,0
2,9,12,2,3,0,4,1,0
2,15,9,5,11,1,4,1,0
2,11,8,2,3,0,4,1,0
4,9,12,2,4,0,4,1,0
4,11,8,2,11,0,4,1,0
2,11,8,4,2,2,4,1,0
2,7,11,0,12,4,4,0,0
4,14,14,2,9,0,4,1,1
2,8,10,2,13,0,4,1,1
2,11,8,4,7,1,4,0,0
2,9,12,2,9,0,1,1,0
2,5,3,2,2,0,4,1,0
2,12,13,4,0,1,4,0,1
3,15,9,2,3,0,4,1,1
2,11,8,4,0,3,4,1,0
2,11,8,0,0,4,2,0,0
4,0,5,2,7,0,4,1,0
2,7,11,4,0,3,4,1,0
2,11,8,0,6,4,4,1,0
2,9,12,4,11,1,4,1,1
1,12,13,2,3,0,4,1,1
2,7,11,2,11,5,3,0,1
2,15,9,4,11,2,4,1,0
2,6,4,4,2,1,4,1,0
2,9,12,2,9,5,4,0,0
2,11,8,2,2,0,4,1,1
2,7,11,0,3,4,4,0,0
2,11,8,4,2,3,4,1,0
2,9,12,2,9,0,4,1,1
2,11,8,2,2,0,4,1,0
2,0,5,2,3,0,4,1,1
2,11,8,0,0,1,4,0,0
2,15,9,2,0,5,4,0,0
2,9,12,4,3,3,4,1,0
2,15,9,4,0,1,4,0,0
2,10,15,2,9,0,4,1,0
5,15,9,4,7,1,4,1,0
2,15,9,2,3,0,4,1,1
2,9,12,2,11,0,4,1,1
2,11,8,0,11,1,4,1,0
2,9,12,2,11,0,4,1,0
2,15,9,2,11,0,4,1,0
2,11,8,2,3,5,4,0,0
2,15,9,6,0,1,4,0,0
2,0,5,0,2,1,4,1,0
2,8,10,2,2,0,4,1,0
2,15,9,2,3,0,4,1,1
2,11,8,2,11,0,4,1,1
2,7,11,2,3,0,4,1,1
2,12,13,4,11,1,4,1,1
2,5,3,2,2,0,4,1,0
2,11,8,2,4,0,4,1,0
2,15,9,4,2,1,4,1,0
2,11,8,0,5,1,4,1,0
2,11,8,4,5,3,4,1,0
2,15,9,0,7,1,4,0,0
2,11,8,2,2,0,4,1,1
1,11,8,4,7,4,0,1,0
2,15,9,4,0,1,4,0,0
2,4,2,2,2,0,4,1,0
2,11,8,2,6,0,4,1,1
2,15,9,0,0,4,2,0,0
2,4,2,0,5,4,4,1,0
2,1,6,2,2,0,4,1,1
4,15,9,2,3,0,4,1,1
2,5,3,0,3,1,4,1,0
2,2,7,2,13,0,2,1,1
1,9,12,4,0,1,4,0,1
2,11,8,4,0,2,4,1,0
3,11,8,0,2,4,4,1,0
2,1,6,2,2,0,4,1,0
2,9,12,2,3,5,4,0,0
4,1,6,2,4,0,4,1,1
4,10,15,2,9,5,4,0,1
2,9,12,4,0,3,4,0,0
2,11,8,0,13,4,2,0,0
0,15,9,2,11,0,4,1,0
2,11,8,0,2,1,4,1,0
2,6,4,2,7,0,4,1,1
2,15,9,0,3,4,4,0,0
2,11,8,2,11,0,4,1,0
0,11,8,2,2,0,4,1,0
0,8,10,0,2,1,4,1,0
4,15,9,4,4,1,4,1,0
2,9,12,4,0,1,1,1,0
2,15,9,4,0,4,3,1,0
2,4,2,2,7,2,4,0,0
2,8,10,2,3,0,4,1,1
2,11,8,4,6,3,4,1,0
2,11,8,2,2,0,4,1,0
2,11,8,4,13,3,4,1,0
5,15,9,4,10,1,4,1,0
1,12,13,2,9,0,4,1,1
2,15,9,4,0,1,4,1,0
2,9,12,2,0,0,4,1,1
2,15,9,0,7,1,4,0,0
2,11,8,6,11,4,4,0,0
2,11,8,5,5,4,2,0,0
2,10,15,0,9,2,4,1,1
2,9,12,4,9,1,4,1,0
2,9,12,4,3,1,4,1,0
2,11,8,4,11,3,4,1,0
2,11,8,4,0,3,4,0,0
4,11,8,2,3,0,4,1,1
4,14,14,0,9,2,4,1,0
4,15,9,2,4,0,4,1,0
2,8,10,2,2,0,4,1,0
1,9,12,0,0,4,1,0,0
1,8,10,0,10,4,4,1,0
2,1,6,4,5,3,4,1,0
5,15,9,2,10,0,4,1,0
2,15,9,4,7,3,4,0,0
2,11,8,2,13,0,4,1,0
1,15,9,2,10,0,4,1,0
2,14,14,0,9,1,4,1,1
2,11,8,2,2,0,4,1,0
2,15,9,2,12,0,4,1,0
5,9,12,6,3,4,4,0,0
2,11,8,4,11,1,4,1,0
2,0,5,2,2,0,4,1,0
1,9,12,2,3,0,4,1,1
2,11,8,4,7,4,4,0,0
1,1,6,4,9,3,4,0,0
2,11,8,2,2,0,4,1,0
2,11,8,4,6,4,2,0,0
1,9,12,0,9,1,2,0,0
4,11,8,2,4,0,4,1,0
2,11,8,0,0,4,4,0,0
3,11,8,2,2,0,4,1,0
3,9,12,2,11,0,4,1,0
1,12,13,2,9,5,4,0,1
2,9,12,2,9,0,4,1,0
2,0,5,2,13,0,4,1,1
2,11,8,4,0,1,4,0,0
4,11,8,2,4,0,4,1,0
2,9,12,4,2,1,4,1,0
0,14,14,2,9,0,1,1,1
2,9,12,4,9,3,4,0,0
2,13,0,4,4,1,4,1,0
2,15,9,4,7,1,4,0,0
2,11,8,2,0,5,4,0,1
2,9,12,4,0,2,4,1,0
2,9,12,5,3,4,4,0,0
1,15,9,4,0,3,4,0,0
2,6,4,5,2,3,4,1,0
2,11,8,4,0,1,4,0,0
2,11,8,6,11,1,4,0,0
2,11,8,0,2,4,4,1,0
2,8,10,2,11,0,4,1,0
3,12,13,4,3,1,4,0,1
2,11,8,2,11,0,4,1,1
2,11,8,4,6,1,4,1,0
4,11,8,2,13,0,4,1,1
2,11,8,0,7,4,4,0,0
4,11,8,2,2,0,4,1,0
0,15,9,2,12,5,4,0,0
1,12,13,2,9,0,4,1,0
2,15,9,4,10,2,2,1,0
0,11,8,2,12,0,4,1,1
2,11,8,0,2,1,4,1,0
2,15,9,2,9,0,0,1,0
2,9,12,2,9,0,4,1,1
2,11,8,4,2,1,4,1,0
1,7,11,0,7,4,4,0,0
2,11,8,4,5,3,4,1,0
2,0,5,5,13,4,2,1,1
2,11,8,2,2,0,4,1,0
3,9,12,2,11,0,1,1,1
2,0,5,2,6,0,4,1,0
2,9,12,0,11,1,2,1,1
2,11,8,0,9,4,4,0,1
2,11,8,4,7,1,4,1,0
4,14,14,2,9,0,4,1,1
3,11,8,5,4,1,4,1,1
3,9,12,2,11,0,1,1,1
2,15,9,4,11,3,2,0,0
2,15,9,0,11,1,4,0,0
2,11,8,0,7,2,4,0,0
2,1,6,5,7,4,2,0,0
2,8,10,2,9,0,4,1,1
2,0,5,4,7,3,4,1,0
2,15,9,2,13,0,4,1,0
2,7,11,0,0,4,4,0,0
2,9,12,2,11,0,4,1,1
2,11,8,2,7,0,4,1,0
2,15,9,4,11,3,4,1,0
2,5,3,2,6,0,4,1,0
2,9,12,2,9,0,4,1,1
2,11,8,2,2,0,4,1,1
2,10,15,4,9,1,4,1,0
2,15,9,2,3,0,4,1,0
3,15,9,2,2,0,4,1,0
2,9,12,4,9,1,4,1,0
2,11,8,0,6,4,4,0,0
2,11,8,0,2,1,4,1,0
4,9,12,2,11,0,4,1,1
2,11,8,4,9,3,4,1,0
2,8,10,0,9,4,4,0,0
4,15,9,2,13,0,4,1,0
2,11,8,2,2,0,4,1,1
3,8,10,2,2,0,4,1,0
3,15,9,2,3,0,4,1,1
2,6,4,6,7,4,2,0,0
2,15,9,2,7,0,4,1,0
1,11,8,2,5,0,4,1,0
2,0,5,2,6,0,4,1,0
2,1,6,0,3,1,4,0,0
0,11,8,4,5,1,0,1,0
2,15,9,2,6,0,4,1,0
1,15,9,2,3,0,4,1,0
2,11,8,2,7,0,2,1,1
2,11,8,0,7,2,1,0,0
2,14,14,2,3,5,4,0,1
2,15,9,4,0,1,4,1,0
2,15,9,4,7,3,2,1,0
2,1,6,4,7,3,4,1,0
2,15,9,4,4,3,4,1,0
2,15,9,4,7,2,2,1,0
0,15,9,2,3,0,4,1,1
2,7,11,2,3,0,4,1,0
2,9,12,2,11,0,4,1,0
2,12,13,2,3,0,4,1,0
2,9,12,4,3,1,4,0,0
2,11,8,0,6,1,4,1,0
2,15,9,4,7,1,4,1,0
5,15,9,2,10,0,4,1,1
2,11,8,2,2,0,4,1,1
4,7,11,0,2,1,4,1,0
2,15,9,2,2,0,4,1,1
0,9,12,2,9,0,1,1,1
2,11,8,4,2,1,4,1,1
2,9,12,2,9,0,1,1,1
2,11,8,4,11,1,4,0,0
2,6,4,2,6,0,4,1,1
3,11,8,2,9,5,4,0,1
2,9,12,4,11,4,2,1,0
2,11,8,0,11,1,4,1,0
2,11,8,2,2,0,4,1,0
2,15,9,4,7,1,4,0,0
2,15,9,0,3,4,2,0,0
2,11,8,4,6,2,2,0,0
2,11,8,4,3,3,2,1,0
0,11,8,6,0,4,4,0,0
2,11,8,4,7,1,2,1,0
5,9,12,4,9,1,1,1,0
4,10,15,2,9,0,4,1,0
2,15,9,2,11,0,4,1,0
2,11,8,0,2,1,4,1,0
2,15,9,2,6,0,2,1,0
2,6,4,2,13,0,4,1,0
3,11,8,2,11,0,4,1,0
2,9,12,4,13,1,4,1,0
2,11,8,2,2,0,4,1,0
2,11,8,2,4,0,1,1,0
2,9,12,4,9,1,2,0,0
1,15,9,2,2,0,4,1,1
2,15,9,4,2,3,4,1,0
2,15,9,4,3,3,3,0,0
2,11,8,2,3,2,4,0,0
2,9,12,4,7,3,4,0,0
2,2,7,4,7,3,4,0,0
2,11,8,2,6,0,2,1,0
2,9,12,4,0,3,4,1,0
2,6,4,4,11,4,4,0,0
2,11,8,4,4,1,4,1,0
2,12,13,2,3,5,4,0,1
2,15,9,4,3,1,4,0,0
3,11,8,2,11,0,4,1,1
2,6,4,4,8,1,4,0,0
3,2,7,2,3,0,4,1,0
2,1,6,4,2,3,4,1,0
2,1,6,4,7,3,2,0,0
2,11,8,6,0,4,4,0,0
2,8,10,2,12,0,4,1,0
0,9,12,3,3,1,4,0,0
0,11,8,2,2,0,4,1,1
4,14,14,2,9,0,4,1,1
2,11,8,4,2,3,4,1,0
2,11,8,2,7,5,4,0,1
4,8,10,0,7,4,4,0,0
5,15,9,4,10,1,4,1,0
2,15,9,4,0,3,4,1,0
2,0,5,4,11,4,3,0,0
2,11,8,4,13,3,4,1,0
0,2,7,4,7,4,2,0,0
2,11,8,0,2,1,4,1,0
2,15,9,4,7,1,4,0,0
2,11,8,4,7,1,2,0,0
2,11,8,5,2,1,4,0,0
4,15,9,6,3,1,4,1,0
2,11,8,5,11,1,4,0,0
2,1,6,6,6,1,4,0,0
2,8,10,4,0,3,4,0,1
1,15,9,4,10,3,4,1,0
2,11,8,0,2,1,4,1,0
2,6,4,2,3,0,4,1,0
2,11,8,0,2,4,4,0,0
4,9,12,2,9,5,4,0,0
2,2,7,4,6,3,4,1,0
2,11,8,4,0,3,4,0,0
2,9,12,2,9,0,4,1,1
2,7,11,4,0,1,2,0,0
2,0,5,2,2,0,4,1,0
2,7,11,4,0,1,1,0,0
5,9,12,2,3,0,4,1,1
2,11,8,0,11,4,2,0,0
2,9,12,2,2,0,4,1,0
2,9,12,2,3,0,4,1,0
0,15,9,4,1,2,4,1,0
2,15,9,4,5,3,4,1,0
2,4,2,0,6,4,3,0,0
2,15,9,2,0,0,4,1,1
1,12,13,6,9,1,4,0,0
1,9,12,4,0,1,4,1,0
2,15,9,2,0,5,4,0,1
2,1,6,4,5,3,4,1,0
2,10,15,2,9,0,4,1,1
2,15,9,4,0,4,4,0,0
2,11,8,2,7,0,1,1,1
2,11,8,4,2,1,4,1,0
0,9,12,4,9,1,2,1,0
2,9,12,2,0,0,4,1,1
4,11,8,0,4,1,4,1,0
1,11,8,0,2,1,4,1,1
2,11,8,2,0,0,4,1,0
2,9,12,2,12,0,4,1,1
0,11,8,0,6,1,4,1,0
2,11,8,2,0,2,4,0,0
1,15,9,2,9,0,4,1,1
1,11,8,4,6,3,4,1,0
2,0,5,2,2,0,4,1,0
2,11,8,4,0,4,2,0,0
2,7,11,2,9,0,4,1,1
1,12,13,2,9,5,4,0,0
4,15,9,2,0,5,4,0,1
2,15,9,4,6,1,4,1,0
2,12,13,4,3,1,4,0,0
4,12,13,2,3,0,4,1,1
2,6,4,4,13,3,4,1,0
2,9,12,2,11,0,4,1,1
2,7,11,2,3,0,4,1,1
2,5,3,4,6,3,4,0,0
3,15,9,2,3,0,4,1,1
4,11,8,4,4,4,4,1,0
2,9,12,2,3,0,1,1,0
2,15,9,2,3,0,4,1,0
1,4,2,2,9,0,4,1,0
1,12,13,4,9,1,4,0,0
1,11,8,2,13,0,0,1,0
2,15,9,2,7,0,3,1,0
2,15,9,4,7,3,4,1,0
2,0,5,2,2,0,4,1,0
2,15,9,2,2,0,0,1,0
2,11,8,2,12,0,4,1,0
1,9,12,4,9,2,2,1,0
2,14,14,2,9,0,4,1,1
0,15,9,6,12,1,4,0,0
2,12,13,2,9,0,4,1,0
0,8,10,2,12,0,4,1,1
1,11,8,4,0,1,4,1,0
4,11,8,2,4,0,4,1,1
2,1,6,2,7,0,4,1,0
1,11,8,2,4,0,4,1,0
2,9,12,4,3,1,4,1,0
2,9,12,4,11,4,4,1,0
2,1,6,2,3,0,4,1,1
1,15,9,2,7,0,4,1,0
2,15,9,4,6,1,1,1,0
2,15,9,2,12,0,4,1,1
2,2,7,4,8,1,4,0,0
2,9,12,2,9,0,2,1,0
2,9,12,4,9,3,4,0,0
2,11,8,4,9,3,4,0,0
1,11,8,2,7,0,4,1,0
2,15,9,4,0,3,4,0,0
2,9,12,5,12,3,4,1,0
1,9,12,0,9,1,4,0,0
2,12,13,2,3,0,4,1,1
1,9,12,0,9,1,4,0,0
1,11,8,2,2,0,4,1,1
1,11,8,2,3,0,4,1,0
4,11,8,2,3,0,4,1,0
2,11,8,4,0,3,4,1,0
4,9,12,2,4,0,4,1,0
0,15,9,2,10,0,4,1,1
3,11,8,2,4,0,4,1,0
2,0,5,4,7,1,4,1,0
2,9,12,0,6,4,3,0,0
2,11,8,2,7,0,4,1,0
0,15,9,5,0,4,4,0,0
2,6,4,4,6,4,2,0,0
2,15,9,0,0,1,4,0,0
3,0,5,4,11,3,4,1,0
2,15,9,4,11,3,4,1,0
2,15,9,4,9,1,4,0,0
2,15,9,0,7,4,4,0,0
2,9,12,4,12,1,4,1,0
2,11,8,4,2,1,4,1,0
2,0,5,2,6,0,4,1,0
2,15,9,2,11,3,4,0,0
2,4,2,5,8,4,3,0,0
4,11,8,2,2,0,4,1,0
1,11,8,4,7,3,4,1,0
2,6,4,0,7,4,4,0,0
2,15,9,0,2,1,4,0,0
2,11,8,4,9,3,4,1,0
0,12,13,2,9,0,4,1,1
3,12,13,0,3,1,2,0,0
0,11,8,4,5,3,4,1,0
2,11,8,4,2,3,4,1,0
1,15,9,4,10,3,4,1,0
0,11,8,2,1,2,0,1,0
2,1,6,4,7,1,4,1,0
2,11,8,2,2,0,4,1,0
4,11,8,0,11,1,4,1,0
5,9,12,2,3,0,4,1,1
5,9,12,4,0,1,4,1,0
2,15,9,0,11,4,4,0,0
2,1,6,0,2,3,4,0,1
2,11,8,2,2,0,4,1,1
2,9,12,4,9,4,2,0,0
1,14,14,2,9,0,4,1,0
2,11,8,4,7,3,4,1,0
4,15,9,2,11,0,0,1,0
2,11,8,2,11,0,4,1,0
2,11,8,4,8,1,4,0,0
2,11,8,3,2,1,4,1,0
2,15,9,2,0,0,4,1,0
2,11,8,4,5,1,0,1,0
2,15,9,2,9,0,4,1,0
2,11,8,4,2,3,4,1,0
2,14,14,0,9,1,4,1,1
2,15,9,4,11,3,4,0,0
2,7,11,4,9,1,4,0,0
2,7,11,5,13,1,4,1,0
4,11,8,2,11,0,4,1,0
2,11,8,4,0,3,4,0,0
2,11,8,0,0,1,1,0,0
3,9,12,2,3,0,4,1,1
2,0,5,0,5,1,4,0,0
2,1,6,6,7,4,4,0,0
3,12,13,2,3,0,4,1,1
4,14,14,2,9,0,4,1,1
2,11,8,2,11,0,4,1,0
3,9,12,2,3,0,4,1,1
2,7,11,0,12,3,4,0,0
2,8,10,4,2,4,4,1,0
2,15,9,2,5,0,4,1,0
2,9,12,4,0,1,4,0,0
2,5,3,0,5,1,4,1,0
2,15,9,4,9,3,4,0,0
1,15,9,2,10,0,4,1,1
2,11,8,2,11,0,4,1,1
2,9,12,0,0,1,4,1,1
2,8,10,4,2,3,4,1,0
2,12,13,4,3,3,4,0,0
2,11,8,5,7,2,2,1,0
5,9,12,4,9,1,4,1,0
2,15,9,4,7,3,4,0,0
4,7,11,2,2,0,4,1,0
2,15,9,2,12,0,4,1,0
2,4,2,2,5,0,4,1,0
5,7,11,6,3,1,4,0,0
1,9,12,4,9,1,4,1,0
2,11,8,2,13,0,2,1,0
2,8,10,6,9,1,4,1,1
1,15,9,2,3,0,4,1,0
2,11,8,4,5,1,4,1,0
4,15,9,2,7,5,4,0,0
2,11,8,4,0,1,4,1,0
2,3,1,6,7,2,4,0,0
2,1,6,0,13,1,4,1,0
2,15,9,2,3,0,4,1,0
1,12,13,2,9,5,4,0,0
2,9,12,4,12,1,4,0,1
4,11,8,2,2,0,4,1,0
2,15,9,4,7,3,4,1,0
2,11,8,2,4,0,4,1,0
1,0,5,2,7,0,4,1,0
2,11,8,2,13,0,4,1,1
2,9,12,4,0,1,4,0,0
2,8,10,2,2,0,4,1,1
2,15,9,2,0,0,4,1,0
2,7,11,4,3,1,4,0,1
2,11,8,2,5,5,4,0,0
4,12,13,2,9,0,4,1,0
2,11,8,2,2,0,4,1,0
2,2,7,4,11,3,2,0,0
2,11,8,2,5,0,4,1,1
2,9,12,2,2,0,4,1,1
2,11,8,2,13,0,1,1,0
2,14,14,2,9,0,4,1,1
2,15,9,2,2,0,4,1,1
2,9,12,4,7,1,4,1,0
0,15,9,0,0,1,4,0,0
2,11,8,2,11,0,4,1,0
1,15,9,2,10,0,4,1,1
2,15,9,4,0,1,1,1,0
3,14,14,2,9,0,4,1,1
0,15,9,5,0,1,2,1,0
1,12,13,2,9,0,4,1,1
2,11,8,0,3,4,1,0,0
1,15,9,5,5,1,2,1,0
2,2,7,2,2,0,4,1,1
4,11,8,2,3,5,4,0,1
2,11,8,3,13,1,3,1,0
2,8,10,5,9,4,4,0,0
2,3,1,2,6,0,4,1,0
5,9,12,2,9,0,1,1,1
2,9,12,0,3,1,4,1,0
4,15,9,0,3,4,1,0,0
4,11,8,2,2,0,4,1,1
1,8,10,2,10,0,4,1,1
4,12,13,5,12,1,4,0,0
3,9,12,2,3,0,4,1,1
2,11,8,2,2,0,4,1,1
2,8,10,2,9,0,4,1,1
5,15,9,0,0,4,4,0,0
2,11,8,0,6,1,4,0,0
2,0,5,4,7,4,4,0,0
1,15,9,4,0,4,4,0,0
2,15,9,4,0,1,4,0,0
2,11,8,5,9,2,3,0,0
2,15,9,2,2,0,4,1,0
1,9,12,5,9,4,4,0,0
2,5,3,2,13,0,4,1,1
2,15,9,3,13,1,4,0,0
3,8,10,2,3,2,4,1,1
2,11,8,4,0,1,4,0,0
0,15,9,0,3,4,4,1,1
4,11,8,2,2,0,4,1,0
2,15,9,4,11,3,4,0,0
2,8,10,4,3,1,4,1,0
2,8,10,2,2,0,4,1,1
1,11,8,2,3,0,4,1,1
2,0,5,2,0,0,4,1,0
2,9,12,4,12,1,4,0,0
2,11,8,2,13,0,4,1,0
4,9,12,2,4,0,4,1,0
5,8,10,2,9,0,4,1,0
4,9,12,2,2,0,4,1,1
2,11,8,4,4,3,4,1,0
2,11,8,2,11,5,4,0,0
2,15,9,0,0,4,4,0,0
2,11,8,2,13,0,4,1,0
4,9,12,4,11,1,4,1,1
2,15,9,2,11,0,4,1,1
2,15,9,0,7,1,4,0,0
2,15,9,0,12,1,4,0,0
4,8,10,2,10,0,4,1,0
2,11,8,4,6,1,4,1,0
2,1,6,3,11,3,1,1,0
2,11,8,0,11,4,4,0,0
2,11,8,4,0,3,2,0,0
2,3,1,4,5,1,4,1,0
2,11,8,2,5,0,4,1,0
2,15,9,4,11,3,4,0,0
4,15,9,2,4,0,4,1,0
2,9,12,5,3,1,4,0,0
2,9,12,6,0,1,4,0,0
2,11,8,0,2,1,4,1,0
2,14,14,2,6,0,4,1,0
2,9,12,4,11,1,4,1,0
2,11,8,2,13,0,4,1,0
1,12,13,0,9,4,4,0,0
4,15,9,4,2,3,4,1,0
2,9,12,2,9,0,4,1,1
1,11,8,4,5,3,0,1,0
2,9,12,2,11,0,4,1,1
1,9,12,4,9,1,4,0,0
2,15,9,0,7,4,4,0,0
2,7,11,0,11,4,4,0,0
2,11,8,6,7,4,4,0,0
0,9,12,4,0,1,4,1,1
2,9,12,4,3,4,4,1,1
1,11,8,0,4,3,1,1,0
2,11,8,2,12,0,4,1,1
2,14,14,2,9,0,4,1,1
2,1,6,4,0,2,4,0,0
2,9,12,4,9,1,4,0,1
2,11,8,2,11,0,4,1,1
2,2,7,6,7,4,2,0,0
2,11,8,2,5,0,4,1,0
2,5,3,4,6,1,3,0,0
0,15,9,4,12,1,4,1,0
4,4,2,2,4,0,4,1,0
2,15,9,2,9,0,4,1,0
2,11,8,2,2,0,4,1,0
2,9,12,2,9,0,4,1,1
2,11,8,2,3,0,4,1,0
1,0,5,4,13,2,4,1,0
4,9,12,2,11,3,4,1,0
2,11,8,4,3,3,4,0,0
2,11,8,2,2,0,4,1,0
2,8,10,4,7,3,4,1,0
2,15,9,4,9,1,4,1,1
2,11,8,4,6,1,4,1,0
2,15,9,2,2,0,4,1,1
2,11,8,4,0,1,4,0,0
0,9,12,2,0,5,1,0,1
2,15,9,2,0,0,4,1,1
2,9,12,2,9,0,1,1,1
2,15,9,4,11,1,4,1,0
2,2,7,2,11,0,4,1,1
5,7,11,4,12,3,4,1,0
2,9,12,4,3,1,1,1,0
2,12,13,2,3,0,4,1,1
2,9,12,4,9,1,4,1,1
2,11,8,2,5,0,1,1,0
4,9,12,2,11,0,4,1,0
2,9,12,4,9,1,4,1,0
2,15,9,4,2,4,2,1,0
5,3,1,6,7,1,4,0,0
2,9,12,2,12,0,1,1,0
2,0,5,0,6,1,1,0,0
2,15,9,4,3,1,4,0,0
1,11,8,2,2,0,4,1,0
2,9,12,4,3,1,4,0,0
2,11,8,4,7,1,4,0,0
2,11,8,2,2,0,4,1,0
2,11,8,4,13,1,4,1,0
2,9,12,4,9,1,4,0,0
2,11,8,6,7,4,4,0,0
5,15,9,0,0,3,4,0,0
2,11,8,0,2,1,4,1,0
2,11,8,0,6,1,4,0,0
2,11,8,0,11,1,4,0,0
2,2,7,4,7,3,4,1,0
2,11,8,2,3,0,4,1,1
4,15,9,0,9,1,4,0,0
2,5,3,5,2,1,4,0,0
2,9,12,2,9,0,4,1,0
2,15,9,4,11,3,4,1,0
2,10,15,2,9,0,4,1,1
0,15,9,2,0,5,4,0,1
2,4,2,2,2,2,4,0,0
2,15,9,4,0,1,4,0,0
2,15,9,2,11,0,4,1,1
1,11,8,2,2,0,4,1,0
2,11,8,2,3,0,4,1,1
5,9,12,2,9,0,4,1,0
1,11,8,6,7,4,4,0,0
1,9,12,2,9,5,4,0,1
0,15,9,4,5,1,4,1,0
2,15,9,2,11,0,4,1,1
2,15,9,4,0,3,4,0,0
2,11,8,2,5,0,4,1,0
1,11,8,2,5,0,4,1,0
4,9,12,2,0,5,4,0,1
2,15,9,4,5,1,4,1,0
4,9,12,4,2,1,4,1,0
2,9,12,2,3,0,4,1,1
0,15,9,6,9,4,0,0,0
2,15,9,0,3,2,4,0,0
1,15,9,4,9,2,4,1,0
2,15,9,4,11,3,1,1,0
2,11,8,0,5,1,2,1,0
2,15,9,4,7,3,4,1,0
1,10,15,6,9,4,4,0,0
2,11,8,2,2,0,4,1,0
2,8,10,4,12,1,4,1,0
2,11,8,2,7,5,4,0,0
2,11,8,4,11,3,3,1,0
2,7,11,2,5,0,4,1,0
2,11,8,4,0,3,4,0,0
2,15,9,2,3,0,4,1,1
2,15,9,4,7,3,4,0,0
2,11,8,0,9,1,4,0,0
1,9,12,2,10,0,4,1,0
4,3,1,0,2,1,4,0,0
2,2,7,2,6,0,4,1,0
2,11,8,0,7,1,4,0,0
2,15,9,2,7,0,4,1,0
2,15,9,2,11,0,4,1,1
2,11,8,2,9,5,4,0,0
2,11,8,2,13,0,4,1,0
1,8,10,0,10,3,4,0,0
2,11,8,2,2,0,4,1,1
0,11,8,0,0,1,4,0,0
2,11,8,4,8,1,4,0,0
2,11,8,6,12,1,4,0,0
2,15,9,4,3,3,4,1,0
2,15,9,2,2,0,4,1,0
2,8,10,5,9,1,4,1,0
2,11,8,0,0,4,4,0,0
2,15,9,2,12,0,4,1,0
2,15,9,2,12,0,4,1,0
2,11,8,5,9,4,0,0,0
2,11,8,2,2,0,4,1,0
2,15,9,0,9,1,4,1,0
2,15,9,2,5,0,4,1,0
2,15,9,4,11,1,4,0,0
1,6,4,2,2,0,4,1,0
2,9,12,4,2,3,4,1,0
2,15,9,4,2,3,4,1,0
2,11,8,0,13,1,4,1,0
2,11,8,2,6,0,4,1,0
2,11,8,2,3,0,4,1,0
2,9,12,2,9,0,4,1,1
2,15,9,2,5,0,4,1,0
2,12,13,2,9,5,4,0,1
2,11,8,2,4,0,4,1,0
2,15,9,4,5,1,4,1,0
1,11,8,4,13,3,4,1,0
2,6,4,2,6,0,2,1,0
2,11,8,4,2,3,4,1,0
2,9,12,4,11,1,4,1,0
4,15,9,2,4,0,4,1,0
2,11,8,2,11,0,4,1,1
0,11,8,4,13,4,1,0,0
4,9,12,2,13,0,2,1,0
5,12,13,0,9,1,1,0,0
2,10,15,4,0,3,4,1,0
2,1,6,4,7,3,4,1,0
4,8,10,4,4,1,4,1,0
2,15,9,4,0,1,4,0,0
2,7,11,2,11,5,4,0,0
1,1,6,2,5,0,2,1,0
2,11,8,4,3,1,4,0,0
2,11,8,2,7,0,4,1,1
2,9,12,4,0,1,4,0,0
2,9,12,3,11,1,4,0,0
2,5,3,4,6,3,2,0,0
2,9,12,2,11,0,4,1,1
2,1,6,4,2,1,4,1,0
2,11,8,2,6,0,2,1,0
2,11,8,4,6,1,4,1,0
2,11,8,2,13,0,4,1,0
3,11,8,6,11,1,4,0,0
2,15,9,2,11,0,4,1,0
2,11,8,5,6,4,4,1,0
2,10,15,2,9,0,4,1,1
2,11,8,0,0,3,4,0,0
2,9,12,4,9,3,1,1,0
1,15,9,6,0,1,4,0,0
2,15,9,2,0,5,4,0,1
2,11,8,2,2,0,0,1,0
2,15,9,2,3,0,4,1,1
2,0,5,4,7,3,4,0,0
5,15,9,4,7,3,2,0,0
2,9,12,0,3,1,4,1,1
2,15,9,4,9,3,4,0,0
4,11,8,2,7,5,4,0,0
2,1,6,4,7,3,4,1,0
2,15,9,0,11,4,2,0,0
2,15,9,4,2,1,4,1,0
2,9,12,2,9,0,4,1,1
4,15,9,4,4,3,4,1,0
2,11,8,2,13,0,4,1,0
0,7,11,4,3,4,4,0,0
2,15,9,4,12,1,4,1,0
2,7,11,2,11,0,4,1,1
2,11,8,2,11,0,4,1,0
1,15,9,4,10,1,2,1,0
2,11,8,5,0,4,4,0,0
2,11,8,6,7,2,4,0,0
2,12,13,4,3,1,4,1,1
2,11,8,2,2,0,4,1,0
2,11,8,0,7,4,4,0,0
2,15,9,4,7,4,2,0,0
5,11,8,0,7,1,2,0,0
2,11,8,4,0,4,2,0,0
3,15,9,5,11,3,4,0,0
2,0,5,4,7,3,4,0,0
2,15,9,4,2,1,4,0,0
2,15,9,4,11,1,4,1,0
2,11,8,4,7,1,2,0,0
2,15,9,5,7,4,4,0,0
2,15,9,0,3,1,4,1,0
2,15,9,6,3,4,4,0,0
2,12,13,2,3,0,4,1,1
2,1,6,4,5,3,4,1,0
2,9,12,3,3,1,4,1,1
3,15,9,2,13,0,4,1,1
2,15,9,0,3,1,4,0,0
1,11,8,2,13,0,2,1,1
1,9,12,0,3,1,4,0,1
2,9,12,4,7,4,4,1,0
3,9,12,2,2,0,4,1,0
4,7,11,4,11,1,4,1,0
2,11,8,2,6,0,4,1,0
2,9,12,0,9,4,2,0,0
1,12,13,2,3,0,4,1,1
2,11,8,2,6,0,4,1,0
2,5,3,0,6,1,4,0,0
5,15,9,4,0,3,4,0,0
2,11,8,4,8,2,4,0,0
2,15,9,0,11,1,4,0,0
3,11,8,2,3,0,4,1,1
2,11,8,4,5,1,4,1,0
2,1,6,4,0,2,1,0,0
2,1,6,2,11,0,4,1,0
2,11,8,4,11,1,4,0,0
2,15,9,0,9,1,4,0,0
2,11,8,4,5,2,4,1,0
2,15,9,0,6,4,0,1,0
4,11,8,0,3,4,4,0,1
2,0,5,2,2,0,4,1,1
2,12,13,2,9,0,4,1,1
4,11,8,2,4,0,4,1,0
2,11,8,4,0,1,4,1,0
2,11,8,4,11,1,4,0,0
2,12,13,4,3,1,4,1,0
2,15,9,0,3,4,4,0,0
2,11,8,4,5,3,4,0,0
4,14,14,2,9,0,4,1,1
1,12,13,2,9,0,4,1,1
2,11,8,5,0,2,4,0,0
2,11,8,2,2,0,4,1,1
2,9,12,4,10,3,4,0,0
4,11,8,2,3,0,4,1,0
2,11,8,0,3,1,4,0,0
2,12,13,4,0,1,4,1,0
2,15,9,0,9,4,4,0,0
2,6,4,4,7,3,4,1,0
0,9,12,0,0,1,2,0,0
1,15,9,5,10,3,3,1,0
4,11,8,0,11,1,4,1,0
2,1,6,4,6,3,4,1,0
1,11,8,0,3,1,4,1,0
2,7,11,2,9,0,4,1,0
5,12,13,2,9,0,4,1,1
2,7,11,4,11,1,4,1,0
1,11,8,4,7,4,2,0,0
5,8,10,2,10,0,4,1,1
2,15,9,4,7,4,4,0,0
2,15,9,4,7,1,4,0,0
2,9,12,4,9,1,4,1,0
2,11,8,4,11,4,4,0,0
2,12,13,2,3,0,4,1,1
2,7,11,0,3,1,4,0,0
0,8,10,0,9,4,4,1,1
2,2,7,5,2,1,2,1,0
2,11,8,0,2,2,4,1,0
2,11,8,2,6,0,4,1,0
1,15,9,4,0,3,4,0,0
2,6,4,2,2,0,4,1,0
3,9,12,2,3,0,4,1,1
5,12,13,2,9,0,4,1,0
2,15,9,2,3,0,4,1,1
5,11,8,5,0,4,4,0,0
2,11,8,4,7,3,4,0,0
1,11,8,0,13,2,4,1,0
2,15,9,4,13,3,4,0,0
2,15,9,2,0,5,4,0,1
2,15,9,2,11,0,4,1,0
2,7,11,3,11,3,2,0,0
4,11,8,4,11,4,1,0,0
2,9,12,3,2,1,4,1,1
2,15,9,2,2,0,2,1,1
2,9,12,2,5,0,4,1,1
2,11,8,2,2,0,4,1,0
2,15,9,2,2,0,4,1,0
2,9,12,4,3,1,1,1,0
2,7,11,2,7,5,4,0,0
4,12,13,6,9,1,4,1,1
2,9,12,0,9,1,4,0,1
3,9,12,2,9,0,4,1,1
4,11,8,2,13,0,4,1,1
2,9,12,4,9,1,4,0,0
2,11,8,0,12,4,4,0,0
2,1,6,0,2,4,4,0,0
2,15,9,4,12,3,4,1,0
2,9,12,2,11,0,4,1,1
4,15,9,2,9,5,4,0,1
1,14,14,2,9,0,4,1,1
4,11,8,2,13,0,4,1,1
2,9,12,4,12,1,4,1,1
2,11,8,2,2,0,4,1,1
2,9,12,4,3,3,4,0,0
4,11,8,4,7,4,4,1,0
2,9,12,4,11,3,4,0,0
2,11,8,0,13,1,4,1,0
2,11,8,5,7,1,4,0,0
2,11,8,4,6,1,4,0,0
2,12,13,2,9,5,4,0,1
2,0,5,4,7,3,4,1,0
4,2,7,2,2,0,4,1,0
2,7,11,2,2,0,4,1,1
1,8,10,4,2,1,4,1,0
4,11,8,2,2,0,4,1,0
4,12,13,2,3,0,4,1,0
2,11,8,2,2,0,4,1,1
2,8,10,2,2,0,4,1,0
2,1,6,2,2,0,4,1,0
2,11,8,4,3,1,4,1,0
2,11,8,0,0,4,4,0,0
1,11,8,4,2,1,4,1,0
1,2,7,2,4,0,4,1,0
2,9,12,2,3,0,4,1,1
2,15,9,0,3,4,4,0,0
2,9,12,4,12,1,4,0,0
3,15,9,0,2,1,4,1,0
3,15,9,6,11,1,4,0,0
4,8,10,0,6,1,4,0,0
2,11,8,4,0,3,4,1,0
2,11,8,2,6,0,4,1,0
2,11,8,4,0,1,4,1,0
2,11,8,4,5,3,4,1,0
2,9,12,4,7,3,4,0,0
2,3,1,5,7,1,4,0,0
2,11,8,4,5,3,4,1,0
2,9,12,2,11,0,4,1,1
2,15,9,4,0,4,4,0,0
2,15,9,4,5,3,4,1,0
2,9,12,2,3,0,4,1,1
2,15,9,4,0,1,4,1,0
2,12,13,2,3,5,4,0,1
2,15,9,0,9,1,4,0,0
2,10,15,4,9,1,4,0,1
4,11,8,0,9,1,4,1,0
2,9,12,4,7,3,4,1,0
2,8,10,4,9,4,4,0,0
2,9,12,2,3,5,4,0,0
2,9,12,3,0,1,4,0,0
1,7,11,4,9,3,4,0,0
2,6,4,4,8,4,4,0,0
1,15,9,2,2,0,4,1,0
2,11,8,4,2,1,4,1,0
2,11,8,4,0,3,4,1,0
2,12,13,3,3,1,4,1,1
2,0,5,0,6,1,2,1,0
2,8,10,2,12,0,4,1,1
2,15,9,2,3,0,4,1,1
2,7,11,4,10,3,4,1,0
5,15,9,4,3,3,4,1,0
1,7,11,2,9,0,4,1,0
1,15,9,2,0,0,0,1,0
2,11,8,2,11,0,4,1,1
1,8,10,4,10,4,4,1,0
2,11,8,2,11,0,4,1,0
2,12,13,4,11,1,4,1,0
3,12,13,2,9,0,4,1,1
2,11,8,2,13,0,4,1,1
2,9,12,0,9,1,4,1,0
5,15,9,2,3,0,4,1,0
3,9,12,4,9,1,4,1,1
2,11,8,2,2,0,4,1,0
2,11,8,6,2,4,2,0,0
2,8,10,2,3,0,4,1,0
2,11,8,2,5,0,4,1,1
2,0,5,2,11,0,4,1,0
2,11,8,2,11,0,4,1,0
2,12,13,2,9,0,4,1,1
2,11,8,4,2,3,4,0,0
1,11,8,2,0,5,4,0,1
3,9,12,2,3,0,4,1,0
2,0,5,4,5,2,4,1,0
2,11,8,0,7,1,4,0,0
2,11,8,2,2,0,4,1,0
2,11,8,0,2,1,4,0,0
2,9,12,2,3,0,4,1,0
2,9,12,2,9,0,4,1,1
5,14,14,2,9,0,2,1,0
2,9,12,2,12,0,4,1,1
2,11,8,0,0,4,4,0,0
2,9,12,0,9,1,4,1,0
2,10,15,2,9,0,4,1,1
1,7,11,2,3,0,4,1,1
2,9,12,4,9,1,4,0,0
4,15,9,5,9,1,4,1,0
2,9,12,2,0,0,4,1,1
2,11,8,4,6,4,0,1,0
0,12,13,4,9,1,4,0,0
2,11,8,2,2,0,4,1,1
2,11,8,2,6,0,4,1,1
2,8,10,0,3,4,4,0,0
2,11,8,2,6,0,4,1,0
2,9,12,2,2,0,4,1,0
2,8,10,4,9,3,1,1,0
2,8,10,4,0,1,4,0,0
3,0,5,2,3,5,4,0,0
2,8,10,2,12,0,4,1,1
0,0,5,2,2,0,4,1,0
2,11,8,2,5,0,4,1,0
2,9,12,2,9,5,1,0,1
2,8,10,2,12,5,4,0,1
2,11,8,4,7,2,4,1,0
0,15,9,2,0,0,4,1,1
2,11,8,4,0,1,4,1,0
5,9,12,2,3,0,2,1,1
2,11,8,2,13,0,4,1,0
2,15,9,2,2,0,4,1,0
2,1,6,2,5,0,1,1,0
2,15,9,6,7,4,2,0,0
2,11,8,0,2,3,4,1,0
2,11,8,4,2,1,4,1,0
2,11,8,2,5,0,4,1,0
2,15,9,4,11,3,4,0,0
2,15,9,2,6,0,4,1,0
2,9,12,2,0,0,4,1,0
5,11,8,2,0,5,2,0,0
2,11,8,2,2,0,4,1,0
2,15,9,4,11,3,4,1,0
2,0,5,2,6,0,4,1,1
1,9,12,4,12,4,1,0,0
2,15,9,5,0,4,2,0,0
2,11,8,4,3,1,4,0,0
2,11,8,2,13,0,4,1,0
2,15,9,4,3,1,4,0,0
4,11,8,4,2,1,4,1,0
1,9,12,4,9,1,4,1,0
2,15,9,4,11,3,1,1,0
1,2,7,4,5,4,2,0,0
2,8,10,4,9,1,4,1,0
2,8,10,0,6,1,2,1,0
2,11,8,2,2,0,1,1,0
3,7,11,2,11,0,4,1,1
2,9,12,4,9,1,4,1,0
2,15,9,4,4,3,4,1,0
2,11,8,2,6,0,4,1,1
2,0,5,2,6,0,4,1,0
2,15,9,0,0,4,4,0,0
4,15,9,4,0,4,4,1,0
2,11,8,2,2,0,4,1,1
2,1,6,4,13,1,4,1,0
0,15,9,4,3,1,2,1,1
5,15,9,4,0,3,4,0,0
2,12,13,2,9,0,4,1,1
1,11,8,0,3,4,0,0,0
2,11,8,0,10,1,4,1,0
2,7,11,2,11,0,4,1,0
2,15,9,2,9,0,4,1,1
2,9,12,2,11,0,4,1,1
2,15,9,2,7,0,4,1,1
2,15,9,4,0,4,4,0,0
4,4,2,2,4,0,4,1,0
2,11,8,4,11,3,0,0,0
2,15,9,4,0,3,2,0,0
2,15,9,5,11,2,2,0,0
4,3,1,2,3,0,4,1,1
1,15,9,4,13,4,2,0,0
5,11,8,0,3,4,4,0,0
2,9,12,4,11,2,4,0,0
1,8,10,4,10,1,4,1,0
4,4,2,2,4,0,4,1,0
1,15,9,2,4,0,4,1,1
2,11,8,4,13,3,4,1,0
2,11,8,2,9,0,4,1,0
2,1,6,0,6,4,4,0,0
2,15,9,0,0,1,4,0,0
2,15,9,2,2,0,4,1,0
2,11,8,0,6,1,4,1,0
2,9,12,2,0,5,4,0,1
2,15,9,0,9,4,2,0,0
2,11,8,4,2,1,4,0,0
4,11,8,0,2,1,4,1,0
2,8,10,6,9,1,4,0,0
2,15,9,5,8,1,4,0,0
2,11,8,0,11,4,4,0,0
2,11,8,0,7,1,4,1,0
1,8,10,2,10,0,4,1,0
2,11,8,0,13,1,4,1,0
2,15,9,2,2,0,4,1,1
2,9,12,4,9,1,4,1,0
2,15,9,4,6,2,4,0,0
2,11,8,4,12,1,4,0,0
2,15,9,2,11,5,1,0,0
4,11,8,4,4,3,1,1,0
2,11,8,0,0,4,2,0,0
2,15,9,2,11,0,4,1,1
2,9,12,2,3,0,4,1,1
1,12,13,4,9,1,4,0,0
2,11,8,4,7,3,4,1,0
2,8,10,2,11,0,4,1,0
2,11,8,0,6,4,4,0,0
2,15,9,2,9,5,4,0,1
2,0,5,4,7,3,4,0,0
2,1,6,4,2,3,4,1,0
2,14,14,2,9,0,4,1,0
2,11,8,2,6,0,4,1,1
5,15,9,0,3,1,4,0,0
2,11,8,4,5,1,4,1,0
2,9,12,4,11,1,4,0,0
2,9,12,2,9,0,4,1,1
2,1,6,0,7,3,4,1,0
2,15,9,6,7,1,4,0,0
2,0,5,0,7,4,4,0,0
2,14,14,2,9,0,4,1,1
2,11,8,2,6,0,4,1,1
2,11,8,4,3,4,4,0,0
0,11,8,3,0,1,2,0,0
4,11,8,2,4,0,4,1,0
2,0,5,4,7,1,4,1,0
2,15,9,4,3,1,4,0,0
2,12,13,2,3,0,4,1,1
2,11,8,4,13,1,4,1,0
2,11,8,2,2,0,4,1,0
2,0,5,4,4,4,4,1,0
2,11,8,4,11,4,2,0,0
2,11,8,4,10,1,4,1,0
2,11,8,4,13,1,4,1,0
2,11,8,2,13,0,4,1,0
2,9,12,4,3,2,4,1,1
2,12,13,4,0,3,4,1,0
2,1,6,2,2,0,4,1,0
2,11,8,2,11,0,4,1,0
2,1,6,4,5,1,2,1,0
2,11,8,2,2,0,4,1,0
2,15,9,2,9,0,4,1,0
2,11,8,0,7,2,4,1,0
4,0,5,4,2,1,4,1,0
2,11,8,2,6,0,4,1,0
2,1,6,4,2,2,4,1,0
4,11,8,2,2,0,4,1,0
2,1,6,4,5,3,4,1,0
1,9,12,0,9,4,4,0,0
2,11,8,5,12,1,4,1,0
2,15,9,2,6,0,4,1,0
2,15,9,2,13,0,4,1,0
1,12,13,2,9,0,4,1,0
2,15,9,0,0,4,4,0,0
2,5,3,2,2,0,4,1,0
2,9,12,2,2,0,4,1,0
2,9,12,4,9,1,4,0,0
2,15,9,2,6,0,2,1,0
2,0,5,4,7,3,4,0,0
2,0,5,2,2,0,4,1,0
4,15,9,4,7,1,2,1,0
2,11,8,4,0,3,4,0,0
1,11,8,2,13,0,4,1,0
4,11,8,2,4,0,4,1,0
4,15,9,2,4,5,4,0,0
5,11,8,2,10,0,2,1,1
1,9,12,4,9,3,2,1,0
2,11,8,0,7,3,1,0,0
2,9,12,4,3,1,4,0,0
2,7,11,0,0,1,4,0,0
2,15,9,2,2,0,4,1,0
1,15,9,0,7,4,4,0,0
2,9,12,2,3,0,4,1,1
2,11,8,0,13,1,2,1,0
2,9,12,4,9,3,4,0,1
2,1,6,4,7,3,4,1,0
2,15,9,5,9,4,4,0,0
4,8,10,2,4,0,4,1,0
3,5,3,2,2,0,4,1,1
4,0,5,2,2,5,4,0,1
4,12,13,0,9,4,4,0,0
2,1,6,0,7,4,4,0,0
1,9,12,2,2,0,4,1,0
2,15,9,4,9,3,4,0,0
2,11,8,4,0,4,2,0,0
4,9,12,2,11,0,4,1,1
4,11,8,2,11,0,4,1,0
4,9,12,2,2,0,4,1,0
2,11,8,0,0,4,4,0,0
2,11,8,5,6,4,4,0,0
2,15,9,2,11,0,4,1,0
1,9,12,2,9,0,4,1,1
2,15,9,4,3,1,4,0,0
2,12,13,4,0,4,4,0,0
4,9,12,2,9,0,1,1,1
4,11,8,2,12,0,4,1,1
2,9,12,4,11,1,4,1,1
2,11,8,4,6,2,4,1,0
2,11,8,2,2,0,4,1,0
0,10,15,4,9,1,4,0,0
2,12,13,4,0,1,4,1,0
0,9,12,5,9,1,4,1,1
2,15,9,4,0,3,4,0,0
2,11,8,4,2,1,4,1,0
2,11,8,4,3,3,4,0,0
2,11,8,2,2,0,4,1,0
2,15,9,2,6,0,4,1,0
2,0,5,4,11,3,4,0,0
2,11,8,4,2,2,0,1,1
2,11,8,0,13,1,4,1,0
2,5,3,5,7,1,4,0,0
3,9,12,2,3,0,1,1,1
2,11,8,5,11,1,0,0,0
2,11,8,2,4,0,4,1,0
2,5,3,2,6,0,4,1,0
2,5,3,6,7,1,2,0,0
4,11,8,2,4,5,4,0,0
2,11,8,4,2,3,1,1,0
2,11,8,2,10,0,4,1,0
2,11,8,2,2,0,4,1,0
3,8,10,2,3,0,4,1,0
2,15,9,2,2,0,1,1,0
4,15,9,2,11,0,4,1,0
2,11,8,2,7,0,4,1,0
4,11,8,4,10,1,4,1,0
1,11,8,4,10,1,0,1,0
2,8,10,2,7,5,2,0,1
5,10,15,2,9,5,4,0,1
2,9,12,2,9,0,4,1,1
2,11,8,2,2,0,4,1,0
2,9,12,2,9,0,4,1,1
2,5,3,0,7,4,4,0,0
2,11,8,2,11,0,4,1,0
4,11,8,0,7,4,4,0,0
2,11,8,2,2,0,4,1,1
4,15,9,2,3,0,4,1,0
1,9,12,4,9,3,4,0,0
2,1,6,4,5,1,4,1,0
2,8,10,2,3,0,4,1,1
2,15,9,6,3,1,4,0,0
2,15,9,4,3,1,4,0,0
2,7,11,3,0,2,4,0,0
5,15,9,0,0,1,2,0,0
2,6,4,2,2,0,4,1,0
2,11,8,0,2,1,4,1,0
2,9,12,4,6,1,4,1,0
2,0,5,4,2,1,2,1,0
2,9,12,2,6,0,4,1,0
1,15,9,0,3,1,4,1,1
2,9,12,0,7,1,4,1,0
4,15,9,2,2,0,4,1,1
2,7,11,2,11,0,4,1,0
2,11,8,2,2,0,4,1,0
2,9,12,4,9,1,4,1,0
2,11,8,4,3,3,4,1,0
2,15,9,0,7,4,4,0,0
2,15,9,4,0,1,4,0,0
2,2,7,4,2,1,4,1,0
3,11,8,2,3,0,4,1,1
2,15,9,2,3,0,4,1,1
2,11,8,0,6,1,2,1,0
2,9,12,2,12,5,4,0,1
2,11,8,4,6,4,2,0,0
2,8,10,2,3,5,4,0,1
1,10,15,2,9,5,4,0,1
2,9,12,2,0,0,4,1,1
2,7,11,0,0,4,2,1,0
2,9,12,4,3,1,4,1,0
3,15,9,2,3,0,4,1,1
2,15,9,4,5,3,4,1,0
2,12,13,4,12,1,4,1,0
5,11,8,2,0,0,4,1,0
2,12,13,6,0,4,4,0,0
2,15,9,4,7,1,4,0,0
2,9,12,4,0,3,4,0,0
2,5,3,6,8,1,4,0,0
2,12,13,2,3,0,4,1,1
2,11,8,0,12,4,4,0,0
5,15,9,4,0,3,4,1,0
2,9,12,4,7,1,4,1,0
2,11,8,2,6,5,4,0,0
2,15,9,0,9,4,2,0,0
4,15,9,2,13,0,4,1,0
2,8,10,4,6,1,3,1,0
2,15,9,0,0,4,2,0,0
2,12,13,4,0,3,4,0,0
0,15,9,2,0,5,4,0,0
5,12,13,4,3,1,4,1,0
1,9,12,4,9,3,4,1,0
3,11,8,2,2,0,4,1,0
2,10,15,4,9,1,4,0,1
2,11,8,2,13,0,4,1,1
2,11,8,4,7,3,4,1,0
2,11,8,2,13,0,4,1,0
2,9,12,4,3,1,4,1,1
2,15,9,0,0,4,4,0,0
2,7,11,4,9,1,4,0,1
2,1,6,2,7,0,4,1,0
2,9,12,2,7,0,4,1,1
2,11,8,4,6,1,4,1,0
3,10,15,2,4,0,4,1,1
4,12,13,2,4,0,4,1,0
4,6,4,2,4,0,4,1,0
2,11,8,0,11,1,4,0,0
4,12,13,2,11,0,4,1,1
2,11,8,2,2,0,4,1,0
2,11,8,0,7,1,4,0,0
2,11,8,4,11,1,4,0,0
2,6,4,2,8,5,2,0,0
4,15,9,4,2,1,4,1,0
2,11,8,2,0,2,4,0,0
4,7,11,0,11,4,2,1,0
1,11,8,3,13,2,4,0,0
2,11,8,0,11,1,4,1,0
2,15,9,2,2,0,4,1,0
2,15,9,4,0,3,4,0,0
2,9,12,3,7,4,4,0,0
2,15,9,4,0,4,2,0,0
2,11,8,2,11,0,4,1,0
2,11,8,0,13,1,4,1,0
2,8,10,0,13,1,4,1,0
2,9,12,2,11,0,4,1,1
2,11,8,0,8,1,4,0,0
3,11,8,2,3,0,4,1,1
1,15,9,4,0,1,4,1,0
3,12,13,2,3,0,4,1,1
2,11,8,2,0,5,4,0,0
2,15,9,2,9,0,4,1,1
2,9,12,0,0,1,4,1,0
3,9,12,2,11,0,4,1,1
5,10,15,2,9,0,4,1,1
2,0,5,4,7,3,4,1,0
2,15,9,0,0,1,4,0,0
2,9,12,4,0,1,4,1,0
5,11,8,4,10,3,4,1,0
2,5,3,2,6,0,2,1,0
2,11,8,4,0,1,4,1,0
2,9,12,6,12,4,4,0,0
1,9,12,4,9,1,4,0,0
2,0,5,2,13,0,4,1,0
2,7,11,4,7,3,4,1,0
1,12,13,2,9,0,4,1,1
2,11,8,2,13,0,4,1,0
2,1,6,2,5,0,4,1,1
2,1,6,2,6,0,4,1,0
4,9,12,2,11,0,4,1,1
2,14,14,4,9,1,1,1,0
2,11,8,5,13,4,4,1,0
2,2,7,4,13,1,4,1,0
4,8,10,2,3,0,4,1,1
2,0,5,0,13,1,4,1,0
2,15,9,4,0,3,2,0,0
2,15,9,3,0,3,3,0,0
2,11,8,4,0,3,4,0,0
2,11,8,2,11,0,4,1,0
2,0,5,2,13,0,4,1,0
2,9,12,2,11,0,4,1,1
2,8,10,2,6,0,4,1,0
2,11,8,0,6,4,4,0,0
2,11,8,0,7,1,4,1,0
2,9,12,0,3,1,4,0,0
2,7,11,4,7,1,4,0,1
4,15,9,3,4,1,4,0,1
2,11,8,4,0,2,2,1,0
2,11,8,0,3,4,4,0,0
2,0,5,6,4,4,4,0,0
2,15,9,2,2,0,4,1,0
0,15,9,2,9,0,4,1,1
2,0,5,2,11,0,4,1,0
4,8,10,2,4,0,4,1,0
2,11,8,4,5,3,4,1,0
2,11,8,4,11,3,4,1,0
2,9,12,4,0,1,4,0,0
4,11,8,2,4,0,4,1,0
2,11,8,4,2,3,4,1,0
2,6,4,2,5,0,1,1,0
2,11,8,4,0,1,4,1,0
1,10,15,3,9,4,4,0,0
0,9,12,2,0,0,1,1,0
2,9,12,4,12,1,4,0,0
2,9,12,2,3,0,1,1,1
2,1,6,5,7,1,2,0,0
2,11,8,4,7,3,4,0,0
2,5,3,2,2,0,4,1,0
2,12,13,2,3,0,4,1,1
2,15,9,4,0,3,4,0,0
2,9,12,2,3,2,4,1,0
1,12,13,4,9,1,4,0,0
2,9,12,4,3,1,4,1,0
2,15,9,4,3,2,4,0,0
2,15,9,2,2,0,4,1,0
2,9,12,4,11,1,4,0,0
2,11,8,2,2,0,4,1,0
2,15,9,4,9,1,4,0,0
2,15,9,2,2,0,4,1,0
2,4,2,2,2,0,4,1,0
2,9,12,4,12,1,4,1,0
1,11,8,2,2,0,4,1,0
1,11,8,2,7,0,4,1,0
2,1,6,2,6,0,4,1,0
2,2,7,4,12,1,4,1,0
5,8,10,2,10,0,4,1,0
3,9,12,2,11,0,4,1,1
2,15,9,4,2,1,1,1,0
2,8,10,4,3,3,4,0,0
2,9,12,2,9,0,4,1,0
2,11,8,4,0,3,4,1,0
2,9,12,4,9,1,4,0,0
4,11,8,2,2,0,4,1,1
2,2,7,2,7,0,4,1,0
2,5,3,6,7,1,4,0,0
2,15,9,2,3,0,4,1,1
2,11,8,2,2,0,4,1,1
2,11,8,2,6,0,2,1,0
2,9,12,2,3,0,4,1,1
2,9,12,4,3,1,4,1,0
2,11,8,0,2,1,4,1,0
2,15,9,2,9,0,4,1,1
2,11,8,4,6,4,2,0,0
2,7,11,2,9,0,4,1,1
2,9,12,4,9,1,4,1,1
2,11,8,2,13,0,3,1,0
2,11,8,4,0,3,4,0,0
2,11,8,0,7,4,4,0,0
2,9,12,2,3,0,4,1,0
4,3,1,4,3,1,0,1,0
3,15,9,4,11,3,4,0,0
2,2,7,4,11,3,2,0,0
2,15,9,3,11,3,2,0,0
1,11,8,2,13,0,4,1,0
2,9,12,0,9,1,4,0,0
2,11,8,2,3,0,4,1,1
2,11,8,0,0,1,4,0,0
2,7,11,2,12,0,4,1,0
4,9,12,4,4,1,4,1,0
3,12,13,6,3,4,4,0,0
2,15,9,4,11,3,4,1,0
2,10,15,2,9,0,4,1,1
2,9,12,4,11,1,4,1,0
4,11,8,2,4,0,4,1,1
2,11,8,2,11,0,4,1,0
4,11,8,2,3,0,4,1,0
2,9,12,2,0,0,4,1,0
2,12,13,2,3,0,4,1,1
1,12,13,2,9,5,4,0,1
2,8,10,4,12,1,4,1,0
2,15,9,4,4,1,4,1,0
1,15,9,3,9,1,4,1,0
2,11,8,4,11,3,4,1,0
4,11,8,5,2,1,4,1,0
1,11,8,2,3,0,4,1,1
2,15,9,4,11,1,4,1,0
2,11,8,4,2,1,4,1,0
2,9,12,4,12,3,4,0,0
2,15,9,3,13,1,4,1,0
2,1,6,0,7,4,4,0,0
2,9,12,4,9,1,4,1,0
2,11,8,2,2,0,4,1,0
1,9,12,4,10,3,4,1,0
2,15,9,0,2,4,4,1,1
2,9,12,5,11,1,4,0,1
6,11,8,2,13,0,4,1,0
2,15,9,2,2,0,4,1,1
1,8,10,0,3,1,4,0,0
2,11,8,2,2,0,4,1,1
2,0,5,2,2,0,4,1,0
2,11,8,6,5,2,4,0,0
2,8,10,2,2,0,4,1,0
2,9,12,2,3,0,4,1,0
0,12,13,4,3,1,4,1,0
1,11,8,2,2,0,4,1,0
2,11,8,4,7,3,2,1,0
2,15,9,4,0,3,4,0,0
3,5,3,2,2,0,4,1,1
5,12,13,2,9,0,4,1,1
4,11,8,2,2,0,4,1,0
5,11,8,4,13,1,0,1,1
2,15,9,4,11,3,4,1,0
2,12,13,2,9,0,4,1,1
4,7,11,2,3,0,4,1,0
2,7,11,2,9,0,4,1,1
2,8,10,0,7,1,0,0,0
2,12,13,2,11,0,4,1,1
2,5,3,2,2,0,4,1,0
1,8,10,2,13,0,2,1,0
2,5,3,4,7,3,4,1,0
2,15,9,4,0,3,2,0,0
2,9,12,4,3,1,1,0,0
2,11,8,0,2,1,4,1,1
2,15,9,0,2,1,4,1,0
2,8,10,4,8,1,4,1,0
0,11,8,5,0,4,4,0,0
2,2,7,2,5,0,4,1,0
2,15,9,4,11,3,4,0,0
2,15,9,4,0,1,4,0,0
2,11,8,0,0,4,4,0,0
2,5,3,2,6,0,4,1,0
2,11,8,2,11,5,4,0,0
4,11,8,4,7,4,4,0,0
2,15,9,0,2,1,4,1,0
1,12,13,6,9,4,2,0,1
0,15,9,4,0,4,4,0,0
2,5,3,4,5,1,4,1,0
2,11,8,4,6,3,4,0,0
4,9,12,0,12,1,4,1,0
2,12,13,4,9,1,4,1,0
2,9,12,2,3,0,4,1,1
2,11,8,4,11,1,4,1,1
2,11,8,2,11,0,4,1,0
2,8,10,2,11,0,4,1,1
1,9,12,0,9,4,4,1,0
2,9,12,0,7,1,4,0,0
2,11,8,4,7,1,4,0,0
2,14,14,2,2,0,4,1,1
2,8,10,0,9,1,4,0,1
2,8,10,2,2,0,4,1,1
2,0,5,2,11,5,1,0,1
2,6,4,4,13,2,4,1,0
1,9,12,4,9,1,4,0,0
2,15,9,4,0,1,4,0,1
2,15,9,4,5,3,4,1,0
2,8,10,4,3,3,4,1,0
0,15,9,0,9,4,4,0,1
2,15,9,0,3,4,4,0,0
2,11,8,2,0,0,2,1,1
1,9,12,2,3,0,4,1,0
2,12,13,2,3,0,4,1,0
2,15,9,0,2,4,4,1,0
3,9,12,2,11,0,4,1,1
2,8,10,0,2,4,4,1,0
2,15,9,4,0,3,4,1,0
2,11,8,4,6,3,4,0,0
2,12,13,2,3,0,4,1,1
2,15,9,2,11,0,4,1,1
2,9,12,2,11,0,4,1,1
2,9,12,4,12,2,1,1,0
4,12,13,2,9,0,4,1,0
2,7,11,2,12,0,4,1,1
2,5,3,2,7,0,1,1,0
1,8,10,0,2,1,4,1,0
2,11,8,4,5,3,4,1,0
2,9,12,4,0,1,4,1,0
4,12,13,2,4,0,4,1,0
2,11,8,0,7,1,4,0,0
2,11,8,4,13,1,4,1,0
2,5,3,2,2,0,4,1,0
2,0,5,0,7,4,4,0,0
1,11,8,2,7,0,4,1,0
2,1,6,4,5,3,4,1,0
1,11,8,0,0,1,4,0,0
1,11,8,2,0,5,4,0,0
0,11,8,4,3,1,4,0,0
4,0,5,4,2,3,4,1,0
2,11,8,6,9,1,4,0,0
5,15,9,0,7,4,2,0,0
2,15,9,2,6,0,4,1,0
2,10,15,2,9,0,3,1,1
2,15,9,2,0,0,4,1,0
3,7,11,0,11,4,4,0,0
2,9,12,4,3,1,4,0,0
2,15,9,2,0,0,2,1,1
2,12,13,2,0,0,4,1,1
4,7,11,4,9,1,4,0,0
2,11,8,4,7,2,4,1,0
2,11,8,4,11,3,4,0,0
2,11,8,0,11,4,2,1,0
2,15,9,4,0,3,4,0,0
3,9,12,2,11,0,4,1,0
5,15,9,2,0,0,4,1,0
5,9,12,2,3,0,4,1,1
4,9,12,2,4,0,4,1,1
2,11,8,2,2,0,4,1,0
2,9,12,4,0,3,4,0,0
2,15,9,4,0,4,4,1,0
0,15,9,2,0,0,4,1,1
2,9,12,4,13,3,4,1,0
2,15,9,0,7,1,2,1,0
2,11,8,0,6,4,2,0,0
1,12,13,2,9,0,4,1,0
2,11,8,4,6,1,4,1,0
2,1,6,4,11,3,4,1,0
2,15,9,4,0,3,4,1,0
2,15,9,4,11,3,4,0,0
2,0,5,0,7,1,4,1,0
2,9,12,0,0,1,2,0,0
2,15,9,5,3,1,2,0,0
4,11,8,2,7,5,2,0,0
2,15,9,4,11,3,4,1,0
2,11,8,4,4,3,4,1,0
2,1,6,4,4,4,4,1,0
2,15,9,4,5,1,4,1,0
2,15,9,0,0,1,4,0,0
2,9,12,2,2,0,4,1,1
2,11,8,2,6,0,4,1,1
2,2,7,4,6,3,4,1,0
5,11,8,0,3,1,4,0,0
4,6,4,2,2,0,4,1,0
1,9,12,0,9,4,4,0,0
0,15,9,2,13,5,4,0,1
2,8,10,2,2,0,4,1,0
5,0,5,2,4,0,4,1,0
2,9,12,2,3,0,4,1,1
4,15,9,3,9,1,2,1,0
1,11,8,6,0,1,2,0,0
2,9,12,2,3,0,4,1,1
2,11,8,2,3,0,4,1,0
3,11,8,2,3,0,4,1,1
2,15,9,2,3,0,4,1,1
1,11,8,3,5,4,4,1,0
2,15,9,0,7,4,4,0,0
2,8,10,5,2,2,4,1,1
2,11,8,0,11,1,4,1,0
2,0,5,4,6,1,4,0,0
2,1,6,4,11,3,4,0,0
2,9,12,2,2,0,4,1,1
2,15,9,4,5,1,4,1,0
4,15,9,2,2,0,4,1,1
2,11,8,4,5,2,4,1,0
1,12,13,2,9,5,4,0,1
2,1,6,2,13,0,4,1,1
1,8,10,2,10,0,4,1,1
2,15,9,4,7,3,4,1,0
2,11,8,4,7,1,2,0,0
2,11,8,2,7,0,2,1,0
0,9,12,2,3,0,4,1,0
5,12,13,2,11,0,4,1,1
2,9,12,4,11,4,2,1,0
3,10,15,2,3,0,4,1,1
2,11,8,0,13,1,4,1,0
2,15,9,0,9,1,4,0,0
2,9,12,2,12,5,4,0,1
2,6,4,4,2,2,2,1,0
2,11,8,2,2,0,2,1,1
2,9,12,2,7,5,1,0,1
2,1,6,0,2,3,4,1,0
2,11,8,4,0,1,4,1,0
2,15,9,4,0,2,4,0,0
2,15,9,4,10,3,4,0,0
2,9,12,2,9,0,4,1,1
2,0,5,4,9,3,3,0,0
2,11,8,2,6,0,2,1,0
2,11,8,5,2,1,4,1,0
2,15,9,2,3,0,4,1,0
0,15,9,2,3,0,4,1,1
4,11,8,4,9,3,2,0,0
4,8,10,2,11,0,4,1,1
0,9,12,2,3,0,2,1,1
2,11,8,2,2,0,4,1,0
4,5,3,2,11,0,4,1,1
2,15,9,4,0,1,4,0,0
2,15,9,4,3,3,4,1,0
2,0,5,0,6,4,4,0,0
1,11,8,0,3,1,4,0,0
2,9,12,0,3,4,2,0,0
2,9,12,2,4,0,4,1,0
2,11,8,3,4,2,2,1,0
2,11,8,4,5,1,4,1,0
0,7,11,4,0,1,4,1,0
2,12,13,0,11,1,4,1,0
2,1,6,4,13,3,4,1,0
2,9,12,4,6,2,4,1,0
2,11,8,0,2,1,4,1,0
2,9,12,0,9,4,4,0,0
1,9,12,2,9,0,4,1,0
2,9,12,4,0,2,2,0,0
2,11,8,2,2,0,4,1,0
2,1,6,2,6,0,4,1,0
2,12,13,4,6,1,4,0,0
2,11,8,2,0,0,4,1,1
2,9,12,4,9,4,4,0,0
1,11,8,6,7,1,4,0,0
2,11,8,2,2,0,4,1,0
2,15,9,2,11,0,4,1,1
2,15,9,4,7,3,4,0,0
2,4,2,2,7,0,4,1,0
2,15,9,2,3,0,4,1,1
2,15,9,4,7,1,4,0,0
2,15,9,2,9,0,2,1,1
2,15,9,0,2,1,4,1,0
2,9,12,4,0,1,4,0,0
1,5,3,0,5,1,4,1,0
2,15,9,0,0,4,2,0,0
2,2,7,4,5,3,0,1,0
4,11,8,2,4,0,4,1,0
2,11,8,2,2,0,4,1,1
5,15,9,4,0,3,4,0,0
0,11,8,2,0,0,4,1,1
2,11,8,4,6,1,4,1,0
2,6,4,2,6,0,2,1,0
2,15,9,4,4,1,4,1,0
4,11,8,0,9,1,1,0,0
3,11,8,4,11,3,4,1,0
1,15,9,2,12,0,4,1,1
2,15,9,0,3,4,2,0,0
2,11,8,0,0,1,3,0,0
2,14,14,2,9,5,4,0,1
2,9,12,2,3,0,4,1,0
3,9,12,0,3,1,4,1,0
2,11,8,2,2,0,4,1,0
2,11,8,2,6,0,4,1,0
4,1,6,4,0,3,4,0,0
2,11,8,2,6,0,4,1,0
4,14,14,0,9,4,4,0,1
2,15,9,2,3,0,4,1,1
2,15,9,2,6,0,4,1,0
2,15,9,4,0,3,4,0,0
2,9,12,2,7,0,4,1,1
2,11,8,2,0,5,4,0,1
2,9,12,3,9,1,1,0,0
2,8,10,4,0,1,2,0,0
1,7,11,4,0,1,4,1,0
2,12,13,2,9,0,4,1,1
2,9,12,2,11,0,4,1,1
4,15,9,0,6,4,4,1,0
4,8,10,4,7,1,4,1,0
1,15,9,2,10,0,4,1,1
2,11,8,2,6,0,4,1,0
2,11,8,0,7,4,4,0,0
2,2,7,4,3,1,4,1,0
2,11,8,5,11,4,4,0,0
2,11,8,5,3,3,4,0,0
2,9,12,2,9,0,4,1,0
2,8,10,4,2,4,4,1,0
2,12,13,2,3,0,4,1,1
0,11,8,0,0,4,2,0,0
2,15,9,2,0,0,4,1,0
2,11,8,4,6,1,4,1,0
4,14,14,2,2,0,4,1,0
3,6,4,0,11,1,4,1,0
1,12,13,4,9,3,4,0,0
2,7,11,0,3,1,2,0,0
2,5,3,0,6,4,4,0,0
3,12,13,0,3,4,1,1,1
2,0,5,0,5,1,4,1,0
2,1,6,2,5,0,4,1,0
4,11,8,2,2,2,4,1,0
2,4,2,6,7,4,4,1,0
2,10,15,2,3,0,1,1,1
2,12,13,4,0,1,4,0,0
2,11,8,2,7,0,4,1,0
2,11,8,4,0,1,4,0,0
2,15,9,2,5,0,2,1,0
2,15,9,4,5,3,4,1,0
2,6,4,4,7,3,4,0,0
4,11,8,0,13,1,4,1,0
2,15,9,2,12,0,4,1,1
3,11,8,2,11,0,4,1,1
2,11,8,4,11,4,2,0,0
2,11,8,4,0,3,4,0,0
2,2,7,4,7,3,4,0,0
2,13,0,2,9,0,3,1,0
2,14,14,2,9,0,4,1,1
2,15,9,4,9,3,4,1,0
2,12,13,2,9,0,4,1,1
2,15,9,4,11,3,4,0,0
2,15,9,4,5,2,4,1,0
2,1,6,4,6,4,4,0,0
2,11,8,0,6,3,2,0,0
4,11,8,2,2,0,2,1,0
2,15,9,4,7,3,4,0,0
5,15,9,2,9,0,2,1,1
2,15,9,4,13,4,4,0,0
0,11,8,0,0,1,4,0,0
4,11,8,2,4,0,4,1,1
2,11,8,2,11,0,4,1,0
3,11,8,2,2,0,4,1,0
5,0,5,2,7,0,4,1,0
2,9,12,4,3,1,4,0,0
1,15,9,0,3,1,0,0,0
4,5,3,2,9,0,4,1,0
2,14,14,2,9,0,1,1,1
2,15,9,4,2,3,4,1,0
2,15,9,2,2,0,4,1,1
2,11,8,2,2,0,4,1,0
2,8,10,0,9,4,4,0,0
2,1,6,0,11,4,4,0,0
2,15,9,2,9,0,4,1,1
2,11,8,4,10,4,0,0,0
0,9,12,2,9,0,4,1,0
2,11,8,4,7,3,4,0,0
2,11,8,4,3,1,4,1,0
2,9,12,4,11,1,4,1,1
2,11,8,4,7,1,4,0,0
2,1,6,2,2,0,4,1,0
2,11,8,3,0,1,4,0,0
1,10,15,6,9,4,4,0,0
4,9,12,2,3,0,4,1,1
2,9,12,0,12,1,4,1,0
2,11,8,2,2,0,4,1,1
2,11,8,0,7,1,4,1,0
2,11,8,2,3,5,4,0,1
2,8,10,2,2,0,4,1,0
3,9,12,2,11,0,4,1,1
2,15,9,6,3,1,4,0,0
2,11,8,4,11,3,2,0,0
4,0,5,2,2,0,4,1,0
2,15,9,4,6,3,4,1,0
3,9,12,4,9,1,4,0,0
2,1,6,4,7,2,4,1,0
2,11,8,5,7,2,4,0,0
2,15,9,2,2,0,4,1,0
2,11,8,0,6,2,4,0,0
2,9,12,2,9,0,4,1,1
2,11,8,5,3,1,4,0,0
2,3,1,3,4,2,4,1,0
2,0,5,2,2,0,4,1,0
2,9,12,2,9,0,4,1,1
5,12,13,2,9,0,4,1,1
5,15,9,2,10,0,4,1,0
4,11,8,4,2,1,4,1,0
2,11,8,6,11,4,4,0,0
2,0,5,2,13,0,4,1,1
2,1,6,2,5,3,4,1,0
2,11,8,0,7,1,4,1,0
2,11,8,3,0,4,2,0,0
2,9,12,2,11,0,4,1,1
2,15,9,4,0,3,4,0,0
2,11,8,5,2,3,4,1,0
2,15,9,2,6,0,4,1,1
2,1,6,2,10,0,4,1,0
2,8,10,5,9,1,4,0,0
4,8,10,0,3,1,4,0,0
1,11,8,2,10,0,2,1,1
1,9,12,0,9,4,2,0,0
0,9,12,2,9,0,4,1,1
1,11,8,2,0,2,4,0,0
2,11,8,4,7,3,4,1,0
2,0,5,6,2,4,2,0,0
2,11,8,2,6,0,4,1,0
2,10,15,2,9,0,1,1,1
3,14,14,2,9,0,4,1,1
2,11,8,4,6,1,3,1,0
0,8,10,2,5,0,4,1,0
2,9,12,2,4,0,4,1,1
2,15,9,4,7,3,4,1,0
0,9,12,4,3,2,1,0,0
2,15,9,4,10,3,4,1,0
1,9,12,2,0,5,4,0,1
2,15,9,2,9,0,4,1,0
2,12,13,2,3,0,4,1,1
2,8,10,2,2,0,4,1,0
2,15,9,2,9,0,2,1,0
2,15,9,0,10,4,2,0,0
2,11,8,2,7,0,1,1,0
4,9,12,2,9,0,4,1,0
2,1,6,2,13,0,4,1,0
2,11,8,2,7,5,4,0,0
2,15,9,4,10,1,4,1,0
2,9,12,2,9,0,4,1,1
2,15,9,2,2,0,4,1,1
2,11,8,4,6,2,2,1,0
2,2,7,4,2,3,4,1,0
2,9,12,2,5,0,4,1,1
2,15,9,2,2,0,4,1,0
1,11,8,2,0,5,4,0,0
2,15,9,2,6,0,4,1,1
5,11,8,2,0,2,4,0,0
2,9,12,2,9,0,4,1,0
4,9,12,0,13,1,4,1,0
2,11,8,0,4,1,4,1,0
4,9,12,2,11,0,4,1,0
3,9,12,6,7,4,4,0,0
2,11,8,2,0,5,3,0,0
1,11,8,5,7,3,4,0,0
1,9,12,2,0,0,4,1,0
2,11,8,2,2,0,4,1,1
2,1,6,4,7,3,4,1,0
2,0,5,4,2,1,4,1,0
2,9,12,2,9,5,4,0,1
2,7,11,2,12,0,4,1,1
2,15,9,2,12,0,4,1,1
2,7,11,2,12,5,4,0,0
2,9,12,2,0,5,4,0,1
4,9,12,2,2,0,4,1,1
2,15,9,4,7,3,4,0,0
2,5,3,2,13,0,4,1,0
4,11,8,2,2,0,4,1,0
2,15,9,2,2,0,4,1,1
2,8,10,2,13,0,4,1,1
4,9,12,4,9,3,4,0,0
4,11,8,4,2,1,4,1,1
1,11,8,4,9,3,2,0,0
4,1,6,2,3,0,4,1,0
2,11,8,4,2,1,4,1,0
2,11,8,4,0,3,4,0,0
2,11,8,2,13,0,4,1,0
4,8,10,2,7,5,4,0,0
2,7,11,2,4,0,1,1,0
2,11,8,2,2,0,4,1,0
2,11,8,4,2,1,4,1,0
2,1,6,2,11,0,4,1,0
5,9,12,4,9,1,4,0,0
2,11,8,2,13,0,4,1,0
2,9,12,4,9,3,4,0,0
1,9,12,4,9,3,4,1,1
2,15,9,2,7,0,1,1,0
2,11,8,6,0,1,4,0,0
2,11,8,4,6,3,4,0,0
2,9,12,4,0,1,4,1,0
2,9,12,0,9,1,4,1,0
2,11,8,0,2,1,4,1,0
2,12,13,2,9,0,4,1,1
4,11,8,2,5,0,4,1,1
4,15,9,2,7,0,4,1,0
3,9,12,2,11,0,4,1,1
2,11,8,0,7,4,4,0,0
2,2,7,4,7,1,4,0,0
2,9,12,2,11,0,4,1,1
2,8,10,4,12,1,4,0,0
1,11,8,2,2,0,4,1,0
2,8,10,2,3,0,4,1,1
2,1,6,2,6,0,4,1,0
3,8,10,2,11,0,4,1,1
0,11,8,2,12,0,4,1,0
2,11,8,4,7,1,4,0,0
4,15,9,5,11,1,4,1,0
2,0,5,4,13,1,4,1,0
3,2,7,2,2,0,4,1,0
2,6,4,5,7,4,2,0,0
2,9,12,2,11,0,4,1,1
2,9,12,2,9,0,4,1,1
2,9,12,4,9,4,3,1,0
2,11,8,2,6,0,4,1,0
2,9,12,2,0,0,4,1,0
2,8,10,4,4,3,4,1,0
0,11,8,2,0,0,4,1,0
2,0,5,4,7,1,4,1,0
2,2,7,0,6,4,4,0,0
4,11,8,3,4,1,4,1,0
0,15,9,4,0,4,2,0,0
2,15,9,4,0,1,4,0,0
2,15,9,4,7,3,4,1,0
2,11,8,2,6,0,4,1,0
2,8,10,2,0,0,4,1,0
2,11,8,4,11,1,4,0,0
2,9,12,2,9,0,4,1,1
2,12,13,2,3,0,4,1,1
2,11,8,2,2,0,4,1,0
2,11,8,2,10,0,4,1,0
2,15,9,2,9,0,4,1,0
2,15,9,2,2,0,4,1,0
2,9,12,2,3,0,4,1,1
2,11,8,0,6,4,4,0,0
2,11,8,2,7,0,1,1,0
2,11,8,0,2,1,4,1,0
2,9,12,2,11,0,4,1,1
5,7,11,2,13,0,4,1,0
2,15,9,4,2,1,4,1,0
5,2,7,4,13,3,2,1,0
2,9,12,2,9,0,4,1,1
2,11,8,0,7,4,4,0,0
2,15,9,0,11,1,4,0,0
2,12,13,4,11,1,4,0,1
2,7,11,2,0,0,4,1,1
1,8,10,2,12,0,4,1,0
2,9,12,4,9,1,4,0,0
4,15,9,4,9,3,4,1,0
1,9,12,4,9,1,4,0,0
5,12,13,4,9,1,1,1,0
2,2,7,4,4,1,2,1,0
2,11,8,3,2,4,4,0,0
2,9,12,0,9,1,4,0,0
5,9,12,2,9,0,4,1,0
2,11,8,2,6,0,4,1,0
2,4,2,4,6,1,4,0,0
1,9,12,4,9,1,4,1,0
2,9,12,0,2,1,4,1,0
2,15,9,4,0,3,4,0,0
2,4,2,2,5,0,4,1,0
2,11,8,4,0,4,4,1,0
3,15,9,2,13,0,2,1,0
2,11,8,2,11,0,4,1,1
2,15,9,2,3,0,4,1,1
2,15,9,4,0,3,4,0,0
2,15,9,4,11,3,2,0,0
3,15,9,2,3,0,4,1,0
2,15,9,0,0,4,4,0,0
2,15,9,0,12,1,4,1,0
2,7,11,2,0,5,4,0,0
2,11,8,2,3,0,4,1,0
5,14,14,2,9,5,4,0,1
2,12,13,2,0,0,4,1,1
2,15,9,4,5,1,4,1,0
1,11,8,0,0,4,4,1,0
2,11,8,4,2,2,4,1,0
2,11,8,0,2,1,4,1,0
4,9,12,2,13,0,4,1,0
2,9,12,4,9,1,4,1,0
3,15,9,0,2,1,4,1,0
1,5,3,4,4,3,4,1,0
2,6,4,4,4,2,2,1,0
2,11,8,4,7,3,2,0,0
2,11,8,4,13,1,4,1,0
1,11,8,0,0,4,4,0,0
4,11,8,2,2,0,4,1,0
2,15,9,4,5,1,4,0,0
2,12,13,2,3,5,4,0,0
2,11,8,2,0,5,2,0,0
2,11,8,0,2,4,4,1,0
2,12,13,4,9,1,4,1,1
2,9,12,0,2,1,4,1,0
0,9,12,4,9,1,4,1,0
2,6,4,2,4,0,4,1,0
2,5,3,2,0,0,4,1,0
2,15,9,2,3,0,2,1,0
2,9,12,4,0,1,4,1,1
2,11,8,2,2,0,4,1,0
2,11,8,2,11,0,4,1,0
2,11,8,4,0,3,4,1,0
2,1,6,4,8,1,4,0,0
2,15,9,4,11,1,4,0,0
2,11,8,2,4,0,4,1,0
2,7,11,2,6,0,4,1,0
2,7,11,4,9,1,4,1,0
2,12,13,2,9,0,1,1,1
2,15,9,4,7,1,4,1,0
2,0,5,4,7,3,4,0,0
2,15,9,4,13,1,4,1,0
2,11,8,0,0,1,4,0,0
2,11,8,2,2,0,4,1,1
2,11,8,4,4,4,4,1,0
2,7,11,4,0,1,4,0,0
2,6,4,6,6,4,4,0,0
5,9,12,4,6,1,4,1,0
2,2,7,4,5,1,4,1,0
2,15,9,4,11,1,4,1,0
2,15,9,2,3,0,4,1,0
1,11,8,2,10,0,4,1,0
5,9,12,2,3,0,4,1,1
2,11,8,4,6,1,4,1,0
0,15,9,2,2,0,4,1,0
2,11,8,2,0,0,4,1,1
3,9,12,2,9,0,4,1,0
2,4,2,4,5,1,4,1,0
2,11,8,4,5,3,4,0,0
3,9,12,2,3,0,4,1,1
2,15,9,4,11,3,4,1,0
2,15,9,4,5,3,4,1,0
2,11,8,5,0,1,4,0,0
2,9,12,4,9,3,4,1,1
2,11,8,4,6,3,4,0,0
2,11,8,2,13,0,4,1,0
0,15,9,5,7,1,2,1,0
2,2,7,2,6,0,4,1,0
0,9,12,2,3,0,1,1,1
2,11,8,2,2,0,4,1,1
4,11,8,2,11,0,4,1,0
2,9,12,4,9,1,4,1,1
1,11,8,2,10,0,4,1,1
2,11,8,4,13,4,2,0,0
0,15,9,2,0,0,2,1,1
2,8,10,4,2,3,4,1,0
2,1,6,4,6,4,2,0,0
2,4,2,2,2,0,4,1,0
2,9,12,4,3,4,4,0,0
5,9,12,4,0,1,4,0,0
2,7,11,2,9,0,4,1,0
2,15,9,4,9,1,2,1,1
1,9,12,2,3,0,4,1,0
2,11,8,4,0,2,4,1,0
2,11,8,4,6,2,4,1,0
2,11,8,2,2,0,4,1,0
2,11,8,0,3,1,4,1,0
2,15,9,4,0,1,4,0,1
2,15,9,2,11,0,4,1,0
2,11,8,0,6,1,4,1,0
2,9,12,4,12,1,4,0,0
2,15,9,4,0,4,2,0,0
2,11,8,2,11,0,4,1,1
2,5,3,6,8,1,4,0,0
4,9,12,2,11,0,4,1,1
2,15,9,4,5,3,2,1,0
2,11,8,2,11,0,4,1,0
2,9,12,2,9,0,4,1,1
2,15,9,2,2,0,4,1,0
1,9,12,4,9,1,4,0,0
2,11,8,2,3,0,4,1,0
2,0,5,2,13,0,4,1,0
2,6,4,2,7,5,2,0,0
2,15,9,2,6,0,4,1,1
4,11,8,6,11,1,4,1,0
2,15,9,2,11,0,4,1,1
2,15,9,0,6,1,4,1,0
2,9,12,2,9,0,4,1,1
1,15,9,2,3,0,4,1,1
2,11,8,2,3,0,4,1,1
1,8,10,4,12,1,4,1,0
2,5,3,6,7,1,4,0,0
2,15,9,2,3,0,4,1,0
2,15,9,0,11,1,2,1,0
2,11,8,5,3,4,2,0,0
2,12,13,2,9,0,4,1,1
4,7,11,3,3,1,4,0,0
2,11,8,4,2,1,4,1,0
2,15,9,4,9,3,4,0,0
0,11,8,2,13,0,2,1,1
2,11,8,4,7,3,4,0,0
2,0,5,2,2,0,4,1,0
2,15,9,4,0,3,4,0,0
1,9,12,2,0,0,4,1,1
2,15,9,0,0,4,4,0,1
4,11,8,2,2,0,4,1,1
2,15,9,3,2,1,1,1,0
2,11,8,4,7,3,4,1,0
2,11,8,4,0,3,4,0,0
2,9,12,2,2,0,4,1,0
4,11,8,2,3,0,4,1,0
0,11,8,4,0,1,2,0,0
2,15,9,2,5,0,4,1,0
4,11,8,2,9,0,4,1,1
2,7,11,2,12,0,4,1,0
2,2,7,2,5,3,4,1,0
2,11,8,2,0,0,4,1,0
2,9,12,4,9,1,1,0,0
2,11,8,2,0,0,4,1,1
2,15,9,2,2,0,4,1,0
2,15,9,2,12,0,4,1,0
4,15,9,6,0,1,4,0,0
2,12,13,2,3,0,4,1,1
2,15,9,2,6,0,4,1,0
2,15,9,2,2,0,4,1,0
2,11,8,2,2,0,4,1,1
2,15,9,4,2,3,4,1,0
2,11,8,4,7,1,4,0,0
1,11,8,4,7,3,4,0,0
2,15,9,0,2,1,4,1,0
2,11,8,2,5,0,4,1,1
2,14,14,6,7,1,4,1,0
2,11,8,4,11,1,4,1,0
2,15,9,2,3,0,4,1,1
2,15,9,2,12,5,4,0,1
2,11,8,2,3,0,4,1,0
2,0,5,2,5,0,4,1,0
2,15,9,4,7,1,2,0,0
2,8,10,0,9,4,4,0,0
1,9,12,6,9,4,1,0,0
2,9,12,2,3,0,4,1,1
2,15,9,4,11,3,4,1,0
2,15,9,5,9,4,2,0,0
2,11,8,0,11,3,4,0,0
2,1,6,4,0,3,4,0,0
2,11,8,2,2,0,4,1,1
2,8,10,2,12,0,4,1,0
4,11,8,0,13,1,4,1,0
2,11,8,2,2,0,4,1,0
2,15,9,0,2,4,4,0,0
5,9,12,0,6,1,2,1,0
5,15,9,4,0,1,4,0,0
2,1,6,5,6,1,2,1,0
4,9,12,2,4,0,4,1,0
2,11,8,0,0,4,4,0,0
2,11,8,3,0,1,4,0,0
2,11,8,5,13,4,4,0,0
2,11,8,2,13,0,4,1,0
2,11,8,2,4,0,2,1,0
2,15,9,4,6,3,4,1,0
1,12,13,2,3,0,4,1,1
4,15,9,5,2,1,4,1,0
2,11,8,0,7,1,4,1,0
2,15,9,4,0,3,4,0,0
2,11,8,4,5,3,4,1,0
2,12,13,4,9,1,4,1,0
2,11,8,4,0,3,4,0,0
2,1,6,5,9,3,4,1,0
2,11,8,4,5,3,4,1,0
2,11,8,4,6,3,4,1,0
5,15,9,2,10,0,4,1,0
2,9,12,4,12,1,4,0,0
2,11,8,4,6,3,4,0,0
2,15,9,4,12,1,4,0,0
2,9,12,2,3,0,4,1,1
1,8,10,0,9,4,4,0,0
2,11,8,2,2,0,4,1,0
0,15,9,2,12,5,4,0,0
2,11,8,2,11,0,4,1,1
2,15,9,4,0,2,4,1,0
2,11,8,0,0,4,4,0,0
2,1,6,2,7,0,0,1,0
4,11,8,2,4,0,4,1,1
2,15,9,2,11,0,4,1,0
2,11,8,4,2,1,4,1,0
4,15,9,2,3,2,4,1,1
1,11,8,4,7,4,2,0,0
1,11,8,2,13,0,4,1,0
2,0,5,6,6,1,4,1,0
2,15,9,2,0,0,4,1,0
2,1,6,4,6,1,4,1,0
2,9,12,2,9,0,4,1,0
2,15,9,2,3,0,4,1,0
2,11,8,2,3,0,4,1,1
2,15,9,4,11,1,4,1,0
2,15,9,0,0,4,4,0,0
2,9,12,4,9,1,4,0,0
2,6,4,2,2,0,4,1,0
2,11,8,4,2,3,4,1,0
2,12,13,2,9,0,4,1,1
0,9,12,2,3,0,4,1,1
2,11,8,2,3,5,4,0,1
2,11,8,2,0,0,4,1,1
4,11,8,2,13,0,4,1,0
2,11,8,4,0,1,4,0,0
2,11,8,4,11,2,4,1,0
1,11,8,5,0,1,4,0,0
4,9,12,0,11,1,4,1,0
2,9,12,4,9,1,4,1,1
2,11,8,4,7,1,4,0,0
2,1,6,0,5,4,2,0,0
1,10,15,2,9,0,4,1,1
2,0,5,4,7,1,4,0,0
2,9,12,2,3,0,4,1,1
2,4,2,2,4,0,4,1,0
2,15,9,4,7,3,4,0,0
2,9,12,4,9,1,4,0,0
2,14,14,5,9,1,4,1,1
4,15,9,2,2,0,4,1,0
2,11,8,2,6,0,4,1,0
2,9,12,4,3,1,4,1,0
2,9,12,2,3,0,4,1,1
2,9,12,2,9,0,4,1,1
2,8,10,4,3,3,4,0,0
2,9,12,4,9,1,4,0,0
2,15,9,4,2,3,4,1,0
3,15,9,2,3,0,4,1,1
4,12,13,2,4,0,4,1,0
2,12,13,4,11,3,4,0,0
2,3,1,2,7,3,1,0,0
2,15,9,0,2,4,4,1,0
2,9,12,2,3,0,4,1,0
2,11,8,4,7,1,4,1,0
2,8,10,0,12,4,4,0,0
2,9,12,2,2,0,4,1,0
2,15,9,0,0,4,4,0,0
2,11,8,4,11,2,2,0,0
4,11,8,2,4,0,4,1,1
2,1,6,0,13,1,4,1,0
1,15,9,0,3,1,4,0,0
2,15,9,4,6,3,4,1,0
5,9,12,2,2,0,4,1,1
2,5,3,4,5,1,2,1,0
2,15,9,2,3,0,4,1,1
4,7,11,2,13,0,4,1,0
2,7,11,2,7,5,4,0,1
0,15,9,0,3,4,2,0,1
2,2,7,4,6,2,4,1,0
1,9,12,4,9,1,2,0,0
0,9,12,4,13,1,2,1,0
2,7,11,0,7,1,4,0,0
2,1,6,4,5,3,4,1,0
0,7,11,4,0,1,4,1,0
2,11,8,2,9,0,4,1,1
2,11,8,2,7,0,4,1,0
1,12,13,2,9,5,4,0,1
2,7,11,2,13,0,4,1,0
2,15,9,4,0,3,2,0,0
2,11,8,2,2,0,4,1,0
1,9,12,2,10,0,2,1,0
2,11,8,2,7,3,4,1,0
2,15,9,2,5,0,4,1,1
2,9,12,2,3,0,4,1,0
2,11,8,4,6,3,4,1,0
2,15,9,2,13,0,4,1,1
1,11,8,2,10,0,4,1,0
2,7,11,4,7,3,4,0,0
1,9,12,0,9,4,2,0,0
2,2,7,4,6,3,4,0,0
2,5,3,0,6,4,4,0,0
2,3,1,2,2,0,2,1,1
2,15,9,4,11,1,4,0,0
0,11,8,4,0,3,4,1,0
2,9,12,4,9,3,4,0,0
2,11,8,2,2,0,4,1,0
2,4,2,4,5,1,4,1,0
5,10,15,2,3,0,4,1,1
2,1,6,4,5,3,4,1,0
2,11,8,4,0,4,4,0,0
2,2,7,0,2,1,4,1,0
2,14,14,4,9,3,1,0,0
4,11,8,2,7,0,2,1,0
2,11,8,4,6,1,2,0,0
2,15,9,5,12,1,0,1,0
1,5,3,2,0,0,4,1,0
2,9,12,4,3,3,4,1,0
2,11,8,2,7,0,4,1,1
2,0,5,4,8,3,2,0,0
2,11,8,4,2,3,4,1,0
2,15,9,4,0,1,4,0,0
2,15,9,5,7,4,4,0,0
2,15,9,2,13,0,4,1,0
2,15,9,2,9,0,2,1,1
2,9,12,5,3,4,4,0,0
2,15,9,2,2,0,4,1,0
2,15,9,4,7,1,4,1,0
1,9,12,0,9,1,4,1,0
3,11,8,2,7,0,4,1,1
2,11,8,0,3,1,4,0,0
2,15,9,2,2,0,4,1,0
4,15,9,2,2,0,4,1,0
0,15,9,4,3,1,4,1,0
2,7,11,4,3,1,4,0,0
2,11,8,4,0,4,4,0,0
4,5,3,2,4,0,4,1,0
2,15,9,2,4,0,4,1,1
2,15,9,4,11,3,4,0,0
2,15,9,2,6,0,4,1,1
2,15,9,0,11,4,4,0,0
2,0,5,4,6,4,4,1,0
2,7,11,4,9,1,4,1,0
2,11,8,4,7,2,4,1,0
2,15,9,2,13,0,4,1,1
2,11,8,2,2,0,4,1,0
3,9,12,0,9,4,4,1,0
2,7,11,2,11,0,4,1,1
1,15,9,2,13,0,4,1,0
1,15,9,4,3,1,4,0,0
2,7,11,0,13,4,4,0,0
2,11,8,6,0,1,4,0,0
2,11,8,4,5,3,2,1,0
2,8,10,2,0,5,4,0,0
2,11,8,0,4,1,2,1,0
1,11,8,2,7,0,2,1,0
5,15,9,5,11,1,4,1,0
2,9,12,2,9,0,4,1,1
5,4,2,4,6,3,4,0,0
2,15,9,2,11,5,4,0,1
1,15,9,4,0,3,2,0,0
2,15,9,2,2,0,2,1,0
4,11,8,2,2,0,4,1,0
2,15,9,2,7,0,4,1,0
2,14,14,2,9,0,4,1,1
2,9,12,0,11,4,4,1,1
2,10,15,5,3,4,4,1,1
2,9,12,0,11,1,4,1,0
2,9,12,2,3,0,4,1,1
2,11,8,4,11,3,4,1,0
2,9,12,5,2,1,4,1,0
2,0,5,4,7,3,4,0,0
3,15,9,2,3,0,4,1,1
2,9,12,2,9,0,4,1,0
2,0,5,4,7,3,4,1,0
2,11,8,2,13,0,4,1,1
2,15,9,4,6,1,4,0,0
2,9,12,2,3,0,4,1,1
2,15,9,2,2,0,4,1,0
1,7,11,2,3,0,2,1,1
2,12,13,2,3,0,4,1,1
2,11,8,2,0,5,4,0,0
2,11,8,2,6,0,4,1,1
3,11,8,2,3,0,4,1,1
2,15,9,4,11,3,4,0,0
2,9,12,4,0,3,4,0,0
2,11,8,2,3,0,4,1,1
0,9,12,3,3,1,4,1,1
3,15,9,2,3,0,4,1,1
5,9,12,2,3,0,4,1,1
2,9,12,4,3,3,4,1,0
2,11,8,2,0,5,1,0,0
2,11,8,2,3,0,4,1,1
2,15,9,4,7,1,4,0,0
4,15,9,0,7,1,4,0,0
2,15,9,6,11,4,4,0,0
4,11,8,2,11,3,4,0,1
3,9,12,2,9,0,4,1,1
2,15,9,6,0,1,4,0,0
2,11,8,6,6,1,4,0,0
2,11,8,5,7,4,4,0,0
2,11,8,2,0,5,4,0,0
2,11,8,4,0,3,4,0,0
4,11,8,2,2,0,4,1,0
4,11,8,2,13,0,4,1,0
4,9,12,4,11,1,4,1,0
2,11,8,2,7,5,3,0,0
2,6,4,2,5,0,4,1,0
2,11,8,4,7,3,4,0,0
2,11,8,2,4,0,3,1,0
2,14,14,2,9,0,4,1,1
4,6,4,2,2,0,4,1,1
1,9,12,2,0,5,4,0,1
2,9,12,2,3,0,4,1,1
2,6,4,0,7,1,4,1,0
2,11,8,2,3,0,4,1,0
4,1,6,2,7,0,4,1,0
2,8,10,2,13,0,4,1,1
1,9,12,2,9,0,4,1,1
2,1,6,2,2,0,4,1,0
3,12,13,2,11,0,4,1,1
2,8,10,4,11,1,2,1,0
2,11,8,2,6,0,4,1,0
2,12,13,4,12,1,4,0,0
1,9,12,6,9,1,4,0,1
2,8,10,2,2,0,4,1,1
2,15,9,4,7,3,4,0,0
2,5,3,2,2,0,4,1,0
2,11,8,0,6,4,4,1,0
2,15,9,4,0,3,4,1,0
2,1,6,4,2,3,4,1,0
2,15,9,2,7,0,4,1,0
2,15,9,0,12,4,4,0,0
2,12,13,4,9,1,4,0,0
2,15,9,2,11,0,4,1,0
2,11,8,2,13,0,4,1,1
2,0,5,6,0,4,4,0,0
2,15,9,4,7,3,4,0,0
2,5,3,2,2,0,4,1,0
2,15,9,4,12,3,4,1,0
2,15,9,4,7,3,4,0,0
0,12,13,2,9,0,4,1,1
3,9,12,2,4,0,4,1,1
2,11,8,2,12,0,4,1,1
4,14,14,2,9,0,4,1,1
2,1,6,4,2,3,4,1,0
2,6,4,2,6,0,4,1,0
2,15,9,4,11,3,4,0,0
2,1,6,4,0,3,4,0,0
2,15,9,2,2,0,4,1,0
4,9,12,2,9,0,4,1,0
2,11,8,0,7,1,2,1,0
2,9,12,4,0,1,4,0,0
2,11,8,4,12,3,4,1,0
2,12,13,4,9,1,4,0,0
2,8,10,0,0,4,4,0,0
2,11,8,2,7,0,4,1,0
2,9,12,2,9,5,4,0,1
2,11,8,5,2,1,4,1,0
2,0,5,5,2,4,4,0,0
2,1,6,4,7,3,2,1,0
2,8,10,4,11,1,2,0,0
2,2,7,4,7,3,4,0,0
2,6,4,2,2,0,4,1,0
2,8,10,4,7,1,4,0,0
5,11,8,2,10,0,4,1,1
2,15,9,0,7,1,4,0,0
2,15,9,2,6,0,4,1,0
2,15,9,2,0,0,4,1,1
2,9,12,2,12,5,4,0,1
2,11,8,2,6,0,4,1,1
2,15,9,4,0,3,4,0,0
2,11,8,4,0,1,4,0,0
3,11,8,2,3,0,4,1,1
1,7,11,2,9,0,4,1,0
4,11,8,2,11,0,4,1,0
2,4,2,4,4,2,2,1,0
5,15,9,4,5,1,4,1,0
2,7,11,4,9,1,4,1,1
2,15,9,4,7,3,4,0,0
2,11,8,2,3,0,4,1,0
0,15,9,2,2,0,4,1,1
2,11,8,4,13,3,4,1,0
2,8,10,2,0,0,4,1,0
2,11,8,4,0,3,4,1,0
2,11,8,4,13,3,4,1,0
4,11,8,0,2,3,4,1,0
2,15,9,4,5,1,4,1,0
1,12,13,0,9,4,4,0,0
1,15,9,2,10,0,4,1,1
2,11,8,4,11,2,4,1,0
2,1,6,2,13,0,0,1,0
4,15,9,2,3,0,4,1,0
2,12,13,2,9,0,4,1,0
2,9,12,2,11,0,4,1,0
2,5,3,2,6,0,4,1,0
2,11,8,2,5,0,4,1,0
2,9,12,2,9,0,4,1,1
2,11,8,3,7,4,4,0,0
2,1,6,4,9,2,4,1,0
4,8,10,2,9,5,4,0,1
2,6,4,2,11,0,4,1,0
2,11,8,4,0,3,4,0,0
2,15,9,2,2,0,4,1,0
0,12,13,2,3,0,4,1,1
2,15,9,0,3,1,4,1,1
2,1,6,0,5,4,4,0,0
2,11,8,5,11,4,4,1,0
2,11,8,4,5,1,4,1,0
2,9,12,4,11,1,4,1,0
5,9,12,2,3,0,4,1,0
2,13,0,3,7,1,1,1,0
0,14,14,4,9,1,4,0,0
2,12,13,0,11,1,4,0,0
0,11,8,2,2,0,4,1,1
2,9,12,2,9,0,4,1,1
2,8,10,0,11,1,4,0,0
2,9,12,4,3,1,4,1,0
2,9,12,4,11,1,4,0,0
2,15,9,2,2,0,4,1,0
1,12,13,5,9,1,4,0,0
2,9,12,4,3,1,4,1,0
4,9,12,2,11,0,4,1,0
2,13,0,4,6,3,4,0,0
2,15,9,4,7,3,4,1,0
3,9,12,2,3,0,4,1,1
2,11,8,4,6,1,4,1,0
4,9,12,2,13,0,4,1,0
2,15,9,2,11,0,4,1,0
4,11,8,0,2,3,0,1,0
0,9,12,2,3,5,4,0,1
3,9,12,0,9,1,4,0,0
2,11,8,4,12,1,4,1,0
3,9,12,2,9,0,4,1,1
3,11,8,0,3,1,2,1,0
2,11,8,2,2,0,4,1,0
2,11,8,2,0,5,4,0,0
2,11,8,2,4,0,4,1,0
2,15,9,2,2,0,4,1,0
2,8,10,4,8,1,4,0,0
3,1,6,2,13,0,4,1,1
2,15,9,2,2,0,4,1,0
2,11,8,2,2,0,4,1,0
2,1,6,2,6,0,4,1,0
3,14,14,2,9,0,4,1,1
4,15,9,2,7,0,4,1,0
1,15,9,2,2,0,4,1,0
2,15,9,4,11,3,4,0,0
2,8,10,2,10,0,4,1,0
4,5,3,2,4,0,4,1,0
2,1,6,4,7,3,4,1,0
2,11,8,2,13,0,0,1,1
2,9,12,4,9,1,4,1,0
2,11,8,2,2,0,4,1,0
5,15,9,4,12,4,2,0,0
2,11,8,2,0,0,4,1,1
2,11,8,3,11,4,2,0,0
0,11,8,4,3,4,4,0,0
4,11,8,2,3,0,4,1,1
0,9,12,0,9,4,4,1,0
2,11,8,2,7,0,4,1,0
0,9,12,3,3,1,4,0,0
2,7,11,0,3,1,4,1,0
4,9,12,0,2,4,1,1,0
2,8,10,4,6,4,2,0,0
2,11,8,0,2,4,4,1,0
2,11,8,2,6,0,4,1,0
2,11,8,3,7,1,4,1,0
2,11,8,3,7,1,4,0,0
5,11,8,2,13,0,2,1,0
2,11,8,2,3,0,4,1,1
2,9,12,4,0,3,2,1,0
3,12,13,2,11,0,4,1,1
4,11,8,3,2,1,1,1,0
2,11,8,0,11,1,4,0,0
2,12,13,0,12,4,2,0,1
3,11,8,0,11,4,4,1,0
2,1,6,4,5,3,4,1,0
2,0,5,5,7,1,2,0,0
2,9,12,4,0,3,2,0,0
2,9,12,0,0,1,4,0,0
5,15,9,0,10,4,4,0,0
3,10,15,2,9,0,4,1,1
2,12,13,0,3,4,2,0,1
3,9,12,2,9,0,4,1,0
2,11,8,4,4,1,4,1,0
2,11,8,0,2,4,4,1,0
4,10,15,3,9,1,4,1,1
4,11,8,6,4,1,4,1,0
4,1,6,6,7,4,4,0,1
2,9,12,4,9,1,4,0,1
2,2,7,2,0,0,2,1,0
2,11,8,2,9,0,4,1,0
2,11,8,4,2,4,4,1,0
2,11,8,2,2,0,4,1,1
2,9,12,4,3,1,4,1,1
2,15,9,4,11,4,2,0,0
2,15,9,4,0,4,2,0,0
2,15,9,4,12,1,4,0,0
2,9,12,2,9,5,4,0,1
0,9,12,4,9,1,4,0,0
2,11,8,2,6,0,4,1,0
2,11,8,2,2,0,4,1,0
2,11,8,2,6,0,4,1,1
2,2,7,4,2,3,2,1,0
2,15,9,2,7,0,4,1,0
1,9,12,0,9,1,4,1,0
2,11,8,2,3,0,4,1,1
2,11,8,6,6,4,3,1,0
2,11,8,4,6,1,1,1,0
1,9,12,2,3,0,4,1,1
2,11,8,2,2,0,4,1,0
2,15,9,4,6,3,2,1,0
2,7,11,4,0,4,4,0,0
2,3,1,4,7,1,4,1,0
3,15,9,2,3,0,4,1,1
2,9,12,2,11,0,4,1,1
2,9,12,2,3,0,4,1,1
2,11,8,0,0,4,4,0,0
2,9,12,2,12,0,4,1,1
2,15,9,0,7,1,4,1,0
2,11,8,2,2,0,4,1,0
2,8,10,2,2,0,1,1,0
2,11,8,5,2,2,2,1,0
2,1,6,0,6,4,4,0,0
3,12,13,2,3,0,4,1,1
2,1,6,4,13,3,4,1,0
2,0,5,2,2,0,4,1,0
2,14,14,2,9,0,2,1,1
0,9,12,2,3,0,4,1,1
2,9,12,2,9,0,4,1,1
2,15,9,2,0,5,3,0,0
3,15,9,0,0,3,4,0,0
5,11,8,6,12,4,2,0,0
2,2,7,4,5,3,2,1,0
2,11,8,4,2,4,4,1,0
2,4,2,4,2,3,4,1,0
2,1,6,4,11,3,4,0,0
1,2,7,2,2,0,4,1,0
4,8,10,2,7,5,4,0,0
2,11,8,4,0,3,4,0,0
2,11,8,2,2,0,4,1,1
2,15,9,2,12,0,4,1,0
0,9,12,2,9,0,4,1,1
2,15,9,4,11,3,4,0,0
2,11,8,2,3,5,4,0,0
2,9,12,4,3,1,4,0,1
5,15,9,3,0,4,0,0,0
3,1,6,3,11,1,4,1,0
2,8,10,2,2,0,4,1,1
2,15,9,0,2,1,4,1,0
2,11,8,4,13,4,4,0,0
0,9,12,2,3,0,2,1,0
2,9,12,0,11,1,4,1,0
2,15,9,2,11,0,4,1,1
2,5,3,2,9,0,4,1,0
0,8,10,2,10,0,4,1,1
1,7,11,0,7,4,4,0,0
2,11,8,6,0,4,4,0,0
2,12,13,2,3,0,4,1,1
2,11,8,0,6,1,4,1,0
2,11,8,4,5,3,4,1,0
2,9,12,2,9,0,4,1,0
2,10,15,2,9,0,4,1,1
2,7,11,0,12,1,4,0,0
2,11,8,2,6,0,4,1,0
4,11,8,2,2,0,4,1,0
4,14,14,2,9,0,4,1,1
2,7,11,4,11,1,4,1,0
2,1,6,4,11,3,4,0,0
2,9,12,4,11,3,4,0,0
2,11,8,2,13,0,4,1,1
2,15,9,4,11,3,4,1,0
2,9,12,4,0,1,4,0,0
2,11,8,2,3,0,4,1,1
2,8,10,2,9,0,4,1,1
2,9,12,2,3,0,4,1,1
2,11,8,0,13,1,4,1,0
4,11,8,4,2,1,4,1,0
2,11,8,2,0,5,4,0,0
2,7,11,4,3,3,4,1,0
4,11,8,2,11,5,4,0,1
3,10,15,2,9,0,4,1,1
2,15,9,2,3,0,4,1,1
2,11,8,4,2,3,4,1,0
2,12,13,2,3,0,2,1,1
2,1,6,0,4,1,4,1,0
1,15,9,6,13,1,2,0,0
2,9,12,2,3,5,4,0,1
2,8,10,2,2,0,4,1,1
2,9,12,4,3,1,4,1,0
2,15,9,4,7,1,4,1,0
2,11,8,4,9,1,4,0,0
2,11,8,2,13,0,4,1,1
2,11,8,4,7,1,4,0,0
2,15,9,0,3,1,4,1,0
2,9,12,2,9,0,4,1,1
2,9,12,4,11,3,4,0,0
2,11,8,0,0,4,4,0,0
2,15,9,4,11,2,4,0,0
2,6,4,2,4,0,4,1,0
2,7,11,0,2,3,4,1,0
5,11,8,2,2,0,4,1,0
2,11,8,2,6,0,4,1,1
2,15,9,2,9,0,4,1,0
2,11,8,2,6,0,4,1,0
2,11,8,4,2,1,4,1,0
2,7,11,4,11,1,4,1,0
2,11,8,0,12,4,4,0,0
2,15,9,0,9,4,4,0,0
2,14,14,2,3,0,4,1,0
5,11,8,0,9,4,4,0,0
0,11,8,0,9,4,4,0,0
2,11,8,2,10,0,4,1,0
4,8,10,4,2,3,4,1,0
4,7,11,0,11,1,4,0,0
2,9,12,2,11,0,4,1,0
2,8,10,2,0,5,2,0,0
5,15,9,4,12,1,2,1,0
2,10,15,2,3,0,4,1,1
2,15,9,0,6,3,4,0,0
2,15,9,2,11,5,4,0,0
5,9,12,2,9,0,4,1,0
2,15,9,0,7,4,4,0,0
2,9,12,0,9,1,2,0,0
3,15,9,2,11,0,4,1,1
2,15,9,2,3,5,4,0,1
2,11,8,4,2,1,4,1,0
1,9,12,2,2,0,4,1,0
1,15,9,0,3,4,4,0,0
2,7,11,4,11,3,4,1,0
2,11,8,0,4,4,4,1,0
4,15,9,2,2,0,4,1,1
2,12,13,2,9,0,4,1,1
2,8,10,0,2,4,4,1,0
5,11,8,4,5,1,2,1,0
2,11,8,4,11,3,4,0,0
2,15,9,4,7,1,4,0,0
2,11,8,2,13,0,4,1,0
2,11,8,2,0,0,4,1,0
2,15,9,4,11,1,2,1,0
1,11,8,0,3,3,4,1,0
2,2,7,2,2,0,2,1,1
2,12,13,0,9,1,4,0,1
4,11,8,2,4,0,4,1,0
2,15,9,4,6,3,4,0,0
2,15,9,4,3,1,4,1,0
2,7,11,2,2,0,4,1,0
2,9,12,0,3,2,4,1,0
2,11,8,4,7,1,4,0,0
2,15,9,4,0,4,2,0,0
2,12,13,2,11,0,4,1,1
2,11,8,4,0,1,2,1,0
2,11,8,0,2,1,4,1,0
1,11,8,2,10,0,4,1,0
1,15,9,0,0,1,4,0,0
4,8,10,4,4,1,0,1,0
2,9,12,4,12,2,4,1,0
0,11,8,4,0,1,2,0,0
1,12,13,2,9,0,4,1,0
2,15,9,4,11,1,4,0,0
2,15,9,4,11,3,4,0,0
2,11,8,2,11,0,4,1,0
0,11,8,2,0,0,2,1,0
2,11,8,4,0,3,4,1,0
2,15,9,5,9,4,4,0,0
2,11,8,0,0,4,4,0,0
2,9,12,2,0,5,4,0,1
2,1,6,0,7,1,4,0,0
4,11,8,2,13,0,4,1,0
2,12,13,4,9,1,1,0,1
2,11,8,2,2,0,4,1,1
2,11,8,2,0,0,4,1,0
2,15,9,5,6,4,2,0,0
2,9,12,4,3,3,4,1,0
2,11,8,4,2,3,4,1,0
2,9,12,4,6,3,4,1,0
2,6,4,4,7,2,4,1,0
2,7,11,2,2,0,4,1,1
2,11,8,4,2,1,4,1,0
2,11,8,0,7,1,2,0,0
2,11,8,4,7,4,3,1,0
2,9,12,5,12,1,4,1,0
2,8,10,0,7,1,4,0,0
2,9,12,2,11,0,4,1,1
0,11,8,2,0,5,4,0,1
2,11,8,2,2,0,4,1,0
2,11,8,4,0,1,4,1,0
2,9,12,4,7,3,4,1,0
2,9,12,2,9,0,4,1,1
2,0,5,4,7,3,4,1,0
4,9,12,4,3,1,4,0,0
2,8,10,0,3,1,4,1,1
2,15,9,2,11,0,4,1,1
5,15,9,0,9,1,4,0,0
2,11,8,4,7,2,4,0,0
1,15,9,4,7,1,4,0,0
2,1,6,0,7,1,2,0,0
2,0,5,2,2,0,4,1,0
2,12,13,4,7,1,4,0,0
2,11,8,2,13,0,4,1,1
2,11,8,0,7,4,4,0,0
0,11,8,2,2,0,4,1,1
2,7,11,4,11,1,3,1,0
2,11,8,2,13,0,3,1,0
2,11,8,2,11,0,4,1,0
2,15,9,4,0,3,4,0,0
2,15,9,2,4,0,4,1,0
2,11,8,2,2,0,4,1,1
2,15,9,4,9,1,4,1,0
3,15,9,2,3,0,4,1,1
2,9,12,4,0,1,4,1,0
2,1,6,2,6,0,4,1,0
2,15,9,2,0,0,4,1,0
2,11,8,4,7,1,4,0,0
1,9,12,2,0,0,4,1,0
2,15,9,0,7,1,4,0,0
2,1,6,4,5,3,4,1,0
0,12,13,4,0,1,4,0,1
2,11,8,4,2,1,4,1,0
0,9,12,4,9,1,4,1,0
3,11,8,4,2,2,4,1,0
3,15,9,2,3,5,4,0,0
2,0,5,4,7,1,4,0,0
5,15,9,4,0,4,2,0,0
4,11,8,2,4,0,4,1,0
2,4,2,2,6,0,4,1,0
2,15,9,4,7,3,4,0,0
2,4,2,3,7,4,1,0,0
1,10,15,2,3,0,4,1,1
2,9,12,4,11,4,1,1,0
2,15,9,2,0,5,4,0,0
2,11,8,4,4,3,4,1,0
2,1,6,4,2,1,4,1,0
2,11,8,4,13,2,2,1,0
2,7,11,3,6,4,4,1,0
2,11,8,2,11,0,4,1,0
2,15,9,4,0,3,4,0,0
4,9,12,2,11,0,4,1,1
4,9,12,0,3,1,4,1,0
2,4,2,2,6,5,1,0,0
2,15,9,0,11,1,4,1,0
5,11,8,2,4,0,4,1,1
2,15,9,4,7,1,4,0,0
2,15,9,4,6,1,4,1,0
4,11,8,0,2,1,4,1,0
2,8,10,4,10,1,4,1,0
2,11,8,2,6,0,4,1,0
2,1,6,4,11,3,4,1,0
2,1,6,0,10,1,4,1,0
2,15,9,4,5,3,4,1,0
1,15,9,4,10,1,2,0,1
2,11,8,2,0,0,4,1,0
2,15,9,2,5,0,2,1,0
2,15,9,2,13,0,4,1,0
5,9,12,2,9,0,4,1,0
2,8,10,4,7,1,4,0,0
2,0,5,2,4,0,4,1,0
4,11,8,2,4,0,4,1,1
2,5,3,2,5,0,4,1,0
2,9,12,0,3,1,4,1,1
2,9,12,4,9,1,4,1,0
2,11,8,2,2,0,4,1,1
2,11,8,2,4,0,4,1,1
4,14,14,2,3,0,4,1,0
4,15,9,2,3,0,4,1,0
2,15,9,4,11,3,4,0,0
2,11,8,2,6,5,2,0,0
2,10,15,2,9,0,4,1,0
2,15,9,2,2,0,4,1,0
2,15,9,4,4,1,4,0,0
2,11,8,2,2,0,4,1,0
2,11,8,4,2,3,1,1,0
2,15,9,4,4,1,4,0,0
2,15,9,4,5,3,4,1,0
2,11,8,2,2,0,4,1,0
2,5,3,2,5,0,4,1,0
3,14,14,0,9,4,4,1,1
2,15,9,0,7,4,2,0,0
2,11,8,2,6,0,4,1,0
4,11,8,2,3,0,4,1,0
5,14,14,0,9,4,2,1,1
2,8,10,4,12,3,4,0,0
2,1,6,2,11,0,4,1,0
2,11,8,2,2,0,2,1,1
4,9,12,2,3,5,4,0,0
2,11,8,4,7,1,4,1,0
2,3,1,2,4,0,4,1,0
2,9,12,4,5,1,2,1,0
2,9,12,2,9,0,4,1,1
1,9,12,2,11,0,1,1,1
2,15,9,0,3,1,4,0,0
2,15,9,0,2,1,4,1,0
2,9,12,0,0,1,4,0,0
0,7,11,4,9,1,4,0,0
2,11,8,2,2,0,4,1,0
4,11,8,2,11,0,4,1,1
2,12,13,2,3,0,2,1,1
2,15,9,0,0,1,2,0,0
4,11,8,2,3,0,4,1,1
2,15,9,0,6,1,4,0,0
2,12,13,4,9,1,4,0,0
2,15,9,2,9,0,4,1,1
2,12,13,4,3,1,4,0,0
1,12,13,6,3,1,4,1,0
2,11,8,2,0,2,4,1,0
2,11,8,2,7,0,4,1,0
2,15,9,6,0,1,4,0,0
2,11,8,4,11,3,2,0,0
2,9,12,2,9,0,4,1,1
2,1,6,2,2,0,4,1,0
2,11,8,2,7,0,2,1,0
5,11,8,5,7,3,4,0,0
4,3,1,2,11,2,4,1,0
2,11,8,2,13,0,2,1,0
2,15,9,2,3,0,4,1,1
5,14,14,0,9,3,1,0,0
2,0,5,2,13,0,4,1,0
2,2,7,2,2,0,4,1,0
4,15,9,4,4,3,4,1,0
4,5,3,2,2,0,4,1,0
3,11,8,2,7,5,4,0,0
2,1,6,2,7,2,4,1,0
2,1,6,0,7,2,4,0,0
2,11,8,4,5,1,4,1,0
2,11,8,0,6,4,4,0,0
2,11,8,0,13,1,4,1,0
2,11,8,4,6,1,4,0,0
2,15,9,0,2,4,4,1,0
2,1,6,4,6,4,4,0,0
2,15,9,0,0,1,4,1,0
1,9,12,0,9,4,4,0,0
2,0,5,4,4,3,4,1,0
2,11,8,4,7,1,2,0,0
3,15,9,2,3,0,4,1,1
2,11,8,4,0,3,4,0,0
2,11,8,2,13,0,4,1,0
2,11,8,2,7,0,4,1,0
2,0,5,4,0,3,4,0,0
6,11,8,2,0,5,4,0,0
2,12,13,4,9,1,4,0,1
2,14,14,2,9,0,4,1,0
2,6,4,4,7,1,4,0,0
2,9,12,2,0,0,1,1,1
3,9,12,2,11,0,4,1,1
2,1,6,4,7,3,4,0,0
2,15,9,4,7,3,2,1,0
2,15,9,2,5,0,4,1,0
2,15,9,4,2,1,4,1,0
5,11,8,2,0,0,4,1,1
5,9,12,4,9,4,4,1,0
2,12,13,4,0,1,4,1,0
2,11,8,2,7,5,1,0,0
2,11,8,4,6,1,2,1,0
2,11,8,4,2,1,4,1,0
2,11,8,0,4,1,4,1,0
2,9,12,0,7,1,4,1,0
2,15,9,4,9,3,4,1,0
2,11,8,0,6,1,4,0,0
0,15,9,2,4,0,4,1,0
2,9,12,4,6,1,4,0,0
2,12,13,4,9,1,4,0,0
2,15,9,6,11,1,4,0,0
2,11,8,2,7,0,4,1,0
2,11,8,4,2,3,4,1,0
2,0,5,2,7,0,4,1,0
1,9,12,2,9,0,4,1,1
4,5,3,2,11,0,4,1,0
2,7,11,0,0,1,4,0,0
2,9,12,2,6,0,2,1,0
2,15,9,4,7,1,4,0,0
2,9,12,2,3,0,4,1,1
2,11,8,0,6,4,4,1,0
2,15,9,0,7,4,4,0,0
2,9,12,2,12,0,4,1,1
2,15,9,0,5,2,2,1,0
2,6,4,0,2,3,4,1,0
2,8,10,5,9,4,4,0,0
2,11,8,2,5,0,4,1,0
4,9,12,2,9,0,4,1,1
2,9,12,2,3,0,4,1,1
2,11,8,4,2,3,4,1,0
2,4,2,5,2,1,3,1,0
2,11,8,4,5,3,4,1,0
2,9,12,4,3,1,4,0,1
2,9,12,4,0,3,1,0,0
4,14,14,2,9,0,4,1,1
2,11,8,2,7,0,4,1,0
2,8,10,0,7,4,4,0,0
2,11,8,2,3,5,4,0,1
2,11,8,2,9,0,4,1,0
2,9,12,2,3,0,4,1,1
2,15,9,2,6,0,4,1,0
2,15,9,2,9,5,4,0,1
5,10,15,2,9,0,4,1,0
2,15,9,4,3,1,4,1,0
2,9,12,2,5,0,4,1,0
2,15,9,4,7,3,4,1,0
2,15,9,4,11,1,4,1,0
2,11,8,2,7,0,2,1,1
1,11,8,2,2,0,4,1,1
2,15,9,4,9,1,4,1,0
2,11,8,4,2,3,4,1,0
1,9,12,4,9,1,4,1,0
2,11,8,4,12,2,1,1,0
2,15,9,0,3,1,4,0,0
2,9,12,6,11,4,2,1,0
2,11,8,2,2,0,4,1,0
2,12,13,2,3,0,4,1,1
2,15,9,4,6,3,2,1,0
5,10,15,2,12,0,1,1,0
2,8,10,4,13,3,1,1,0
1,12,13,2,9,0,4,1,1
1,12,13,6,9,4,4,0,0
2,12,13,4,9,1,4,0,0
2,11,8,2,13,0,0,1,1
2,15,9,5,3,1,4,1,0
2,9,12,4,11,1,4,1,0
5,9,12,4,9,1,4,1,1
4,9,12,2,11,0,4,1,1
2,11,8,4,7,3,4,0,0
2,15,9,0,0,4,4,0,0
2,11,8,4,0,1,4,1,0
2,8,10,4,4,3,4,1,0
2,15,9,2,2,0,4,1,1
2,12,13,2,9,0,4,1,1
2,11,8,4,7,2,4,0,0
2,15,9,2,3,0,4,1,0
2,9,12,4,11,3,4,0,0
2,11,8,4,6,1,4,0,0
2,15,9,2,0,0,1,1,0
5,11,8,2,13,0,2,1,0
2,9,12,2,9,0,4,1,1
2,9,12,4,0,3,4,1,0
2,11,8,2,5,0,0,1,0
2,4,2,2,13,0,4,1,1
2,15,9,2,3,0,4,1,0
2,2,7,4,5,3,4,1,0
2,8,10,2,2,0,4,1,0
2,0,5,2,2,0,4,1,0
1,11,8,0,3,4,4,0,0
2,11,8,0,12,4,4,1,1
2,1,6,2,2,0,4,1,0
2,11,8,0,11,4,4,0,0
2,9,12,4,7,1,1,1,0
2,8,10,0,11,4,2,0,0
2,7,11,0,0,4,4,0,0
2,11,8,4,7,1,4,0,0
2,15,9,2,2,0,4,1,0
2,11,8,2,2,0,4,1,0
2,11,8,0,6,1,4,0,0
2,15,9,2,3,0,4,1,1
2,15,9,2,11,0,4,1,0
5,11,8,2,7,5,0,0,1
2,15,9,2,3,3,4,1,0
2,11,8,4,0,3,4,0,0
3,11,8,2,4,0,4,1,0
2,11,8,4,2,3,4,1,0
5,11,8,4,0,3,4,0,0
2,11,8,2,2,0,4,1,0
2,12,13,4,9,3,4,0,0
0,9,12,2,9,0,4,1,0
5,15,9,4,12,1,4,0,0
2,11,8,4,2,1,4,1,0
5,11,8,2,7,0,4,1,0
4,11,8,0,2,1,2,1,0
2,15,9,4,11,3,4,1,0
5,15,9,4,0,3,4,1,0
5,15,9,2,7,0,1,1,0
2,0,5,4,7,2,4,1,0
1,15,9,0,12,1,4,0,0
2,11,8,0,3,1,4,1,1
2,11,8,2,11,0,4,1,0
2,11,8,0,3,4,4,0,0
2,15,9,4,3,1,4,0,0
2,8,10,0,3,4,2,0,0
2,0,5,4,5,4,4,1,0
2,15,9,0,2,4,4,1,1
2,8,10,4,0,1,4,0,0
2,9,12,2,11,0,4,1,1
2,1,6,2,11,0,4,1,0
2,5,3,0,4,4,4,0,0
2,11,8,5,2,3,4,1,0
2,11,8,2,2,0,4,1,0
4,12,13,2,9,0,4,1,1
1,15,9,2,10,0,4,1,1
4,7,11,0,3,1,4,1,0
0,11,8,2,0,0,4,1,1
0,15,9,0,0,1,2,0,0
2,15,9,4,11,3,4,1,0
2,11,8,4,6,1,4,1,0
4,11,8,2,4,5,4,0,0
4,9,12,2,12,0,4,1,1
2,12,13,4,9,1,4,0,1
0,9,12,2,0,0,4,1,1
2,9,12,4,3,1,4,0,0
0,15,9,0,0,3,4,1,0
2,6,4,2,11,3,4,1,1
2,9,12,2,11,0,4,1,1
2,11,8,2,2,0,4,1,0
2,15,9,4,2,1,4,1,0
1,11,8,2,2,0,4,1,0
2,15,9,4,0,3,4,1,0
2,11,8,2,3,0,4,1,1
2,12,13,2,12,0,4,1,1
2,8,10,5,9,4,4,0,0
2,8,10,0,7,4,4,0,0
1,11,8,2,10,0,4,1,1
2,11,8,2,5,0,4,1,1
2,9,12,4,7,3,4,1,0
2,15,9,0,9,3,4,0,0
2,11,8,2,13,0,4,1,0
5,15,9,4,7,3,4,0,0
2,11,8,2,3,0,4,1,1
2,11,8,0,13,1,4,1,0
2,13,0,4,7,1,4,0,0
2,9,12,3,9,1,4,1,1
2,8,10,4,7,3,4,0,0
2,9,12,2,3,0,1,1,1
2,15,9,4,11,3,4,1,0
2,11,8,0,0,1,4,0,0
1,9,12,2,9,0,4,1,0
2,9,12,2,0,5,4,0,1
2,6,4,2,6,0,4,1,0
1,15,9,4,7,1,4,1,0
2,2,7,4,11,3,4,0,0
2,11,8,2,2,0,4,1,0
2,15,9,2,3,0,4,1,0
5,9,12,2,9,0,2,1,1
2,11,8,3,7,1,4,0,0
2,9,12,4,11,1,4,1,0
2,1,6,4,5,3,4,1,0
2,15,9,2,3,0,4,1,1
2,9,12,2,0,0,4,1,1
2,9,12,0,5,1,4,1,0
2,11,8,2,11,5,4,0,0
2,15,9,2,13,0,4,1,0
2,11,8,2,6,0,4,1,0
2,11,8,4,0,3,2,0,0
1,0,5,4,10,3,4,0,0
2,11,8,2,2,0,4,1,1
2,15,9,0,0,4,4,0,0
3,9,12,2,2,0,4,1,0
2,15,9,0,10,1,4,1,0
4,11,8,2,2,5,2,0,1
2,11,8,4,6,3,4,1,0
5,9,12,2,3,0,4,1,1
2,11,8,4,0,3,4,1,0
1,11,8,0,0,4,2,0,0
2,12,13,2,9,0,4,1,1
6,11,8,4,4,3,4,1,0
2,15,9,0,2,4,4,1,0
4,11,8,2,2,0,2,1,0
2,15,9,2,2,0,4,1,0
2,9,12,4,9,1,1,1,0
2,15,9,0,10,1,4,1,0
2,11,8,2,11,0,2,1,1
1,12,13,4,9,1,4,1,0
2,11,8,2,4,0,4,1,0
5,12,13,2,3,0,4,1,1
2,9,12,2,9,0,4,1,1
2,1,6,4,5,3,4,1,0
2,11,8,2,2,0,2,1,0
2,15,9,0,12,1,4,0,0
2,9,12,4,0,1,2,1,0
2,15,9,4,12,1,4,0,0
2,1,6,0,5,1,4,0,0
4,7,11,2,11,0,4,1,0
2,11,8,0,7,1,4,0,0
2,11,8,2,2,0,4,1,0
2,11,8,4,6,1,4,1,0
2,15,9,4,0,1,4,0,0
2,7,11,2,0,0,4,1,0
2,9,12,4,3,3,0,0,0
2,11,8,2,5,0,2,1,0
1,9,12,0,0,4,2,0,0
4,15,9,2,3,0,4,1,0
2,15,9,4,11,3,4,0,0
2,11,8,4,0,3,4,1,0
2,11,8,2,6,0,4,1,1
1,12,13,2,3,0,4,1,1
2,2,7,4,7,3,4,1,0
2,11,8,4,0,1,4,0,0
2,15,9,4,9,1,4,0,0
2,14,14,2,9,0,4,1,1
2,0,5,4,11,3,4,0,0
2,11,8,0,13,1,4,1,0
2,11,8,4,6,3,4,1,0
2,2,7,4,4,3,4,1,0
2,15,9,4,11,2,4,0,0
2,10,15,2,9,0,4,1,0
2,15,9,2,2,0,4,1,1
2,11,8,4,4,4,4,0,0
2,11,8,0,7,1,4,0,0
2,9,12,2,9,5,4,0,0
2,11,8,4,5,2,3,0,0
4,15,9,2,4,0,4,1,0
2,9,12,2,0,0,4,1,1
0,12,13,6,9,4,4,0,0
2,15,9,0,3,1,4,1,1
4,11,8,2,13,0,4,1,0
2,15,9,0,0,4,4,0,0
3,15,9,2,4,0,4,1,1
5,10,15,2,9,0,4,1,1
2,15,9,5,0,4,4,1,0
3,10,15,2,9,0,4,1,1
2,9,12,2,11,0,4,1,0
0,15,9,2,3,0,4,1,1
4,12,13,4,3,1,1,1,1
1,11,8,0,12,1,4,0,0
2,11,8,6,3,4,4,0,0
2,11,8,4,5,3,4,1,0
4,9,12,2,4,0,4,1,1
2,12,13,4,9,1,4,1,0
4,12,13,0,11,4,4,0,0
2,9,12,4,9,1,4,0,0
2,1,6,4,8,3,4,0,0
1,15,9,5,0,4,0,0,0
2,3,1,4,8,1,4,0,0
5,8,10,2,10,0,4,1,1
2,11,8,4,7,2,2,1,0
2,11,8,4,5,3,4,1,0
2,7,11,4,0,1,4,0,0
2,15,9,0,0,4,4,0,0
2,15,9,4,5,3,4,1,0
5,15,9,2,9,5,2,0,1
2,11,8,5,11,4,4,0,0
2,11,8,4,7,3,2,0,0
4,1,6,4,4,3,4,1,0
4,0,5,2,4,0,4,1,0
1,11,8,4,4,3,4,1,0
2,15,9,2,11,0,4,1,0
2,11,8,3,5,2,4,1,0
2,11,8,2,13,0,4,1,0
1,12,13,4,9,1,4,0,0
2,11,8,2,2,0,4,1,0
2,15,9,2,5,0,4,1,0
2,9,12,2,3,5,4,0,1
2,9,12,2,3,5,1,0,0
4,11,8,2,13,0,2,1,0
2,7,11,4,6,4,2,0,0
2,11,8,2,6,5,4,0,1
1,14,14,2,0,0,1,1,1
2,15,9,6,0,1,4,0,0
2,11,8,2,13,0,4,1,1
2,15,9,2,2,0,4,1,1
4,1,6,2,4,0,4,1,0
2,9,12,2,9,5,4,0,1
2,1,6,0,0,3,4,0,0
1,9,12,2,10,0,2,1,1
2,12,13,2,11,0,4,1,1
2,11,8,4,3,2,4,0,0
1,12,13,4,9,1,4,0,0
2,15,9,6,3,1,4,0,0
5,15,9,4,10,3,4,1,0
2,11,8,2,2,0,4,1,0
2,15,9,4,11,3,4,0,0
1,9,12,3,9,2,2,1,0
2,11,8,4,6,1,4,1,0
2,11,8,2,2,0,4,1,0
1,11,8,4,10,4,4,1,0
2,15,9,4,7,3,4,0,0
2,11,8,2,6,5,4,0,0
2,6,4,5,7,4,3,0,0
2,11,8,2,11,3,2,1,0
2,15,9,4,5,1,4,1,0
2,10,15,2,9,0,4,1,1
1,15,9,2,13,0,4,1,0
2,15,9,0,0,1,4,0,0
2,11,8,2,6,0,4,1,0
2,6,4,4,13,1,4,1,0
4,9,12,2,3,0,4,1,0
2,9,12,4,9,1,4,0,0
2,9,12,4,0,1,4,0,0
5,14,14,2,9,0,4,1,1
2,5,3,4,7,2,4,1,0
2,12,13,4,9,1,4,0,0
2,11,8,5,0,1,4,1,0
2,15,9,0,3,1,4,0,0
1,15,9,2,10,0,4,1,1
2,11,8,3,7,1,3,0,0
2,11,8,2,2,0,4,1,0
2,1,6,0,6,1,2,0,0
2,11,8,4,4,2,4,1,0
4,9,12,2,9,0,4,1,1
2,11,8,2,2,0,4,1,0
2,7,11,2,2,0,4,1,1
4,11,8,2,4,0,4,1,1
2,12,13,2,2,0,4,1,1
2,5,3,2,4,0,4,1,0
2,15,9,0,6,1,3,1,0
2,11,8,2,2,0,4,1,1
1,9,12,4,9,3,2,0,0
2,0,5,0,7,1,4,1,0
5,12,13,2,9,5,4,0,1
2,9,12,2,0,0,4,1,1
2,11,8,5,11,4,2,0,0
4,15,9,2,3,0,4,1,0
2,11,8,2,5,0,4,1,0
2,11,8,0,3,1,4,1,1
2,11,8,0,9,4,4,1,0
5,12,13,4,3,1,4,1,0
2,15,9,0,13,1,2,0,0
2,11,8,6,6,1,4,0,0
2,11,8,2,2,0,4,1,0
2,11,8,2,12,0,4,1,0
2,7,11,2,3,0,4,1,1
5,9,12,4,9,3,4,0,0
2,11,8,2,7,0,4,1,0
3,15,9,2,9,0,0,1,0
2,11,8,2,6,0,4,1,0
2,15,9,2,11,0,4,1,1
1,11,8,2,2,0,4,1,1
2,0,5,4,7,3,4,1,0
2,11,8,2,0,5,4,0,1
2,2,7,2,8,5,3,0,0
2,1,6,4,11,3,4,0,0
2,9,12,2,13,0,1,1,1
2,1,6,2,2,0,4,1,1
2,11,8,2,13,0,1,1,0
1,12,13,2,3,0,4,1,1
2,0,5,3,10,1,1,1,0
4,11,8,2,3,0,4,1,1
2,11,8,2,6,0,2,1,0
2,12,13,0,9,1,4,1,0
2,11,8,4,6,1,4,0,0
2,9,12,2,9,0,4,1,0
2,11,8,0,12,4,4,0,0
2,11,8,2,2,0,4,1,0
2,9,12,2,3,0,4,1,1
2,7,11,4,3,4,4,1,0
2,11,8,4,2,1,4,1,0
2,11,8,2,13,0,4,1,1
2,15,9,2,13,0,4,1,0
2,5,3,3,6,4,4,0,0
2,1,6,3,6,4,1,0,0
0,11,8,2,4,0,4,1,1
2,14,14,4,9,1,4,0,1
2,11,8,4,13,3,2,1,0
2,14,14,2,9,0,4,1,1
2,15,9,2,2,0,4,1,1
4,9,12,2,13,0,4,1,0
2,11,8,2,11,5,4,0,1
2,15,9,4,7,3,4,0,0
4,15,9,2,7,5,4,0,1
2,1,6,2,2,0,4,1,0
2,11,8,0,11,1,4,1,0
2,15,9,4,9,3,4,0,0
3,8,10,6,11,1,4,0,1
2,1,6,4,4,4,4,1,0
2,9,12,4,3,3,4,0,0
2,11,8,2,5,0,4,1,0
2,9,12,3,3,1,4,0,1
4,11,8,2,11,0,4,1,0
2,11,8,2,11,0,4,1,1
2,8,10,2,3,0,4,1,0
2,9,12,4,9,3,2,0,0
2,15,9,2,7,0,2,1,0
2,1,6,2,11,0,4,1,0
1,11,8,0,0,4,4,0,0
2,0,5,4,4,4,0,1,0
2,15,9,2,6,0,4,1,0
2,1,6,4,11,3,4,0,0
2,6,4,4,2,3,4,1,0
3,15,9,6,11,1,4,1,0
2,7,11,0,9,4,4,0,0
2,15,9,4,11,1,2,1,0
2,15,9,0,13,1,4,1,0
2,0,5,2,13,0,4,1,0
2,0,5,2,5,0,4,1,1
2,9,12,0,11,1,1,1,0
4,11,8,2,2,0,4,1,0
4,11,8,2,11,0,4,1,0
4,9,12,2,9,0,4,1,0
2,11,8,6,7,1,4,0,0
2,0,5,2,5,0,4,1,0
0,9,12,2,5,0,4,1,0
3,9,12,2,9,0,4,1,0
2,11,8,2,6,0,4,1,0
2,6,4,4,6,3,4,1,0
1,9,12,2,3,5,4,0,1
2,11,8,0,13,4,4,1,0
1,15,9,0,3,4,4,1,1
2,8,10,0,11,1,4,1,1
4,11,8,2,2,0,4,1,0
2,15,9,4,5,3,4,1,0
2,3,1,2,5,0,4,1,0
2,15,9,2,2,0,4,1,1
1,12,13,0,9,1,4,0,0
2,7,11,2,5,0,2,1,1
2,11,8,2,2,0,4,1,1
2,15,9,4,9,1,4,0,0
3,7,11,2,11,0,4,1,1
2,11,8,2,0,5,4,0,1
2,11,8,2,2,0,4,1,0
2,11,8,2,13,0,4,1,1
2,11,8,4,2,1,4,1,0
2,15,9,2,0,0,4,1,0
2,11,8,2,2,0,4,1,0
2,7,11,2,9,0,4,1,1
2,14,14,0,9,1,4,1,1
2,11,8,2,2,0,4,1,0
2,9,12,4,3,3,4,0,0
2,11,8,4,0,3,4,1,0
2,8,10,4,7,3,4,0,0
2,1,6,6,2,1,4,1,0
1,12,13,2,3,0,4,1,1
2,10,15,2,9,0,4,1,1
2,11,8,2,6,0,4,1,0
2,11,8,2,11,0,4,1,0
2,11,8,2,6,0,4,1,0
2,14,14,2,9,0,4,1,0
2,14,14,2,2,0,4,1,1
2,8,10,2,2,0,4,1,1
2,9,12,2,3,0,4,1,1
2,11,8,5,7,4,4,0,0
2,11,8,4,3,3,4,1,0
2,8,10,2,9,0,4,1,0
2,15,9,4,7,1,4,1,0
3,14,14,2,9,0,4,1,1
2,11,8,2,2,0,4,1,0
4,11,8,2,4,0,4,1,0
2,15,9,4,11,3,4,1,0
2,8,10,4,11,4,4,0,0
2,11,8,4,7,3,4,0,0
2,12,13,2,9,5,1,0,1
2,2,7,4,7,1,3,0,0
2,11,8,2,6,0,4,1,0
2,11,8,0,8,1,4,0,0
2,1,6,0,3,4,4,0,0
2,9,12,2,3,5,4,0,1
3,12,13,2,3,0,4,1,1
1,3,1,2,7,0,4,1,0
2,15,9,4,3,1,4,1,0
0,8,10,2,0,0,4,1,1
2,7,11,6,3,1,4,0,1
2,9,12,0,3,4,1,1,0
2,11,8,2,13,0,4,1,0
3,12,13,2,11,0,4,1,1
2,15,9,0,0,4,4,0,0
2,11,8,2,13,0,4,1,1
2,1,6,4,11,3,4,0,0
2,15,9,4,5,4,0,0,0
0,11,8,0,2,1,2,1,0
3,11,8,2,3,0,4,1,1
5,11,8,0,7,3,2,1,0
2,11,8,2,2,0,4,1,0
1,15,9,0,0,4,2,0,0
2,9,12,2,2,5,4,0,1
2,9,12,0,3,1,4,0,1
2,9,12,2,12,0,4,1,0
2,7,11,2,9,0,4,1,0
4,11,8,2,2,0,4,1,1
2,15,9,2,2,0,4,1,0
0,11,8,2,0,0,4,1,0
2,9,12,2,3,0,4,1,0
3,11,8,2,7,0,4,1,0
2,9,12,0,12,4,4,0,0
1,15,9,4,7,1,4,1,0
1,11,8,4,13,3,4,0,0
2,11,8,0,7,1,2,0,0
2,2,7,4,11,2,4,1,0
2,8,10,2,0,0,2,1,1
2,14,14,4,9,1,4,0,1
2,12,13,4,3,1,4,1,1
2,12,13,2,3,0,2,1,0
2,9,12,4,11,1,4,0,0
5,15,9,4,9,3,4,1,0
2,9,12,3,0,1,0,1,0
2,11,8,4,0,3,2,0,0
2,9,12,2,3,0,4,1,1
2,15,9,2,10,0,4,1,0
2,15,9,0,7,1,4,1,0
4,1,6,2,4,0,4,1,0
2,11,8,0,11,3,4,1,0
2,9,12,4,3,1,2,0,0
2,8,10,4,6,1,4,1,0
2,9,12,4,3,1,4,1,0
2,11,8,0,12,1,4,0,0
4,11,8,2,4,0,4,1,1
2,15,9,2,2,0,4,1,0
2,9,12,2,9,0,4,1,1
2,9,12,5,9,1,4,1,0
2,11,8,4,7,1,4,1,0
4,12,13,0,3,1,4,1,1
2,8,10,0,0,1,4,0,0
2,14,14,2,3,0,4,1,0
2,2,7,4,0,3,4,0,0
2,15,9,4,3,1,4,1,0
2,15,9,2,3,0,4,1,1
2,15,9,2,0,0,4,1,0
3,9,12,0,11,1,4,1,0
2,11,8,0,0,2,4,0,0
2,9,12,0,9,1,4,0,0
2,6,4,2,7,0,4,1,0
2,15,9,0,7,1,4,1,0
2,11,8,2,0,5,4,0,1
5,9,12,4,0,1,4,0,0
2,11,8,2,12,0,4,1,0
2,11,8,4,7,2,4,0,0
2,15,9,4,11,1,4,0,0
2,11,8,4,4,3,4,0,0
2,11,8,2,2,0,4,1,0
2,9,12,2,3,0,4,1,0
2,11,8,4,10,1,4,1,0
2,9,12,2,3,0,4,1,1
1,12,13,2,9,0,4,1,1
2,11,8,2,9,0,1,1,0
3,9,12,2,11,0,4,1,1
2,11,8,2,9,0,4,1,0
2,11,8,4,6,3,4,1,0
2,15,9,0,2,1,4,1,1
2,11,8,0,7,4,2,0,0
2,9,12,3,13,3,3,1,0
2,15,9,4,3,3,4,1,0
4,11,8,2,4,0,4,1,0
1,15,9,2,7,0,4,1,0
1,15,9,4,7,3,4,0,0
4,12,13,0,9,1,4,0,0
2,15,9,4,6,1,4,1,0
2,12,13,2,9,0,4,1,1
2,5,3,4,11,1,4,1,0
2,2,7,4,13,3,4,1,0
2,11,8,2,13,0,4,1,0
2,11,8,2,2,0,4,1,1
2,15,9,4,11,1,4,1,0
2,11,8,4,11,3,4,1,0
2,2,7,5,0,4,4,0,0
2,9,12,2,9,0,1,1,1
2,9,12,2,3,0,4,1,1
2,9,12,4,0,3,4,0,0
2,11,8,2,2,0,4,1,0
2,7,11,2,0,0,4,1,0
5,12,13,0,9,1,4,0,0
0,9,12,2,3,0,4,1,0
2,15,9,2,9,0,4,1,1
2,11,8,0,6,4,4,0,0
2,9,12,4,11,3,4,1,0
1,0,5,4,10,3,4,0,0
1,12,13,2,9,5,4,0,1
2,15,9,4,11,3,4,1,0
2,9,12,4,9,3,1,1,1
2,15,9,4,0,1,4,0,0
2,9,12,2,11,0,4,1,1
2,11,8,2,5,0,4,1,0
5,11,8,2,12,0,4,1,0
2,9,12,2,11,0,4,1,1
1,15,9,4,7,3,2,0,0
2,15,9,2,2,0,4,1,1
2,9,12,4,11,1,4,1,0
2,14,14,2,11,0,4,1,1
1,1,6,4,9,3,2,1,0
2,10,15,4,9,1,4,1,1
4,9,12,0,9,1,4,1,0
2,11,8,4,0,3,4,0,0
2,11,8,2,2,0,4,1,0
4,9,12,4,9,1,4,0,0
3,1,6,4,11,3,4,1,0
2,11,8,4,9,1,4,1,1
2,12,13,4,9,1,4,1,1
2,9,12,4,11,1,4,1,0
1,12,13,2,3,5,0,0,1
5,12,13,4,9,4,4,0,0
2,8,10,2,11,0,4,1,1
2,9,12,2,3,0,4,1,1
2,9,12,2,3,0,4,1,0
2,11,8,4,11,3,2,1,0
2,15,9,4,0,3,4,0,0
2,11,8,4,0,3,4,1,0
2,11,8,2,10,0,4,1,0
4,7,11,2,4,0,4,1,0
2,9,12,4,3,2,2,1,0
4,12,13,2,11,5,4,0,1
2,9,12,2,3,0,4,1,1
2,9,12,4,11,1,4,1,0
2,15,9,4,3,1,4,0,0
1,9,12,4,0,1,4,0,0
2,5,3,2,2,0,4,1,0
4,14,14,2,2,0,4,1,0
2,15,9,2,6,0,4,1,0
2,9,12,2,2,0,4,1,1
2,14,14,0,9,1,4,0,1
2,11,8,4,0,3,4,0,0
2,15,9,4,2,1,4,1,0
4,11,8,2,11,0,4,1,0
2,1,6,0,6,2,4,1,0
1,11,8,0,3,1,4,1,0
2,11,8,2,13,0,4,1,0
3,11,8,0,0,4,4,0,0
2,1,6,2,11,5,4,0,0
3,6,4,2,11,5,4,0,0
2,11,8,2,2,0,4,1,0
2,11,8,2,2,0,4,1,0
1,11,8,4,13,3,2,0,0
2,15,9,0,2,4,4,0,0
2,11,8,4,0,1,0,0,0
2,11,8,2,2,0,4,1,1
2,11,8,6,11,1,4,0,0
2,11,8,2,2,0,4,1,1
3,12,13,4,9,1,2,1,0
2,11,8,0,0,4,2,0,0
2,11,8,5,2,4,2,1,0
0,15,9,2,0,0,4,1,0
2,15,9,4,7,3,4,0,0
2,15,9,4,13,3,4,1,0
3,12,13,2,3,0,4,1,1
2,9,12,2,3,0,4,1,0
2,11,8,2,13,0,2,1,1
2,15,9,4,11,3,4,0,0
4,11,8,2,7,0,4,1,0
2,8,10,2,13,0,4,1,1
2,11,8,5,2,4,2,0,0
2,9,12,0,8,1,4,0,0
2,15,9,4,7,4,2,0,0
2,8,10,2,2,0,2,1,1
2,15,9,2,11,0,4,1,0
0,15,9,2,0,0,4,1,0
2,11,8,0,2,4,4,1,0
2,11,8,4,13,3,4,1,0
2,15,9,4,0,3,4,0,1
2,9,12,2,9,0,4,1,1
2,6,4,0,2,4,4,1,0
2,15,9,0,0,4,4,0,0
2,8,10,2,3,5,4,0,1
2,15,9,0,0,4,4,0,0
2,15,9,4,7,3,4,1,0
5,11,8,0,10,4,4,0,0
2,11,8,5,9,2,2,0,0
2,11,8,4,6,2,4,1,0
2,11,8,2,6,0,4,1,0
0,14,14,2,9,0,4,1,1
2,12,13,4,9,1,4,0,0
2,2,7,2,0,5,4,0,0
5,15,9,4,9,3,2,0,0
2,15,9,4,11,3,4,0,0
2,11,8,0,3,1,4,0,0
2,8,10,4,7,1,4,0,0
2,11,8,4,7,3,2,1,0
2,11,8,2,5,0,4,1,0
2,15,9,2,11,0,4,1,1
2,11,8,5,5,4,2,0,0
2,11,8,2,0,5,4,0,0
4,9,12,2,11,0,4,1,0
2,12,13,0,3,1,4,1,1
2,7,11,2,3,0,4,1,1
2,15,9,2,11,0,4,1,1
2,11,8,2,2,0,4,1,1
2,11,8,2,0,5,4,0,0
2,9,12,0,7,4,4,0,1
2,8,10,2,0,0,4,1,0
2,15,9,4,13,1,4,1,0
1,2,7,4,0,3,4,0,0
1,9,12,4,9,1,4,0,0
5,8,10,0,0,3,4,1,0
2,11,8,5,13,1,2,1,0
2,15,9,2,2,0,4,1,1
4,15,9,2,3,5,4,0,0
5,9,12,2,7,0,4,1,0
2,11,8,4,7,1,4,0,0
2,11,8,2,7,0,4,1,0
2,4,2,2,4,0,4,1,0
0,10,15,2,9,0,4,1,1
2,11,8,2,2,0,4,1,1
2,12,13,4,9,1,4,0,0
2,2,7,2,2,0,4,1,1
4,15,9,2,11,0,4,1,0
2,11,8,4,0,1,4,0,0
2,9,12,2,0,0,1,1,0
3,9,12,4,3,1,4,1,0
4,5,3,2,4,0,4,1,0
2,15,9,4,6,3,4,1,0
2,2,7,2,0,0,2,1,0
2,15,9,4,0,1,4,1,0
2,4,2,4,7,3,4,1,0
4,9,12,0,9,1,4,0,0
2,11,8,4,0,2,2,1,0
2,9,12,2,3,0,4,1,1
3,9,12,4,3,3,4,1,0
2,8,10,2,3,5,4,0,0
5,11,8,0,12,4,4,0,0
2,1,6,4,0,3,0,0,0
2,11,8,4,3,1,4,1,0
2,0,5,2,4,0,2,1,0
2,15,9,2,2,0,1,1,0
2,11,8,4,2,3,2,1,0
2,14,14,2,9,0,4,1,1
1,12,13,2,9,0,4,1,1
2,6,4,6,7,4,2,1,0
2,15,9,3,3,4,4,0,0
1,12,13,2,9,0,4,1,0
3,9,12,4,3,3,4,1,0
4,14,14,2,9,0,4,1,1
2,15,9,0,3,1,4,1,0
2,7,11,4,0,1,4,1,0
2,11,8,2,2,0,4,1,0
2,11,8,4,11,3,4,0,0
2,11,8,6,6,1,4,0,0
5,14,14,2,0,0,4,1,1
2,11,8,4,11,3,2,1,0
5,7,11,2,9,0,4,1,0
2,15,9,6,12,1,4,0,0
2,7,11,2,3,0,4,1,1
2,0,5,0,2,1,2,0,0
2,15,9,0,12,1,4,0,0
2,15,9,0,12,4,4,0,0
5,9,12,2,3,0,2,1,1
2,11,8,4,7,1,2,1,0
3,14,14,2,9,0,4,1,1
2,1,6,4,13,3,4,1,0
2,11,8,2,4,0,4,1,0
2,9,12,2,11,0,4,1,0
2,15,9,0,9,1,4,0,1
5,11,8,2,5,0,4,1,0
2,13,0,4,4,1,4,1,0
2,11,8,2,0,0,4,1,0
2,11,8,2,13,0,4,1,0
4,11,8,2,9,0,4,1,1
2,8,10,2,5,0,4,1,0
2,0,5,2,5,0,4,1,0
0,11,8,0,0,1,2,0,0
2,1,6,2,5,0,2,1,1
0,9,12,2,3,0,4,1,1
2,11,8,0,9,1,4,1,0
2,15,9,2,4,0,4,1,0
2,9,12,2,3,0,4,1,1
2,9,12,4,9,1,4,0,0
4,11,8,2,13,0,4,1,0
5,12,13,2,9,0,1,1,0
2,1,6,4,0,3,4,0,0
4,1,6,4,7,3,4,0,0
2,1,6,2,4,0,4,1,0
4,11,8,0,2,3,4,1,0
4,15,9,2,2,0,4,1,0
2,15,9,4,11,1,4,0,0
2,15,9,2,2,0,4,1,1
2,5,3,2,13,0,4,1,0
2,11,8,2,13,0,4,1,0
2,9,12,5,3,1,4,1,0
0,9,12,2,9,0,4,1,1
5,14,14,2,9,0,4,1,1
2,11,8,2,9,0,4,1,1
2,11,8,2,10,0,4,1,0
2,1,6,4,5,3,2,1,0
2,12,13,5,9,1,4,1,1
2,15,9,2,2,0,4,1,0
2,15,9,4,0,1,4,0,0
5,9,12,5,9,1,4,0,0
2,15,9,4,7,3,4,0,0
2,9,12,2,9,0,4,1,1
2,9,12,2,2,0,4,1,1
2,15,9,4,3,3,4,0,0
1,11,8,2,7,0,4,1,1
2,9,12,4,11,1,4,0,0
0,9,12,5,0,4,2,0,0
2,11,8,2,11,0,4,1,0
2,12,13,2,3,0,4,1,1
2,15,9,4,2,1,4,1,0
2,6,4,2,13,0,4,1,0
2,12,13,4,3,1,4,1,0
2,15,9,4,3,1,4,1,0
2,9,12,4,5,4,4,1,0
2,4,2,4,7,3,4,0,0
2,9,12,2,3,0,4,1,1
2,11,8,4,6,3,4,1,0
2,9,12,2,9,0,4,1,0
1,7,11,2,2,0,2,1,1
2,8,10,2,9,0,4,1,0
1,1,6,2,2,0,4,1,0
4,12,13,2,2,0,4,1,1
2,11,8,2,0,0,4,1,1
3,14,14,4,7,1,4,1,1
3,3,1,2,11,0,4,1,0
2,6,4,2,6,0,4,1,0
1,11,8,4,13,1,4,1,0
2,9,12,2,11,0,4,1,1
2,9,12,2,11,0,4,1,1
2,15,9,2,12,0,4,1,0
2,15,9,2,0,0,4,1,1
4,9,12,2,11,0,1,1,0
2,9,12,4,9,1,4,1,0
2,15,9,4,0,1,4,0,0
2,15,9,4,0,3,4,0,0
2,15,9,6,0,4,4,0,0
2,5,3,4,4,4,4,1,0
0,7,11,0,3,4,4,1,1
4,15,9,2,6,0,4,1,1
1,11,8,4,7,3,4,1,0
2,9,12,4,9,1,4,0,0
2,9,12,2,3,0,2,1,0
2,11,8,4,5,2,4,1,0
1,11,8,4,9,3,4,1,0
2,15,9,0,13,1,4,1,1
4,7,11,2,13,0,4,1,0
4,11,8,5,13,1,4,1,0
2,12,13,2,9,0,4,1,1
2,15,9,2,12,0,4,1,1
2,9,12,4,0,1,4,1,0
3,15,9,2,4,0,4,1,0
2,15,9,2,2,0,4,1,1
2,6,4,2,2,0,4,1,0
2,1,6,4,11,3,4,1,0
2,9,12,4,3,1,4,1,0
4,9,12,4,3,3,4,0,0
2,0,5,2,7,0,2,1,0
4,15,9,0,7,1,4,0,0
2,9,12,2,9,0,4,1,1
2,11,8,0,0,4,4,0,0
2,9,12,2,3,0,4,1,0
2,11,8,0,2,4,4,1,0
2,9,12,2,12,0,4,1,1
2,7,11,4,12,4,4,0,0
2,9,12,4,9,1,4,0,0
2,9,12,4,0,1,4,1,0
2,15,9,6,11,4,4,0,0
4,4,2,2,2,0,4,1,0
2,11,8,4,5,2,4,1,0
2,4,2,4,4,4,4,1,0
2,7,11,0,9,1,4,0,0
2,15,9,2,2,0,4,1,0
2,11,8,0,7,1,4,0,0
2,11,8,4,2,3,4,1,0
1,11,8,0,3,1,4,0,0
2,8,10,2,3,0,4,1,1
2,7,11,5,0,4,4,0,0
2,11,8,2,13,0,4,1,0
2,11,8,2,11,0,4,1,0
2,11,8,4,3,1,4,0,0
2,8,10,2,9,5,4,0,0
2,10,15,2,9,5,4,0,1
2,9,12,2,9,0,4,1,1
0,7,11,0,0,4,4,0,0
2,11,8,6,6,1,2,0,0
2,11,8,0,7,3,4,1,0
2,15,9,2,11,0,4,1,0
2,8,10,4,7,1,4,1,0
4,15,9,4,11,1,4,1,0
2,15,9,4,7,3,4,1,0
2,11,8,2,2,0,4,1,0
2,0,5,2,2,0,4,1,0
2,6,4,0,4,1,2,1,0
2,9,12,2,11,0,4,1,1
2,15,9,4,0,3,4,0,0
1,12,13,0,9,1,4,0,1
2,9,12,4,11,1,4,1,0
0,8,10,4,12,1,4,1,0
3,11,8,2,3,0,4,1,1
2,11,8,0,7,1,4,0,0
1,15,9,2,2,0,4,1,0
2,15,9,2,2,0,3,1,1
1,2,7,4,5,1,4,1,0
2,11,8,4,5,3,4,1,0
2,15,9,4,11,3,4,0,0
2,11,8,4,2,2,4,1,0
2,15,9,4,0,1,4,1,0
1,9,12,4,9,3,4,1,0
5,15,9,4,11,3,2,0,0
2,15,9,2,2,0,4,1,0
2,1,6,4,7,3,4,0,0
2,6,4,4,13,3,4,1,0
2,3,1,2,6,0,4,1,0
2,14,14,0,9,1,4,0,0
1,15,9,4,13,4,4,1,0
2,12,13,2,3,0,2,1,0
4,9,12,2,11,0,4,1,1
2,15,9,0,12,1,4,1,0
2,15,9,2,2,0,4,1,0
3,5,3,2,11,0,4,1,0
2,0,5,0,0,3,2,1,0
2,11,8,4,0,3,4,0,0
2,11,8,4,7,1,4,1,0
4,9,12,0,3,1,4,1,0
2,11,8,2,11,0,4,1,0
2,8,10,0,3,1,4,0,0
2,11,8,4,7,1,4,1,0
2,0,5,2,7,0,4,1,0
2,11,8,0,2,1,4,1,0
2,15,9,4,7,4,4,0,0
2,15,9,4,6,1,4,0,0
5,15,9,4,7,1,2,1,0
2,15,9,2,13,0,4,1,0
2,11,8,4,5,3,4,1,0
2,8,10,2,13,0,4,1,0
2,11,8,4,2,4,4,1,0
2,15,9,2,0,0,2,1,1
2,11,8,2,7,0,4,1,0
1,7,11,4,10,1,4,1,0
2,15,9,0,0,4,2,0,0
2,11,8,4,11,3,4,0,0
2,8,10,0,9,1,4,0,0
2,11,8,0,10,1,2,0,0
2,11,8,0,9,4,4,0,0
2,7,11,4,0,1,4,1,0
2,12,13,4,9,1,4,0,0
2,2,7,0,5,4,4,1,0
2,7,11,4,0,1,4,0,0
3,11,8,2,3,0,4,1,0
2,11,8,4,11,1,4,1,0
2,4,2,5,6,1,4,0,0
2,1,6,4,13,3,4,0,0
1,5,3,0,7,1,4,1,0
2,15,9,2,6,0,2,1,1
2,2,7,4,0,3,4,1,0
2,6,4,5,2,4,4,0,0
1,14,14,2,0,0,1,1,1
4,5,3,2,11,0,4,1,0
2,11,8,4,4,1,4,1,0
2,5,3,2,0,0,4,1,0
2,11,8,2,6,0,4,1,1
4,11,8,2,4,0,4,1,0
1,11,8,2,2,0,4,1,1
2,15,9,2,2,0,4,1,0
2,9,12,6,3,1,4,0,0
2,15,9,4,0,1,4,1,0
5,1,6,2,13,0,4,1,0
0,12,13,2,9,0,4,1,1
2,9,12,4,11,1,4,1,1
2,15,9,4,12,3,4,1,0
5,10,15,2,9,0,4,1,0
2,15,9,0,0,4,4,0,0
2,11,8,4,6,2,3,1,0
4,8,10,2,4,0,4,1,0
2,9,12,4,3,3,4,1,0
2,11,8,5,7,3,2,0,0
2,11,8,4,7,1,4,0,0
2,11,8,4,0,1,4,1,0
1,11,8,0,10,3,4,0,0
2,15,9,2,0,0,4,1,0
2,11,8,2,6,5,4,0,0
2,11,8,4,5,3,4,1,0
4,11,8,2,2,0,4,1,0
2,5,3,2,13,0,4,1,0
2,2,7,6,6,4,4,0,0
2,11,8,3,7,3,4,0,0
2,7,11,4,0,1,4,1,0
2,11,8,4,9,1,4,1,0
2,9,12,0,0,1,1,0,0
2,15,9,4,11,3,4,1,0
3,11,8,2,3,0,4,1,1
2,8,10,2,11,0,4,1,0
2,9,12,0,0,4,4,1,1
4,9,12,2,2,0,4,1,0
4,7,11,0,3,4,4,0,0
2,0,5,0,3,1,0,0,0
2,11,8,2,6,0,4,1,0
0,15,9,6,7,4,2,0,0
2,9,12,2,3,0,4,1,1
2,11,8,2,13,0,4,1,0
2,9,12,0,11,1,4,1,0
2,15,9,4,11,3,4,0,0
3,9,12,2,6,0,1,1,1
2,11,8,0,7,4,0,0,0
2,1,6,4,6,1,4,0,0
2,15,9,3,5,4,4,1,0
2,11,8,4,5,3,4,1,0
2,11,8,4,11,1,4,1,0
2,11,8,4,2,3,4,0,0
2,2,7,4,2,3,4,1,0
2,11,8,2,3,0,4,1,0
2,11,8,4,0,3,2,0,0
2,9,12,2,9,0,4,1,0
1,7,11,2,3,0,4,1,1
2,11,8,0,3,3,4,0,0
2,8,10,5,12,4,4,0,0
2,11,8,0,7,4,4,0,0
2,11,8,2,11,5,4,0,0
2,11,8,0,3,3,4,1,0
4,10,15,2,9,0,4,1,1
2,9,12,2,11,0,4,1,1
4,11,8,2,2,0,4,1,0
3,11,8,2,3,0,4,1,0
2,11,8,2,2,0,4,1,0
2,15,9,4,7,3,4,1,0
4,10,15,2,11,0,4,1,1
2,11,8,2,2,0,4,1,0
2,9,12,0,3,4,4,0,0
2,11,8,2,11,0,4,1,0
2,15,9,0,3,3,4,0,0
2,11,8,4,0,3,4,0,0
2,15,9,4,7,3,4,1,1
2,15,9,2,2,0,4,1,1
2,11,8,2,6,0,4,1,0
2,15,9,5,7,4,2,0,0
2,12,13,0,11,1,4,0,1
3,9,12,2,3,0,4,1,1
2,11,8,4,7,2,2,1,0
2,15,9,4,0,3,4,0,0
3,11,8,2,11,0,4,1,1
2,4,2,2,4,0,4,1,0
2,15,9,0,3,1,4,0,0
1,11,8,2,13,0,4,1,0
2,6,4,4,7,4,4,0,0
2,9,12,2,3,0,4,1,1
2,2,7,4,7,3,4,1,0
2,11,8,0,7,3,4,0,0
4,11,8,0,4,1,4,1,1
2,2,7,2,2,0,4,1,0
2,15,9,4,5,3,4,0,0
2,11,8,2,13,0,4,1,0
2,12,13,2,3,0,4,1,1
1,11,8,6,0,4,4,0,1
2,15,9,0,2,3,4,1,0
2,9,12,2,9,0,4,1,1
2,11,8,6,3,4,4,0,0
2,12,13,2,9,0,4,1,1
3,11,8,3,11,1,4,1,0
3,9,12,2,4,0,4,1,1
2,12,13,4,3,1,4,0,0
2,9,12,2,9,0,4,1,1
4,8,10,2,4,0,4,1,1
1,10,15,0,9,1,4,0,0
2,15,9,4,11,3,4,1,0
1,9,12,0,9,1,4,1,0
2,9,12,2,9,5,4,0,1
2,11,8,0,2,1,4,1,0
2,15,9,4,11,3,4,0,0
5,11,8,2,0,0,4,1,0
0,11,8,4,5,3,4,0,0
2,2,7,4,13,1,2,1,0
2,11,8,4,5,3,4,1,0
2,15,9,4,7,3,4,0,0
2,15,9,4,11,1,4,0,0
2,11,8,4,2,3,4,1,0
2,15,9,5,7,1,4,0,0
2,11,8,0,3,1,4,1,1
3,15,9,2,11,0,4,1,1
4,12,13,2,9,0,4,1,1
2,7,11,4,11,4,4,1,0
2,15,9,4,3,1,4,1,0
2,9,12,4,3,1,4,0,0
2,15,9,4,0,1,4,0,0
2,11,8,4,11,3,4,1,0
2,2,7,4,5,3,4,1,0
2,0,5,2,2,0,4,1,0
4,15,9,4,9,1,1,1,1
2,9,12,2,2,0,4,1,1
2,9,12,2,9,0,4,1,0
2,9,12,4,0,1,4,0,0
2,11,8,2,6,0,4,1,1
2,15,9,4,5,3,4,1,0
2,15,9,4,7,1,3,0,0
2,7,11,4,9,2,4,0,0
2,15,9,2,0,3,4,0,0
1,12,13,2,9,0,2,1,1
2,14,14,4,9,1,2,1,0
2,7,11,2,3,0,4,1,1
2,9,12,4,9,1,4,0,0
1,15,9,4,0,4,2,0,0
2,11,8,2,2,0,4,1,1
1,11,8,2,3,0,4,1,0
2,11,8,2,0,0,4,1,1
0,12,13,2,3,0,2,1,1
2,15,9,0,13,1,4,1,0
0,11,8,2,0,0,4,1,1
5,15,9,4,13,3,2,1,0
2,9,12,4,11,3,4,0,0
2,15,9,5,0,4,4,0,0
2,11,8,2,6,0,4,1,1
2,11,8,4,13,3,4,1,0
2,12,13,2,3,0,4,1,1
2,1,6,0,6,4,4,0,0
0,15,9,4,0,1,4,0,0
2,15,9,2,13,0,4,1,0
2,11,8,2,6,5,4,0,1
2,14,14,2,3,0,4,1,1
3,11,8,2,3,0,4,1,1
2,11,8,4,6,1,2,0,0
2,11,8,2,2,0,4,1,0
2,11,8,4,4,1,4,1,0
2,0,5,2,5,0,2,1,0
5,10,15,2,9,0,4,1,1
2,11,8,0,2,4,4,0,0
2,1,6,5,3,1,4,0,0
4,5,3,2,3,0,4,1,1
2,1,6,2,3,0,4,1,1
2,5,3,2,3,5,4,0,0
2,10,15,2,9,0,4,1,1
2,9,12,2,3,0,4,1,1
3,14,14,2,9,0,4,1,1
2,15,9,2,9,0,4,1,1
5,12,13,0,9,1,4,0,0
2,11,8,2,3,0,4,1,0
2,11,8,4,12,4,4,0,0
2,11,8,4,2,1,4,1,0
2,8,10,2,9,5,4,0,1
3,11,8,2,2,0,4,1,0
1,15,9,4,10,1,4,1,0
2,0,5,2,7,0,2,1,0
1,8,10,4,10,1,4,1,0
2,7,11,4,9,1,4,1,0
0,9,12,4,9,1,4,0,0
2,11,8,2,6,0,4,1,0
2,1,6,4,9,3,4,1,0
2,1,6,4,11,3,4,0,0
2,15,9,4,11,1,4,1,0
2,9,12,4,11,1,4,1,0
2,11,8,4,5,4,4,1,0
2,11,8,2,3,0,4,1,1
2,15,9,4,5,3,4,1,0
2,9,12,4,0,1,1,0,0
2,15,9,0,0,4,4,0,0
2,11,8,0,11,4,4,0,0
0,11,8,2,0,0,4,1,1
2,15,9,4,7,3,2,0,0
2,11,8,4,5,1,4,1,0
2,11,8,4,0,1,4,0,0
1,9,12,4,9,1,4,0,0
2,8,10,4,0,3,1,0,0
2,10,15,2,9,0,4,1,1
2,11,8,4,0,4,2,0,0
2,9,12,4,3,1,4,0,0
2,15,9,0,0,1,4,0,0
2,11,8,2,3,0,4,1,1
5,11,8,6,0,4,1,0,0
1,9,12,4,9,1,3,0,0
2,11,8,4,11,3,4,1,0
2,8,10,2,9,0,4,1,0
2,5,3,4,7,1,4,1,0
2,9,12,4,9,1,4,1,1
2,15,9,4,0,1,4,1,0
5,10,15,2,9,0,1,1,1
2,11,8,2,13,0,4,1,0
4,11,8,6,4,1,4,1,0
2,15,9,4,0,1,4,0,0
5,15,9,4,0,1,4,0,0
1,15,9,2,3,0,4,1,0
2,11,8,3,7,4,4,0,0
4,11,8,0,3,1,2,1,0
2,11,8,0,7,1,1,1,0
2,9,12,0,2,1,4,0,0
2,11,8,2,13,0,4,1,0
2,7,11,0,3,4,4,1,0
2,15,9,2,2,0,4,1,0
2,0,5,2,13,0,4,1,1
2,6,4,4,11,1,4,0,0
2,15,9,2,11,0,4,1,1
2,9,12,4,4,1,4,1,0
2,11,8,4,11,1,4,1,0
2,4,2,2,2,0,2,1,0
2,11,8,0,13,3,4,1,0
5,15,9,2,10,0,4,1,0
5,12,13,2,3,0,4,1,1
5,11,8,2,0,0,4,1,0
2,11,8,2,7,0,4,1,0
2,11,8,2,13,0,2,1,0
1,9,12,2,9,0,4,1,1
2,1,6,4,5,3,4,0,0
2,11,8,4,7,3,4,0,0
2,9,12,4,7,1,1,1,0
2,11,8,2,4,0,4,1,1
2,3,1,4,7,2,4,0,0
3,12,13,2,3,0,4,1,1
2,9,12,4,9,1,4,0,0
2,11,8,6,0,1,4,1,0
2,5,3,0,7,4,4,0,0
2,15,9,2,12,5,4,0,0
0,15,9,4,0,1,4,0,0
2,11,8,4,7,4,4,1,0
2,11,8,4,7,1,4,0,0
2,15,9,4,13,1,2,1,0
2,11,8,4,13,2,3,1,0
2,8,10,2,12,0,4,1,1
0,11,8,2,0,0,4,1,1
3,15,9,2,4,0,4,1,0
2,15,9,4,7,3,4,0,0
2,9,12,4,7,3,4,1,0
2,9,12,4,3,1,4,1,0
2,6,4,2,7,0,4,1,0
2,1,6,4,2,3,4,1,0
2,15,9,2,11,0,4,1,0
2,11,8,5,7,1,4,0,0
5,15,9,0,0,4,2,1,0
1,15,9,2,10,0,4,1,1
4,11,8,2,3,0,4,1,1
2,15,9,2,3,0,4,1,0
2,11,8,4,6,4,4,0,0
2,9,12,2,3,5,4,0,1
2,11,8,2,3,0,4,1,1
3,15,9,2,3,0,4,1,1
2,12,13,2,3,0,4,1,1
2,15,9,4,13,3,4,1,0
2,11,8,4,6,3,4,1,0
5,11,8,0,0,4,4,1,0
2,11,8,2,3,0,4,1,0
2,14,14,4,9,1,4,1,0
4,15,9,2,13,0,4,1,0
2,11,8,5,0,4,4,0,0
2,9,12,2,3,0,4,1,1
2,12,13,2,9,0,4,1,1
3,11,8,4,7,4,1,1,0
0,14,14,4,3,1,4,1,0
3,9,12,2,3,0,4,1,1
2,15,9,0,2,1,4,1,1
1,12,13,2,3,0,2,1,1
2,15,9,4,0,3,4,0,0
2,11,8,0,7,1,4,0,0
2,15,9,4,11,4,4,0,0
1,15,9,2,7,0,4,1,0
2,9,12,4,3,1,4,0,0
2,15,9,0,0,1,4,0,0
2,9,12,2,11,0,4,1,1
2,0,5,4,2,1,4,1,0
0,9,12,4,9,1,4,0,0
2,8,10,2,3,0,4,1,1
1,11,8,2,2,0,4,1,0
2,11,8,2,11,0,4,1,1
2,11,8,2,7,0,4,1,0
2,15,9,4,3,1,4,1,1
2,11,8,4,5,3,4,1,0
2,9,12,0,3,4,4,1,1
3,10,15,2,3,0,1,1,1
2,1,6,4,7,3,4,0,0
2,11,8,2,2,0,4,1,0
2,15,9,2,10,2,4,1,0
2,15,9,0,3,4,4,0,0
2,9,12,2,3,0,4,1,1
2,15,9,2,0,5,2,0,1
5,15,9,0,0,4,4,0,0
2,8,10,4,2,3,2,1,0
2,15,9,0,3,4,4,0,0
2,15,9,4,9,3,4,0,0
2,11,8,2,8,2,1,0,0
2,11,8,4,0,4,4,0,0
2,15,9,4,11,1,4,0,0
5,8,10,2,10,0,4,1,0
2,11,8,0,6,3,4,1,0
2,11,8,2,3,5,4,0,0
2,9,12,2,3,0,4,1,1
2,3,1,2,7,0,4,1,0
3,12,13,0,9,1,4,0,0
2,15,9,4,0,3,2,0,0
5,12,13,2,9,0,4,1,1
2,11,8,2,2,0,4,1,1
1,8,10,0,0,1,4,0,0
2,15,9,2,11,0,4,1,0
4,15,9,0,11,4,4,0,0
2,8,10,4,12,1,4,1,0
4,11,8,2,2,0,4,1,0
1,11,8,4,2,4,2,1,0
4,15,9,2,4,0,4,1,0
2,15,9,5,0,3,4,1,0
2,2,7,4,7,3,4,1,0
2,11,8,4,2,3,4,1,0
3,9,12,6,3,1,4,0,0
2,15,9,2,0,5,4,0,0
1,15,9,2,0,5,4,0,0
2,11,8,2,2,0,2,1,0
5,14,14,2,9,0,4,1,1
5,9,12,3,9,1,4,1,0
2,1,6,0,0,4,4,0,0
3,11,8,2,3,0,4,1,0
2,4,2,2,7,0,4,1,0
0,15,9,0,3,4,1,0,0
2,11,8,0,3,1,4,0,0
2,15,9,2,11,0,2,1,1
2,11,8,2,3,0,1,1,0
2,9,12,2,10,0,4,1,1
2,2,7,4,2,3,4,1,0
2,11,8,2,13,0,4,1,0
3,9,12,0,4,1,4,1,0
1,9,12,0,9,2,4,0,0
2,11,8,4,6,3,4,0,0
2,15,9,0,11,4,4,1,0
2,11,8,2,7,0,4,1,0
2,0,5,4,2,1,4,1,0
2,8,10,2,6,0,4,1,1
2,11,8,0,0,4,4,0,0
2,11,8,2,2,0,4,1,0
2,11,8,2,11,0,4,1,1
2,11,8,2,6,0,4,1,0
1,15,9,0,0,3,4,0,0
2,11,8,4,11,3,4,1,0
2,15,9,4,5,3,4,1,0
2,9,12,2,9,0,4,1,1
4,4,2,2,11,0,4,1,0
2,15,9,4,5,3,4,1,0
2,11,8,4,2,3,2,1,0
5,15,9,3,4,3,4,1,0
2,15,9,4,0,2,4,1,0
1,9,12,4,2,3,4,1,0
2,15,9,2,11,0,4,1,1
2,12,13,4,9,1,4,0,1
2,9,12,4,12,3,4,1,0
2,8,10,2,12,5,4,0,1
2,0,5,2,3,0,4,1,1
2,11,8,2,7,0,4,1,0
2,7,11,0,0,4,4,0,0
3,9,12,2,11,3,1,0,1
2,11,8,4,2,3,4,1,0
2,11,8,2,6,0,4,1,0
2,9,12,4,9,1,4,0,0
2,8,10,2,2,0,4,1,0
2,0,5,2,6,0,4,1,0
2,11,8,2,2,0,4,1,0
2,11,8,4,0,4,4,0,0
2,9,12,4,3,1,4,1,0
2,11,8,5,11,4,2,0,0
2,11,8,2,0,0,4,1,0
2,9,12,2,11,0,2,1,1
2,15,9,3,9,1,4,1,0
2,9,12,0,3,1,4,0,0
2,15,9,4,6,3,4,1,0
2,8,10,2,2,0,4,1,0
2,9,12,2,3,0,4,1,1
2,15,9,4,0,1,4,1,0
0,11,8,2,3,0,4,1,1
0,15,9,2,3,0,4,1,1
2,11,8,4,0,3,4,0,0
2,9,12,2,0,0,4,1,0
1,9,12,2,10,0,4,1,0
2,15,9,0,3,4,4,0,0
2,7,11,4,9,1,4,1,1
2,11,8,2,6,0,4,1,1
5,9,12,4,9,1,4,1,0
2,15,9,0,2,1,4,1,0
2,15,9,2,13,0,4,1,0
2,9,12,4,3,1,4,1,0
2,4,2,2,6,0,4,1,0
2,15,9,4,12,3,4,1,0
2,11,8,2,6,5,0,0,0
2,11,8,2,3,0,4,1,1
2,8,10,2,2,0,4,1,1
2,8,10,4,7,3,4,0,0
2,7,11,5,3,1,4,1,0
2,2,7,0,13,1,4,0,0
2,5,3,2,4,0,4,1,0
2,8,10,2,6,0,4,1,0
2,9,12,2,3,0,4,1,1
2,15,9,2,2,0,4,1,0
2,9,12,2,3,0,1,1,1
5,5,3,4,7,1,2,0,0
4,11,8,2,7,5,4,0,0
3,11,8,2,2,0,4,1,0
1,11,8,0,7,1,4,0,0
5,12,13,2,9,0,1,1,1
2,11,8,0,11,1,4,0,0
2,11,8,4,11,4,2,0,0
2,0,5,2,2,0,4,1,1
2,15,9,4,7,1,4,0,0
2,11,8,0,3,4,4,0,0
2,10,15,2,9,5,4,0,0
2,15,9,2,3,5,4,0,0
5,12,13,2,9,0,4,1,1
2,15,9,4,2,1,4,1,0
3,1,6,4,3,1,4,1,0
2,11,8,2,2,0,4,1,1
2,15,9,4,9,1,4,1,0
2,11,8,0,11,1,4,0,0
2,11,8,4,7,3,4,1,0
2,11,8,4,3,1,4,0,0
2,15,9,2,2,0,4,1,1
5,7,11,0,9,1,4,0,0
2,11,8,4,7,3,4,1,0
1,15,9,0,0,1,2,0,0
2,8,10,4,0,1,4,0,0
2,1,6,2,6,0,4,1,0
2,15,9,4,7,4,2,0,0
2,5,3,2,7,0,4,1,0
2,15,9,2,5,0,4,1,0
2,11,8,4,5,1,4,1,0
2,15,9,2,2,0,4,1,1
2,15,9,2,11,0,4,1,1
2,15,9,2,11,0,4,1,1
2,9,12,4,0,1,4,1,0
2,15,9,4,5,3,2,0,0
2,9,12,4,3,3,4,0,0
2,4,2,2,7,0,4,1,0
1,11,8,2,12,5,4,0,1
1,6,4,2,7,5,4,0,0
2,11,8,0,5,1,4,1,0
0,9,12,2,9,0,4,1,1
2,15,9,4,12,3,4,0,0
2,11,8,0,11,4,4,0,0
2,15,9,2,3,0,4,1,0
2,11,8,4,2,4,4,1,0
2,11,8,4,5,3,4,0,0
2,8,10,0,3,1,4,0,0
4,12,13,4,11,1,4,1,0
2,9,12,5,12,4,4,0,0
2,15,9,5,9,3,4,0,0
2,4,2,4,7,2,4,0,0
4,11,8,2,3,0,1,1,0
3,11,8,0,11,1,4,0,0
4,8,10,2,3,0,4,1,0
2,11,8,4,7,4,4,0,0
2,1,6,0,7,4,2,0,0
2,11,8,4,5,3,4,1,0
3,9,12,2,3,0,4,1,1
4,11,8,2,4,0,4,1,0
2,1,6,6,7,4,2,0,0
2,11,8,4,0,1,4,0,0
2,15,9,2,2,0,4,1,0
2,2,7,2,4,3,4,1,0
4,11,8,0,11,1,4,1,1
4,15,9,2,7,5,4,0,0
2,9,12,0,0,4,4,0,0
2,8,10,4,7,1,1,0,0
2,6,4,2,2,0,4,1,0
2,11,8,6,7,1,4,0,0
4,0,5,2,9,0,4,1,1
4,5,3,0,13,1,4,1,0
2,11,8,2,2,0,3,1,0
2,11,8,0,2,4,4,1,0
2,7,11,4,11,1,2,1,1
2,9,12,2,3,0,4,1,1
2,7,11,0,0,4,4,0,0
2,2,7,2,2,0,4,1,0
2,9,12,2,2,0,4,1,1
2,15,9,2,2,0,4,1,1
1,11,8,6,13,1,2,0,0
2,11,8,5,0,1,2,0,0
2,9,12,2,9,0,4,1,1
2,9,12,2,2,0,4,1,1
4,7,11,2,6,0,4,1,1
5,12,13,4,9,1,4,1,0
2,11,8,4,2,3,4,1,0
5,15,9,2,10,0,4,1,1
4,11,8,2,3,0,4,1,0
3,11,8,2,11,0,4,1,0
2,15,9,2,6,0,4,1,0
0,11,8,0,3,1,4,0,0
2,1,6,3,7,4,4,0,0
3,15,9,2,3,0,4,1,1
2,14,14,2,3,0,4,1,0
2,11,8,0,0,4,4,0,0
2,11,8,4,5,1,4,1,0
2,15,9,4,5,3,4,1,0
5,15,9,2,9,0,2,1,1
2,10,15,2,9,0,4,1,0
2,12,13,2,11,0,4,1,1
0,2,7,2,0,0,4,1,0
1,15,9,2,10,0,4,1,1
1,9,12,2,0,0,4,1,1
5,15,9,2,10,0,4,1,1
2,2,7,4,11,3,4,0,0
2,9,12,4,3,1,4,1,0
2,15,9,2,2,0,4,1,0
2,15,9,0,11,4,4,1,0
2,11,8,0,3,4,4,0,0
2,15,9,2,2,0,4,1,0
2,1,6,6,7,1,4,0,0
2,9,12,2,11,0,4,1,1
2,12,13,3,10,1,1,1,0
2,11,8,0,6,1,2,0,0
2,9,12,0,11,4,4,1,1
4,15,9,2,11,0,4,1,1
1,15,9,2,2,0,4,1,1
2,11,8,2,7,5,4,0,0
4,11,8,2,4,0,4,1,0
0,9,12,2,9,0,1,1,0
1,9,12,2,3,0,4,1,0
2,0,5,4,4,1,2,1,0
2,11,8,2,2,0,4,1,0
2,15,9,4,7,1,4,1,0
2,1,6,4,7,3,4,0,0
2,0,5,5,0,1,2,0,0
4,11,8,2,4,0,4,1,0
2,11,8,2,13,0,4,1,0
2,7,11,2,2,0,4,1,1
2,6,4,6,7,4,4,0,0
2,9,12,2,9,0,4,1,1
2,15,9,2,2,0,1,1,0
2,15,9,2,0,5,4,0,1
2,4,2,2,4,0,4,1,0
2,8,10,2,2,0,4,1,0
5,15,9,4,9,1,4,1,0
2,2,7,4,0,3,4,0,0
2,9,12,0,3,4,2,0,1
2,11,8,2,2,0,4,1,1
2,4,2,4,4,4,4,1,0
2,7,11,2,2,0,4,1,0
2,3,1,4,6,1,4,1,0
2,9,12,0,3,4,4,0,0
2,15,9,2,2,0,4,1,0
2,15,9,2,0,0,4,1,1
2,8,10,4,0,1,4,0,0
2,9,12,0,3,1,4,1,1
2,11,8,3,0,4,2,0,0
3,9,12,2,9,0,4,1,1
2,9,12,4,11,1,4,0,0
2,1,6,4,5,3,4,1,0
2,8,10,2,2,0,4,1,1
1,2,7,6,3,1,4,1,0
2,0,5,4,2,3,4,1,0
4,11,8,4,4,3,4,1,0
2,15,9,4,11,3,1,0,0
1,15,9,2,13,0,4,1,0
4,11,8,2,13,0,4,1,0
2,11,8,2,2,0,4,1,1
2,11,8,2,2,0,4,1,1
2,11,8,2,4,0,4,1,0
2,12,13,2,9,0,4,1,1
2,15,9,4,2,3,4,1,0
2,15,9,4,11,1,4,0,0
2,9,12,2,9,0,4,1,1
2,7,11,2,0,0,4,1,0
2,12,13,0,9,4,4,0,0
2,1,6,2,2,0,4,1,1
2,11,8,2,4,0,4,1,0
2,9,12,0,11,4,2,0,1
2,7,11,2,13,0,4,1,0
2,15,9,2,4,0,4,1,1
2,11,8,0,0,3,4,0,0
2,15,9,2,9,0,4,1,0
5,11,8,2,7,0,4,1,0
2,9,12,4,3,1,4,0,1
2,9,12,2,2,0,2,1,1
2,15,9,4,11,3,4,0,0
2,7,11,4,9,3,4,0,0
2,15,9,2,3,0,4,1,1
2,9,12,2,3,0,4,1,1
2,11,8,2,11,0,4,1,1
1,12,13,2,9,0,4,1,0
4,7,11,2,7,5,4,0,1
2,8,10,0,7,1,4,1,0
2,11,8,2,9,5,4,0,0
1,9,12,4,9,1,2,0,0
2,0,5,2,6,0,2,1,1
4,12,13,2,11,0,4,1,1
2,11,8,5,7,4,4,0,0
2,9,12,4,9,1,4,0,0
0,15,9,2,0,0,4,1,1
3,9,12,2,3,0,4,1,1
2,11,8,4,6,3,4,1,0
2,11,8,0,2,4,4,0,0
2,11,8,5,5,4,4,0,0
2,11,8,0,13,1,4,1,0
5,12,13,4,9,4,1,0,0
2,15,9,4,9,1,4,1,1
4,14,14,2,9,0,4,1,1
2,1,6,4,5,3,4,1,0
2,15,9,4,13,1,4,1,0
2,9,12,2,3,0,4,1,1
2,11,8,4,5,3,4,1,0
5,5,3,6,7,2,4,0,0
4,15,9,2,12,0,4,1,1
2,0,5,4,5,3,4,1,0
2,11,8,4,7,3,4,1,0
2,14,14,4,9,1,4,0,0
2,9,12,4,11,1,4,0,0
2,15,9,2,2,0,4,1,1
2,8,10,2,0,5,4,0,0
1,7,11,0,3,1,4,1,1
1,11,8,2,2,0,4,1,1
2,12,13,4,0,1,4,0,0
2,8,10,2,9,5,4,0,1
2,15,9,3,3,4,4,0,0
2,11,8,2,13,0,4,1,1
2,9,12,2,11,0,4,1,1
2,15,9,2,2,0,4,1,0
2,15,9,2,2,0,4,1,1
2,7,11,2,12,0,4,1,1
2,15,9,4,0,3,4,0,0
2,15,9,0,9,4,4,1,0
5,11,8,2,4,0,4,1,0
4,11,8,4,3,1,4,1,0
2,15,9,0,11,1,4,0,1
2,11,8,2,13,0,4,1,0
2,5,3,3,6,4,3,0,0
4,12,13,2,9,0,4,1,1
2,12,13,2,3,0,4,1,1
2,7,11,2,0,5,4,0,0
2,11,8,4,11,3,4,1,0
2,11,8,2,7,0,4,1,0
4,9,12,5,2,1,4,1,0
2,9,12,4,9,3,1,1,0
2,15,9,0,6,1,4,0,0
2,0,5,4,11,1,4,1,0
2,15,9,4,7,3,4,0,0
2,11,8,2,7,5,2,0,0
2,15,9,2,9,5,4,0,1
2,0,5,2,13,0,4,1,1
3,11,8,2,11,0,4,1,1
2,15,9,4,0,3,4,1,0
3,14,14,2,9,0,4,1,1
2,15,9,2,3,2,4,1,0
2,15,9,0,0,1,1,0,0
1,11,8,2,6,0,4,1,1
2,11,8,2,2,0,4,1,1
1,9,12,0,13,1,4,1,0
2,9,12,2,3,0,4,1,0
2,9,12,4,11,1,4,1,0
2,15,9,4,7,3,4,0,0
2,15,9,2,2,0,0,1,0
2,11,8,0,0,3,4,0,0
2,15,9,4,0,1,2,0,0
4,11,8,6,7,1,4,0,0
2,11,8,4,0,1,4,0,0
2,9,12,4,3,3,4,1,0
2,11,8,4,6,3,4,1,0
4,11,8,2,4,0,4,1,0
2,11,8,2,2,0,4,1,0
2,9,12,4,3,1,4,0,0
2,9,12,2,11,0,4,1,0
2,9,12,4,3,1,4,1,0
5,11,8,2,2,0,4,1,0
2,11,8,4,11,1,4,1,0
2,2,7,4,0,4,4,1,0
2,5,3,4,2,1,4,1,0
2,8,10,2,9,0,4,1,1
4,14,14,2,9,0,4,1,1
2,9,12,4,5,1,1,0,0
2,11,8,2,2,0,4,1,0
2,11,8,2,2,0,4,1,1
2,9,12,2,3,0,4,1,1
2,1,6,2,2,0,4,1,0
2,11,8,2,3,0,4,1,1
2,9,12,0,3,1,4,1,1
2,1,6,4,13,2,4,1,0
2,15,9,4,5,3,4,1,0
2,7,11,6,3,4,4,0,0
2,11,8,2,2,0,4,1,1
2,1,6,4,5,1,4,1,0
2,15,9,4,11,3,4,0,0
2,11,8,4,13,1,4,1,0
2,15,9,4,7,3,4,0,0
2,9,12,2,3,0,4,1,0
1,11,8,2,10,0,4,1,1
2,11,8,4,11,3,4,1,0
2,9,12,2,3,0,4,1,1
2,11,8,2,3,0,2,1,1
2,15,9,0,0,1,2,0,0
2,12,13,2,3,0,4,1,1
2,9,12,0,0,1,4,1,0
2,15,9,4,4,3,4,1,0
2,15,9,4,3,1,4,0,0
4,10,15,2,9,0,4,1,1
2,11,8,2,5,0,4,1,0
2,9,12,2,0,5,4,0,1
2,1,6,4,5,3,4,1,0
0,14,14,2,3,0,4,1,1
2,15,9,6,2,4,4,0,0
4,9,12,2,3,0,4,1,1
5,7,11,2,10,0,4,1,0
2,15,9,2,11,0,4,1,1
2,11,8,4,3,1,0,1,0
2,11,8,4,11,1,4,1,0
2,10,15,0,9,4,4,1,1
2,1,6,2,5,0,4,1,1
4,9,12,2,9,0,4,1,0
2,11,8,3,0,3,4,0,0
2,0,5,2,7,0,4,1,0
2,11,8,5,2,1,4,1,0
2,9,12,2,11,0,4,1,1
2,10,15,2,9,0,1,1,1
2,15,9,0,2,1,4,1,0
2,8,10,4,6,1,4,1,0
2,11,8,2,4,0,4,1,0
4,11,8,2,11,0,4,1,0
2,9,12,4,3,1,4,1,0
3,14,14,2,9,0,4,1,1
2,11,8,4,7,3,4,0,0
2,9,12,2,13,0,4,1,1
2,15,9,4,5,3,2,1,0
2,11,8,2,2,0,2,1,0
4,9,12,0,9,1,4,0,0
5,9,12,2,0,0,4,1,1
2,9,12,2,12,0,4,1,1
2,8,10,2,7,0,4,1,0
3,11,8,2,2,0,4,1,0
2,13,0,2,2,0,1,1,0
5,15,9,5,9,4,2,0,0
1,9,12,4,9,3,4,0,0
4,12,13,2,11,0,4,1,1
4,11,8,0,4,1,4,1,0
2,8,10,2,9,0,4,1,0
2,15,9,2,3,0,4,1,1
2,11,8,2,2,0,4,1,0
2,15,9,2,11,0,4,1,1
2,1,6,4,5,3,4,1,0
3,12,13,2,11,0,4,1,0
4,15,9,2,2,0,4,1,1
2,11,8,4,0,3,4,1,0
2,9,12,2,9,0,4,1,0
2,9,12,2,12,0,4,1,1
2,15,9,0,7,4,2,0,0
2,11,8,0,3,1,4,0,0
2,12,13,6,3,1,4,0,1
2,9,12,2,11,0,4,1,1
1,11,8,2,10,0,4,1,1
5,11,8,4,7,1,1,1,0
2,15,9,4,0,1,4,1,0
2,9,12,6,3,1,4,0,0
2,11,8,2,7,5,4,0,0
2,15,9,4,7,3,4,0,0
1,8,10,2,3,0,4,1,1
2,11,8,2,6,0,2,1,0
5,8,10,4,9,4,2,0,0
5,15,9,4,0,3,1,1,0
2,1,6,4,7,3,2,1,0
0,11,8,2,13,0,4,1,0
5,12,13,4,13,3,4,1,0
2,11,8,5,10,2,4,1,0
2,0,5,2,6,0,4,1,0
4,14,14,2,9,5,4,0,1
2,15,9,4,2,1,4,0,0
2,11,8,0,3,4,4,0,0
1,8,10,2,2,0,4,1,1
2,11,8,2,11,0,4,1,0
2,7,11,4,11,1,4,1,0
2,12,13,4,9,1,4,0,0
2,7,11,4,7,1,4,1,0
5,11,8,0,0,4,4,0,0
4,10,15,2,9,0,4,1,1
1,12,13,2,9,0,4,1,1
2,11,8,4,5,3,4,1,0
2,11,8,2,0,0,4,1,0
2,15,9,4,7,4,4,0,0
2,8,10,2,12,0,4,1,0
2,15,9,4,0,3,4,0,0
2,1,6,2,4,0,4,1,0
2,5,3,0,12,4,4,0,0
2,11,8,4,7,1,4,1,0
2,15,9,4,7,3,4,1,0
1,9,12,2,9,5,4,0,0
2,1,6,2,2,0,4,1,0
2,15,9,4,2,1,4,1,0
2,9,12,2,3,0,4,1,1
4,15,9,2,4,0,4,1,0
2,5,3,2,2,0,4,1,0
1,11,8,0,2,4,4,0,0
2,11,8,2,6,0,4,1,1
2,8,10,2,12,0,4,1,1
2,11,8,2,6,5,4,0,0
2,6,4,2,2,0,4,1,0
2,9,12,2,11,0,4,1,1
2,15,9,2,3,0,4,1,0
2,11,8,4,0,1,4,1,0
2,11,8,2,5,0,0,1,0
5,11,8,0,0,4,4,0,0
2,5,3,2,2,0,4,1,0
2,15,9,5,3,1,4,1,1
2,0,5,4,13,4,4,1,0
4,10,15,2,9,0,4,1,1
4,6,4,2,4,0,4,1,1
2,15,9,2,4,0,4,1,1
2,7,11,4,7,3,4,0,0
4,11,8,2,13,0,4,1,1
2,15,9,4,2,1,4,1,0
2,11,8,2,6,0,4,1,0
2,11,8,0,7,4,4,0,0
3,5,3,2,4,0,4,1,0
5,10,15,2,9,5,4,0,1
2,9,12,2,3,0,4,1,1
2,15,9,0,7,3,4,0,0
4,11,8,2,3,0,4,1,0
2,0,5,2,7,0,2,1,0
2,15,9,4,5,1,2,1,0
5,15,9,0,0,1,2,1,1
0,15,9,6,12,1,4,0,0
4,11,8,2,11,0,4,1,0
2,11,8,5,0,3,4,0,0
2,9,12,2,9,0,4,1,0
2,11,8,2,10,0,4,1,0
2,9,12,0,7,1,1,1,1
2,4,2,3,7,4,2,0,0
2,7,11,5,3,4,4,0,1
2,11,8,6,11,1,4,0,0
5,8,10,2,9,0,4,1,1
2,11,8,0,0,1,4,0,0
4,5,3,2,4,0,4,1,0
3,9,12,4,11,1,4,0,0
2,11,8,2,6,0,4,1,0
2,7,11,0,11,1,4,1,0
2,14,14,2,9,0,4,1,1
4,11,8,2,3,5,4,0,0
2,15,9,4,13,4,2,0,0
5,11,8,4,7,2,3,1,0
2,9,12,2,9,0,4,1,1
2,11,8,6,0,1,4,0,0
2,9,12,2,9,0,4,1,1
2,15,9,2,2,0,4,1,1
5,10,15,2,3,0,4,1,1
2,12,13,2,3,0,4,1,1
2,11,8,0,2,1,2,1,1
2,7,11,2,9,5,4,0,0
2,15,9,5,2,1,4,1,1
1,15,9,0,10,1,4,1,0
2,11,8,4,0,3,4,1,0
1,9,12,4,9,1,0,0,0
4,8,10,2,3,5,4,0,1
2,5,3,4,7,3,4,0,0
5,14,14,2,9,0,4,1,1
4,9,12,2,3,0,1,1,1
2,6,4,2,6,0,4,1,0
2,15,9,0,7,1,4,1,0
2,15,9,0,3,4,2,1,0
2,15,9,2,9,5,4,0,1
2,11,8,2,7,0,4,1,0
2,0,5,2,6,0,4,1,0
2,11,8,2,6,0,4,1,0
2,11,8,4,11,3,2,1,0
2,11,8,5,7,1,4,0,0
4,9,12,2,4,0,4,1,0
2,11,8,2,7,0,4,1,0
2,11,8,0,0,4,4,0,0
2,11,8,0,0,3,4,1,0
2,8,10,2,3,0,4,1,0
2,11,8,5,11,4,4,0,0
2,11,8,2,2,0,4,1,1
2,7,11,0,2,1,4,0,0
2,7,11,4,11,3,4,1,0
0,11,8,4,3,1,2,0,0
2,15,9,4,7,3,4,0,0
2,12,13,4,9,1,4,1,0
2,7,11,0,12,1,4,0,0
2,11,8,2,0,5,4,0,0
2,9,12,2,9,0,4,1,1
2,1,6,5,7,4,4,0,0
2,11,8,4,6,3,4,1,0
2,0,5,4,7,3,4,1,0
4,7,11,5,11,1,2,1,0
2,9,12,4,2,3,4,1,1
1,15,9,2,10,0,4,1,0
2,15,9,2,5,0,4,1,1
1,9,12,0,9,1,4,0,0
2,12,13,4,9,1,4,0,0
2,5,3,4,5,3,4,1,0
2,15,9,2,13,0,2,1,0
2,11,8,5,7,1,4,0,0
2,11,8,4,5,1,4,1,0
2,11,8,4,13,3,4,1,0
2,9,12,4,9,1,0,0,1
2,11,8,4,11,1,4,0,0
4,15,9,2,11,0,1,1,1
2,9,12,2,9,0,4,1,1
2,9,12,2,9,0,4,1,1
2,11,8,2,2,0,4,1,0
2,1,6,0,2,1,2,1,0
2,15,9,2,2,0,4,1,1
2,15,9,2,7,0,4,1,0
2,11,8,2,6,0,4,1,0
2,15,9,5,5,1,2,1,0
2,15,9,0,0,3,4,0,0
2,9,12,2,9,0,4,1,1
3,9,12,2,3,0,4,1,1
2,9,12,2,3,0,4,1,0
2,9,12,4,9,1,3,0,0
2,12,13,2,3,0,4,1,1
4,14,14,2,11,0,4,1,1
1,8,10,0,10,4,0,0,0
2,15,9,4,11,3,4,0,0
2,7,11,4,12,3,4,0,0
2,15,9,2,2,0,4,1,1
2,9,12,4,3,3,1,0,0
2,11,8,4,7,4,2,0,0
2,11,8,0,7,1,2,0,0
2,0,5,6,11,1,4,0,0
2,11,8,4,13,1,4,1,0
2,11,8,4,7,2,4,1,0
5,10,15,4,3,1,4,0,1
1,11,8,2,7,0,2,1,0
2,15,9,4,0,3,4,0,0
2,15,9,4,0,2,2,1,0
2,8,10,2,2,0,4,1,1
2,0,5,4,6,1,2,1,0
2,3,1,5,4,1,2,1,0
2,15,9,0,6,1,4,0,0
2,11,8,2,9,5,2,0,0
2,11,8,4,13,1,4,1,0
2,15,9,4,3,3,4,0,0
2,11,8,4,5,1,4,1,0
0,15,9,4,0,3,4,0,0
2,10,15,4,9,1,4,1,0
2,11,8,2,11,0,4,1,1
2,9,12,2,0,0,4,1,1
2,11,8,0,7,4,4,0,0
2,11,8,4,0,4,4,0,0
1,11,8,0,12,4,4,1,1
4,9,12,4,3,1,4,1,1
2,9,12,2,11,0,4,1,1
2,12,13,2,0,0,4,1,0
2,11,8,2,2,0,4,1,0
4,5,3,2,2,0,4,1,0
2,11,8,4,7,4,4,0,0
2,9,12,4,3,3,4,0,0
2,9,12,2,11,0,4,1,1
2,9,12,2,9,0,4,1,0
4,9,12,2,9,5,4,0,1
3,9,12,2,3,0,4,1,1
2,9,12,2,3,0,4,1,1
2,7,11,5,2,1,3,0,0
2,9,12,2,6,0,4,1,0
2,5,3,0,6,1,4,1,0
2,12,13,4,3,1,4,0,0
5,15,9,4,0,3,4,0,0
2,1,6,4,0,4,4,0,0
2,11,8,5,11,4,4,0,0
2,11,8,4,11,4,2,0,0
2,11,8,0,7,4,4,0,0
2,8,10,4,3,3,4,1,0
2,6,4,6,0,4,4,0,0
2,11,8,2,6,0,4,1,1
0,11,8,2,0,0,4,1,1
2,5,3,6,4,1,2,1,0
2,12,13,2,3,0,4,1,1
2,11,8,4,5,3,4,1,0
2,15,9,5,2,1,4,1,0
2,15,9,2,11,0,4,1,0
3,12,13,0,3,1,1,1,1
0,15,9,4,0,4,2,0,0
2,15,9,4,11,3,4,1,0
2,9,12,4,12,1,4,1,0
2,11,8,2,7,0,2,1,0
4,11,8,2,2,0,4,1,0
2,1,6,2,7,5,4,0,0
2,9,12,4,12,1,4,0,0
2,8,10,2,3,0,4,1,1
2,15,9,4,7,1,4,0,0
2,15,9,2,5,0,4,1,0
2,15,9,2,9,0,4,1,1
2,6,4,2,2,0,4,1,0
2,15,9,2,13,0,4,1,0
2,15,9,4,9,3,4,0,0
2,15,9,5,2,1,4,1,0
2,9,12,4,9,1,4,1,0
2,6,4,2,0,0,4,1,0
5,14,14,2,9,0,4,1,1
4,12,13,2,3,0,2,1,0
2,15,9,4,7,3,4,0,0
2,11,8,6,0,1,4,0,0
2,11,8,2,6,0,4,1,0
2,11,8,2,2,0,4,1,0
4,14,14,2,3,0,4,1,1
2,15,9,2,11,0,4,1,1
2,1,6,2,0,5,4,0,0
2,15,9,2,2,0,4,1,0
2,1,6,4,5,3,4,1,0
2,11,8,4,0,4,4,0,0
2,9,12,4,4,1,4,1,0
2,5,3,2,2,0,4,1,0
3,14,14,2,9,0,4,1,1
3,15,9,2,3,0,4,1,1
2,11,8,4,0,3,4,1,0
2,9,12,4,11,1,4,0,0
2,15,9,2,11,0,4,1,1
4,11,8,2,2,0,4,1,0
2,6,4,0,11,1,4,0,0
2,11,8,2,2,0,4,1,0
2,11,8,5,5,4,4,0,0
2,9,12,2,11,0,4,1,1
2,1,6,4,11,3,4,1,0
2,11,8,0,11,4,4,0,0
2,9,12,4,10,1,2,1,0
2,9,12,0,9,1,4,1,1
2,1,6,2,3,0,4,1,0
1,9,12,4,9,1,2,0,0
3,15,9,2,11,0,4,1,0
2,11,8,2,13,0,4,1,1
5,7,11,0,9,4,4,0,0
2,15,9,2,13,0,4,1,1
2,9,12,4,0,1,4,1,0
2,11,8,2,6,0,4,1,0
1,0,5,6,7,1,4,0,0
2,11,8,4,6,1,4,1,0
5,12,13,2,9,0,4,1,1
2,11,8,2,2,2,0,1,0
2,13,0,2,2,0,4,1,0
2,11,8,4,7,3,4,0,0
2,9,12,6,11,1,4,1,1
2,8,10,2,9,0,4,1,0
2,9,12,4,12,3,4,0,0
2,15,9,4,12,3,4,0,0
5,12,13,2,9,0,4,1,1
2,15,9,4,7,1,4,0,0
2,15,9,0,3,1,4,0,0
2,11,8,2,3,5,4,0,1
2,9,12,5,3,1,4,0,0
1,12,13,2,9,5,4,0,1
2,2,7,2,9,0,4,1,0
2,15,9,2,3,0,4,1,0
2,15,9,4,0,1,4,0,0
4,15,9,2,3,0,4,1,1
2,11,8,2,2,0,4,1,0
2,0,5,4,7,3,4,1,0
2,11,8,2,0,0,4,1,0
2,15,9,4,7,2,4,0,0
5,0,5,4,7,3,2,0,0
2,9,12,4,3,1,4,0,0
2,0,5,4,7,3,2,1,0
2,11,8,0,11,4,4,0,0
2,15,9,5,0,4,4,0,0
5,11,8,2,13,0,4,1,1
2,9,12,4,3,1,4,0,0
2,11,8,5,3,1,4,1,0
2,9,12,4,11,1,4,0,0
6,7,11,2,4,0,4,1,0
1,9,12,2,10,0,4,1,1
2,8,10,4,12,1,4,0,0
3,9,12,2,9,0,4,1,1
0,15,9,2,0,0,4,1,1
2,15,9,2,11,0,4,1,1
2,11,8,4,5,3,4,1,0
2,8,10,2,2,0,4,1,1
2,1,6,2,0,5,4,0,0
2,11,8,4,6,3,4,1,0
2,1,6,2,5,0,4,1,0
2,11,8,2,3,5,4,0,1
2,8,10,4,3,3,4,0,0
2,11,8,4,4,1,4,1,0
4,15,9,2,11,5,4,0,1
2,15,9,0,0,4,2,0,0
2,9,12,2,9,0,4,1,1
1,11,8,2,13,0,4,1,0
2,9,12,2,4,0,4,1,0
2,1,6,3,7,2,4,1,0
3,11,8,2,4,0,4,1,0
2,11,8,2,2,0,4,1,0
2,0,5,4,7,3,4,1,0
2,15,9,4,0,3,4,0,0
5,9,12,2,3,0,4,1,1
4,11,8,2,7,0,4,1,0
0,15,9,4,5,4,4,0,0
4,11,8,0,7,1,4,1,0
2,9,12,2,2,0,1,1,0
5,10,15,2,9,0,4,1,1
2,11,8,0,7,3,4,0,0
2,8,10,2,2,0,4,1,0
2,8,10,2,12,0,1,1,0
2,11,8,0,0,1,2,1,0
2,15,9,4,3,3,3,1,0
2,11,8,2,11,0,4,1,1
2,11,8,4,7,1,4,1,0
2,12,13,2,11,0,4,1,1
2,15,9,4,0,3,4,1,0
2,11,8,2,6,0,4,1,0
2,15,9,4,11,1,4,0,0
2,15,9,0,0,1,4,0,0
2,10,15,5,9,4,4,0,0
2,2,7,2,2,0,4,1,0
2,15,9,2,12,0,4,1,1
2,15,9,0,11,1,4,1,0
2,15,9,2,2,0,4,1,1
2,11,8,4,5,3,2,1,0
2,11,8,2,2,0,4,1,0
2,11,8,4,0,3,4,0,0
2,9,12,2,3,0,4,1,1
2,11,8,4,7,3,4,1,0
2,11,8,4,7,3,4,1,0
2,12,13,2,3,0,1,1,1
2,11,8,4,6,3,4,1,0
1,12,13,2,9,5,4,0,1
2,2,7,4,11,3,4,0,0
2,11,8,2,2,0,4,1,0
4,14,14,0,9,1,4,1,1
2,11,8,5,2,1,2,1,0
3,7,11,6,3,1,4,0,0
5,12,13,2,9,5,4,0,1
2,11,8,4,0,1,4,0,0
2,15,9,2,13,0,4,1,0
0,7,11,2,9,5,2,0,0
0,15,9,2,9,0,4,1,1
2,9,12,6,3,4,4,0,0
2,15,9,0,0,4,4,0,0
2,11,8,0,0,4,4,0,0
1,11,8,2,0,5,4,0,1
4,15,9,2,2,0,4,1,0
2,8,10,2,13,0,0,1,0
2,15,9,5,9,4,4,0,0
2,6,4,4,5,3,1,1,0
2,11,8,2,12,0,4,1,1
2,6,4,2,6,0,4,1,0
2,13,0,2,6,0,4,1,0
4,11,8,0,2,1,4,1,0
2,11,8,4,0,3,4,0,0
2,11,8,0,7,1,4,1,0
2,8,10,2,11,0,4,1,0
2,11,8,2,13,0,4,1,0
2,11,8,2,6,0,4,1,1
2,15,9,4,0,4,2,0,0
4,11,8,2,7,0,4,1,0
2,11,8,0,11,4,4,0,0
2,9,12,2,3,0,4,1,1
2,11,8,0,0,4,4,0,0
2,11,8,0,11,1,4,0,0
2,15,9,2,13,0,4,1,0
2,11,8,4,5,3,4,1,0
2,9,12,2,3,0,4,1,1
2,15,9,2,3,0,4,1,0
2,15,9,4,0,3,4,0,0
2,11,8,4,0,2,4,0,0
2,11,8,2,2,0,4,1,1
2,15,9,5,11,4,4,0,0
2,15,9,4,7,3,4,0,0
2,15,9,2,2,0,4,1,0
2,12,13,2,3,0,4,1,1
2,11,8,4,0,3,4,1,0
2,11,8,2,5,0,4,1,0
2,1,6,4,5,3,4,1,0
4,15,9,2,2,0,4,1,1
5,11,8,2,13,0,4,1,1
4,15,9,2,13,0,4,1,0
2,12,13,2,3,0,4,1,1
2,11,8,5,10,1,2,1,0
2,11,8,2,9,0,4,1,1
2,11,8,4,12,3,4,0,0
2,15,9,5,11,4,4,0,0
2,15,9,2,2,0,4,1,1
2,11,8,5,7,1,4,0,0
2,11,8,4,6,4,4,1,0
2,15,9,4,7,4,2,0,0
2,5,3,4,2,1,4,1,0
0,15,9,2,2,0,4,1,0
2,15,9,0,11,1,4,0,0
5,11,8,4,13,3,4,1,0
4,5,3,2,13,0,4,1,0
2,9,12,2,3,0,4,1,0
2,11,8,6,11,1,4,0,0
2,11,8,2,9,0,4,1,0
2,11,8,2,0,5,4,0,0
2,9,12,0,7,1,4,0,0
2,11,8,0,7,1,4,0,0
2,11,8,2,13,0,4,1,0
2,11,8,4,7,1,4,0,0
2,11,8,4,2,1,2,1,0
2,15,9,4,7,1,4,0,0
2,11,8,4,0,1,4,0,0
4,12,13,4,9,1,4,0,0
2,11,8,0,0,4,4,1,0
2,11,8,0,7,1,2,0,0
4,9,12,2,9,0,4,1,1
2,0,5,0,9,4,4,1,1
1,9,12,4,9,3,2,0,0
2,1,6,4,7,1,2,0,0
4,1,6,4,11,3,4,0,0
2,9,12,0,9,1,4,0,0
2,11,8,0,2,1,4,1,0
2,9,12,4,9,1,4,0,0
2,7,11,0,3,4,2,0,0
3,14,14,2,9,0,4,1,1
4,15,9,2,9,0,4,1,0
2,11,8,2,3,0,4,1,0
2,11,8,6,2,4,2,0,0
2,11,8,4,6,3,4,0,0
2,11,8,2,0,5,2,0,0
2,5,3,2,4,0,4,1,0
2,11,8,4,7,1,4,1,0
1,7,11,2,0,5,4,0,0
4,15,9,2,3,0,4,1,1
4,11,8,2,2,0,4,1,0
2,0,5,4,5,3,4,1,0
2,11,8,4,0,3,4,0,0
3,9,12,4,9,3,4,1,0
3,9,12,4,0,1,4,0,0
4,15,9,2,2,0,4,1,0
2,11,8,0,2,1,4,1,0
2,15,9,4,12,3,2,0,0
2,11,8,2,7,0,4,1,0
2,15,9,2,0,2,4,0,1
1,8,10,0,12,4,1,1,0
2,15,9,4,7,3,4,0,0
2,8,10,4,9,4,4,0,0
1,9,12,2,3,0,4,1,0
2,1,6,4,7,3,4,0,0
5,10,15,0,9,1,4,0,1
1,15,9,4,10,1,4,1,0
2,15,9,4,7,3,4,1,0
1,9,12,2,9,0,4,1,0
2,7,11,4,6,3,4,1,0
2,9,12,4,3,1,4,1,0
2,15,9,4,10,1,4,1,0
2,7,11,2,9,0,4,1,0
2,9,12,2,9,0,4,1,1
2,11,8,2,2,0,4,1,0
2,11,8,4,0,1,4,1,0
2,11,8,0,5,1,4,1,0
2,9,12,2,3,0,4,1,1
3,15,9,2,11,0,4,1,1
2,11,8,4,4,3,4,0,0
2,5,3,6,7,1,4,0,0
2,11,8,2,2,0,4,1,0
2,11,8,2,2,0,4,1,0
2,11,8,4,0,1,4,0,0
2,11,8,0,7,4,4,0,0
4,14,14,2,9,0,4,1,1
4,9,12,0,3,1,4,1,0
0,15,9,4,0,3,4,1,0
2,15,9,4,5,1,4,1,0
2,1,6,4,7,3,4,1,0
2,9,12,4,3,1,4,0,0
2,11,8,4,5,1,4,1,0
2,11,8,4,8,4,2,0,0
2,15,9,4,3,1,2,0,0
2,15,9,2,2,0,4,1,1
2,6,4,4,6,2,4,1,0
2,0,5,4,7,3,4,1,0
2,11,8,2,2,0,4,1,0
2,2,7,3,9,1,4,1,0
2,15,9,6,0,4,4,0,1
2,15,9,2,11,0,4,1,1
2,7,11,0,7,1,4,1,0
4,11,8,4,4,1,4,1,0
2,11,8,4,3,1,4,0,0
1,9,12,4,13,1,4,0,0
2,11,8,4,5,3,4,1,0
4,9,12,2,11,0,4,1,1
5,8,10,3,10,3,4,0,0
2,2,7,4,7,3,4,1,0
5,9,12,2,10,0,4,1,0
2,11,8,2,11,5,4,0,0
2,11,8,2,11,0,4,1,0
2,15,9,0,3,4,4,0,0
2,11,8,2,2,0,4,1,0
1,7,11,0,9,1,4,0,0
2,9,12,4,9,1,4,0,0
4,9,12,0,3,4,4,1,0
3,15,9,2,2,0,4,1,0
2,7,11,0,3,4,4,0,1
2,9,12,4,9,3,4,0,0
2,0,5,5,2,4,2,0,0
5,10,15,2,9,0,1,1,1
2,15,9,2,11,0,4,1,0
2,6,4,4,6,1,4,1,0
1,9,12,2,10,0,4,1,1
2,15,9,4,0,4,2,0,0
4,11,8,2,3,0,4,1,0
2,6,4,2,13,0,4,1,0
2,9,12,2,3,0,4,1,1
2,6,4,6,3,1,2,1,0
2,11,8,4,11,1,4,0,0
2,11,8,2,13,0,4,1,0
2,9,12,2,3,0,4,1,1
2,9,12,2,9,5,4,0,1
1,9,12,2,9,0,4,1,0
2,11,8,4,6,4,2,0,0
1,15,9,3,0,4,2,0,0
2,11,8,6,9,1,4,0,0
2,15,9,0,7,4,2,0,0
2,7,11,2,2,0,4,1,0
2,8,10,2,3,0,4,1,0
2,15,9,5,7,4,2,0,0
0,11,8,4,6,4,4,0,0
2,2,7,4,11,3,4,0,0
2,11,8,0,7,4,4,0,0
1,6,4,2,3,0,4,1,0
2,12,13,2,9,0,4,1,0
2,11,8,6,7,1,4,0,0
2,15,9,2,11,0,4,1,1
2,11,8,0,7,4,4,0,0
0,7,11,4,3,1,4,1,0
2,15,9,2,0,0,2,1,0
2,15,9,2,7,0,4,1,0
2,15,9,2,6,0,2,1,1
2,11,8,4,6,1,4,0,0
3,1,6,2,3,0,4,1,1
2,15,9,4,11,3,4,0,0
2,9,12,2,0,0,4,1,1
2,9,12,2,6,0,4,1,1
2,15,9,0,9,4,4,0,0
0,11,8,0,0,1,4,1,0
4,9,12,2,3,0,1,1,1
2,9,12,4,0,3,4,0,0
2,9,12,2,11,0,4,1,1
2,11,8,4,2,1,4,1,0
2,0,5,2,13,0,2,1,0
2,11,8,4,0,1,4,0,0
2,15,9,0,0,1,4,1,0
2,11,8,5,11,1,4,0,0
2,9,12,4,11,1,4,0,0
2,6,4,4,4,2,4,1,0
2,5,3,5,6,3,4,1,0
4,15,9,4,11,3,4,1,0
2,1,6,4,0,3,4,1,0
2,9,12,4,0,3,4,1,0
2,8,10,2,0,0,4,1,0
2,15,9,2,11,0,4,1,0
2,11,8,2,0,5,4,0,1
2,11,8,4,6,1,2,1,0
2,12,13,0,3,4,4,1,1
2,15,9,4,0,3,2,0,0
2,7,11,4,2,1,4,1,0
2,6,4,6,11,4,2,0,0
2,15,9,2,10,0,4,1,1
2,3,1,2,13,0,4,1,0
3,11,8,2,11,0,4,1,0
2,11,8,2,6,0,4,1,0
2,11,8,6,9,4,2,0,0
2,6,4,2,11,0,2,1,1
2,1,6,2,12,0,4,1,0
2,11,8,2,6,0,4,1,0
2,15,9,2,2,0,1,1,0
3,9,12,2,11,2,1,1,0
2,15,9,4,11,2,4,1,0
1,9,12,2,9,0,4,1,1
2,15,9,2,0,5,4,0,0
2,0,5,2,2,0,4,1,0
2,9,12,4,11,1,4,0,0
2,7,11,2,12,0,1,1,0
2,7,11,2,3,0,4,1,1
2,15,9,0,13,1,4,1,0
2,11,8,2,11,0,4,1,1
2,11,8,2,2,0,4,1,0
2,11,8,4,4,3,4,1,0
2,11,8,0,2,3,4,0,0
2,9,12,2,9,5,4,0,0
2,1,6,0,11,4,4,0,0
2,15,9,4,9,3,4,1,0
2,0,5,3,7,1,1,1,0
2,11,8,2,11,0,4,1,0
2,11,8,4,5,1,4,1,0
2,11,8,4,5,3,4,1,0
2,11,8,2,2,0,4,1,1
2,6,4,2,13,0,4,1,0
2,8,10,0,6,4,4,1,0
2,11,8,2,5,0,4,1,0
2,12,13,2,3,0,4,1,1
2,15,9,2,3,5,4,0,0
2,15,9,0,11,4,0,0,0
2,15,9,0,0,1,4,0,0
2,9,12,2,2,0,4,1,0
2,11,8,2,5,5,4,0,0
2,1,6,4,2,3,4,1,0
2,9,12,4,11,1,4,1,1
2,9,12,2,9,0,4,1,1
2,5,3,2,6,0,4,1,0
2,12,13,2,12,0,4,1,0
2,6,4,2,2,0,3,1,0
2,11,8,2,13,0,4,1,0
2,15,9,2,11,0,0,1,0
2,6,4,4,3,2,4,0,0
2,15,9,4,4,2,2,1,0
2,11,8,2,13,0,4,1,0
4,9,12,2,9,0,4,1,1
2,11,8,6,7,4,4,0,0
2,14,14,2,9,0,4,1,1
2,9,12,2,2,0,4,1,0
2,11,8,2,11,0,4,1,1
2,2,7,4,11,3,4,0,0
1,12,13,2,9,0,4,1,0
2,9,12,4,3,1,4,1,0
2,11,8,2,6,0,4,1,0
2,15,9,5,7,4,4,0,0
2,11,8,0,9,4,0,0,0
2,7,11,2,0,5,2,0,0
2,7,11,2,9,0,4,1,0
2,9,12,4,9,1,4,1,0
2,11,8,3,11,1,4,1,0
2,15,9,2,2,0,4,1,0
2,15,9,2,2,0,4,1,1
1,8,10,4,10,1,4,1,1
2,15,9,2,6,0,4,1,0
2,15,9,2,3,0,4,1,0
2,11,8,2,2,0,4,1,1
1,15,9,2,13,0,4,1,0
2,8,10,2,9,0,4,1,1
2,11,8,0,2,1,4,1,0
0,15,9,2,2,0,4,1,0
2,7,11,2,11,0,4,1,1
2,11,8,5,2,4,0,0,0
2,11,8,6,0,4,4,0,0
2,11,8,0,9,4,4,0,0
2,6,4,2,5,0,4,1,0
2,11,8,4,0,1,4,1,0
2,0,5,0,7,1,4,0,0
2,9,12,2,0,0,4,1,1
2,8,10,0,11,1,4,1,0
4,11,8,0,2,1,4,1,0
2,15,9,2,11,0,4,1,1
2,15,9,4,11,1,4,1,0
4,0,5,2,2,0,4,1,1
4,11,8,2,3,0,4,1,0
2,11,8,0,2,1,4,0,0
0,9,12,2,3,0,4,1,1
2,7,11,2,10,0,2,1,0
1,12,13,0,3,1,4,0,0
5,9,12,4,9,1,4,0,0
2,15,9,2,2,0,4,1,0
2,9,12,4,9,1,4,0,0
1,9,12,0,3,1,4,1,0
1,12,13,0,9,1,4,0,0
2,13,0,5,7,4,4,0,0
3,15,9,0,11,4,1,1,0
2,2,7,2,13,0,4,1,0
2,11,8,2,13,0,4,1,1
2,12,13,2,9,0,1,1,0
1,11,8,2,6,0,4,1,0
5,11,8,2,9,0,4,1,0
2,12,13,2,9,0,4,1,1
2,11,8,0,3,4,4,0,0
2,11,8,2,9,0,4,1,1
2,0,5,5,7,3,2,0,0
3,5,3,2,2,0,4,1,0
2,13,0,4,7,3,4,0,0
2,1,6,2,6,0,4,1,0
2,15,9,5,5,1,2,1,0
2,11,8,4,6,1,4,1,0
5,9,12,2,0,0,1,1,0
3,8,10,2,11,0,4,1,1
2,12,13,4,3,1,4,0,1
5,11,8,6,0,4,0,0,0
2,11,8,2,0,0,4,1,0
2,11,8,4,5,3,4,1,0
2,15,9,4,0,4,4,0,0
2,11,8,2,6,0,4,1,1
2,11,8,1,13,0,4,1,0
4,6,4,0,7,1,4,0,0
2,15,9,4,3,1,2,0,0
2,15,9,0,5,1,4,1,0
2,9,12,0,11,1,2,1,1
2,15,9,4,11,3,4,0,0
5,11,8,4,10,2,1,1,0
2,11,8,2,7,0,4,1,0
1,11,8,2,10,0,4,1,0
2,6,4,0,5,1,4,1,0
2,11,8,2,4,0,4,1,0
2,9,12,2,9,0,4,1,1
2,11,8,2,9,0,4,1,0
2,5,3,4,4,1,4,1,1
2,12,13,4,3,1,4,1,1
4,15,9,2,9,5,4,0,1
1,14,14,2,9,0,4,1,0
2,2,7,4,9,1,1,0,0
4,9,12,2,0,0,4,1,0
2,15,9,4,0,3,4,0,0
2,11,8,0,2,4,2,1,1
2,5,3,5,13,1,4,1,0
2,1,6,4,7,3,4,1,0
2,7,11,4,12,1,4,1,0
2,9,12,2,11,0,4,1,0
2,15,9,4,11,3,4,0,0
2,15,9,2,11,5,0,0,0
2,15,9,4,7,3,4,1,0
2,15,9,4,7,1,4,1,0
2,0,5,2,2,0,4,1,0
4,15,9,2,2,0,4,1,1
2,15,9,0,7,4,4,0,0
2,11,8,2,2,0,4,1,1
3,11,8,2,3,0,4,1,0
1,11,8,2,10,0,4,1,0
2,7,11,4,11,1,4,0,0
2,10,15,4,9,1,4,1,1
2,5,3,4,11,3,4,1,0
2,11,8,4,3,1,4,1,0
2,11,8,4,6,3,4,1,0
2,9,12,4,0,1,4,0,0
0,15,9,2,5,0,4,1,0
2,15,9,0,3,1,4,0,0
2,15,9,2,2,0,4,1,1
2,15,9,2,6,0,4,1,0
2,15,9,4,2,1,4,1,0
2,9,12,4,9,1,4,1,0
2,9,12,2,9,0,0,1,1
2,8,10,2,2,0,4,1,0
5,9,12,4,9,1,4,0,0
2,15,9,4,7,1,4,1,0
2,1,6,3,13,3,4,1,0
2,8,10,4,4,1,4,1,0
2,2,7,4,11,3,4,0,0
2,9,12,2,3,0,4,1,0
2,11,8,4,13,3,2,1,0
5,11,8,0,0,4,4,0,0
2,11,8,2,13,0,4,1,1
4,14,14,0,9,4,4,1,1
0,15,9,2,0,0,4,1,0
2,9,12,4,9,1,4,0,0
2,7,11,4,0,3,4,0,0
2,12,13,2,9,0,4,1,1
1,11,8,3,0,4,2,0,0
2,11,8,4,13,3,4,1,0
2,11,8,2,13,2,4,1,0
1,11,8,0,0,4,4,0,0
2,15,9,2,2,0,4,1,1
3,9,12,4,4,1,4,1,0
2,11,8,0,3,1,4,0,1
2,15,9,4,0,3,4,0,0
2,11,8,2,5,0,4,1,0
2,9,12,5,9,1,4,1,0
2,15,9,4,13,1,4,1,0
2,11,8,4,4,3,4,1,0
2,11,8,0,13,4,4,1,0
2,2,7,2,0,5,2,0,1
2,9,12,4,0,1,4,0,0
4,1,6,4,2,3,4,1,0
2,11,8,4,13,4,4,1,0
2,12,13,4,11,1,4,1,0
2,15,9,2,2,0,4,1,0
2,10,15,2,9,0,4,1,1
5,11,8,2,10,0,4,1,0
4,5,3,2,6,0,4,1,0
2,15,9,4,11,1,4,0,0
2,8,10,6,0,1,1,0,0
2,15,9,2,3,5,4,0,1
2,1,6,2,2,0,4,1,1
1,12,13,4,9,1,4,0,0
2,11,8,4,13,4,2,1,0
2,15,9,0,11,3,4,1,0
2,11,8,3,5,4,4,0,0
2,11,8,2,3,5,4,0,1
2,9,12,6,3,4,4,0,0
3,11,8,2,7,0,2,1,0
2,9,12,4,11,3,1,1,0
3,10,15,2,9,0,4,1,1
2,7,11,2,2,0,4,1,0
2,7,11,4,12,1,2,1,0
2,9,12,0,0,4,4,0,0
2,11,8,4,0,3,4,0,0
2,15,9,2,2,0,4,1,0
2,11,8,2,2,0,4,1,0
2,9,12,2,9,0,4,1,1
1,9,12,2,9,5,4,0,0
3,5,3,2,2,0,4,1,1
4,5,3,4,5,4,2,1,0
2,15,9,2,0,0,4,1,0
1,9,12,2,13,0,2,1,0
2,11,8,2,7,0,4,1,0
2,0,5,2,2,0,4,1,1
2,4,2,2,5,0,4,1,0
2,15,9,2,3,0,4,1,1
2,11,8,2,12,0,4,1,0
2,11,8,2,6,0,2,1,0
2,11,8,2,6,0,4,1,0
2,14,14,4,9,1,4,0,1
5,12,13,2,3,0,4,1,1
2,11,8,5,7,4,4,0,0
4,14,14,0,9,1,4,1,1
2,8,10,2,6,0,4,1,0
4,8,10,4,7,3,4,0,0
0,1,6,6,0,1,4,0,0
4,8,10,0,7,4,4,0,0
2,11,8,2,2,0,4,1,0
2,15,9,4,5,3,2,1,0
0,9,12,6,0,1,4,0,0
0,9,12,2,3,0,4,1,1
2,2,7,4,9,3,4,1,0
2,15,9,0,3,1,4,0,0
2,15,9,0,0,3,4,0,0
2,14,14,4,9,4,4,1,1
2,9,12,2,9,0,4,1,1
2,14,14,2,9,0,4,1,1
2,15,9,0,6,1,4,1,0
4,14,14,2,9,0,4,1,1
2,11,8,0,13,1,4,1,1
2,4,2,4,5,1,4,1,0
2,15,9,2,3,0,4,1,0
2,8,10,6,3,4,1,0,1
2,2,7,2,11,0,4,1,1
2,11,8,4,2,3,2,1,0
2,11,8,2,3,5,4,0,0
2,11,8,2,7,5,4,0,1
2,15,9,4,7,3,4,1,0
2,11,8,5,7,1,2,0,0
2,11,8,2,6,0,4,1,1
2,11,8,4,7,1,4,1,0
2,11,8,2,13,0,4,1,0
2,12,13,4,9,1,4,0,0
4,15,9,2,4,0,4,1,0
2,6,4,5,2,4,2,1,0
2,0,5,4,7,3,2,1,0
3,12,13,2,11,0,4,1,1
2,11,8,2,11,0,4,1,0
2,9,12,4,0,3,4,0,0
1,15,9,2,2,0,4,1,0
2,11,8,2,5,0,4,1,0
2,15,9,0,6,4,4,0,0
2,11,8,2,5,0,4,1,0
2,0,5,4,5,1,4,1,0
2,4,2,4,4,3,4,1,0
2,9,12,2,3,0,4,1,0
2,11,8,0,6,1,4,1,0
3,9,12,4,3,3,1,1,0
2,4,2,2,2,0,4,1,0
1,11,8,6,3,1,4,1,0
1,9,12,4,9,1,4,0,0
2,12,13,4,9,1,4,1,0
0,9,12,0,9,1,4,1,0
2,12,13,2,3,0,4,1,1
2,15,9,4,11,3,4,0,0
2,9,12,2,3,0,4,1,0
5,10,15,2,9,0,4,1,1
2,11,8,2,2,0,4,1,0
2,15,9,4,11,2,4,1,0
4,11,8,2,11,0,4,1,1
2,0,5,4,5,1,4,0,0
2,5,3,2,6,0,3,1,0
2,11,8,2,2,0,4,1,0
4,15,9,2,11,0,4,1,1
2,15,9,2,2,0,4,1,0
2,11,8,2,7,5,4,0,1
3,9,12,4,2,1,4,0,0
2,11,8,4,13,1,4,0,0
2,11,8,4,2,3,4,1,0
2,15,9,4,11,3,1,1,0
2,15,9,2,3,0,4,1,1
5,12,13,0,3,1,4,1,0
1,11,8,6,7,1,4,0,0
2,9,12,2,6,0,4,1,1
1,8,10,4,10,1,2,0,1
2,8,10,0,9,4,4,0,0
2,15,9,0,2,3,4,1,0
4,12,13,4,9,1,4,1,0
1,12,13,0,7,4,2,0,0
2,1,6,0,11,2,4,0,0
2,7,11,4,12,1,2,1,1
2,15,9,2,3,0,4,1,0
1,15,9,2,2,0,4,1,0
2,11,8,4,7,2,4,0,0
2,9,12,2,3,0,4,1,1
1,7,11,0,0,1,4,0,0
4,15,9,0,11,1,4,0,0
5,15,9,4,7,1,4,1,0
2,1,6,2,13,0,2,1,0
2,11,8,2,13,0,4,1,0
2,15,9,0,7,1,4,0,0
2,11,8,4,2,2,4,1,0
2,6,4,0,7,2,4,0,0
2,15,9,2,0,0,4,1,0
2,11,8,0,0,1,4,0,0
2,8,10,2,2,0,4,1,0
4,9,12,2,11,0,4,1,1
2,11,8,0,13,1,4,1,0
2,11,8,0,5,1,4,1,0
2,15,9,4,11,3,4,0,0
2,8,10,4,2,1,1,1,0
2,11,8,2,2,0,4,1,1
2,9,12,2,12,0,1,1,1
4,15,9,2,3,0,4,1,1
2,7,11,6,12,4,4,1,1
2,11,8,4,4,1,4,1,0
2,11,8,2,13,0,4,1,1
2,11,8,0,0,1,4,0,0
1,9,12,2,9,0,4,1,0
2,9,12,4,3,1,4,1,0
2,15,9,2,11,0,4,1,1
2,11,8,2,0,0,4,1,0
2,9,12,2,2,0,4,1,1
3,10,15,2,9,0,4,1,1
2,12,13,2,3,0,4,1,1
5,11,8,2,2,0,4,1,1
2,11,8,2,2,0,2,1,0
1,11,8,0,0,1,4,0,0
2,11,8,0,0,1,4,0,0
3,15,9,2,3,0,4,1,0
2,7,11,4,12,1,4,0,0
2,15,9,4,5,1,4,1,0
2,9,12,2,3,0,4,1,1
2,0,5,4,5,1,4,1,0
2,11,8,0,7,1,4,1,0
2,0,5,4,7,3,4,1,0
1,0,5,2,0,0,4,1,0
2,15,9,2,0,0,4,1,0
2,10,15,2,3,0,4,1,1
2,11,8,0,2,1,0,1,1
2,9,12,2,9,0,4,1,0
2,15,9,2,3,0,4,1,0
2,11,8,4,3,1,1,1,0
3,9,12,2,3,0,4,1,1
2,11,8,4,2,3,1,1,0
2,0,5,2,6,0,4,1,0
2,7,11,2,3,0,4,1,0
2,15,9,2,2,0,4,1,1
2,11,8,0,7,4,4,0,0
4,11,8,4,7,3,4,1,0
2,11,8,0,2,1,4,1,1
2,11,8,2,2,0,4,1,0
4,0,5,2,2,0,4,1,0
2,11,8,6,6,1,4,0,0
2,9,12,2,11,0,4,1,1
4,11,8,0,2,4,4,1,0
5,9,12,4,3,1,4,1,0
2,0,5,2,2,0,4,1,0
1,15,9,2,7,2,4,1,0
2,11,8,4,7,4,2,0,0
2,11,8,4,11,3,4,0,0
5,12,13,2,9,0,4,1,1
2,15,9,0,9,4,4,0,0
2,11,8,0,6,1,4,1,0
2,7,11,4,7,1,4,0,0
2,6,4,2,7,0,4,1,0
5,15,9,2,4,0,4,1,0
2,7,11,4,0,4,4,0,0
4,11,8,2,3,0,4,1,0
5,10,15,2,9,0,4,1,1
2,6,4,4,7,3,2,0,0
2,12,13,2,12,0,4,1,1
2,15,9,6,7,4,2,0,0
2,7,11,2,3,5,4,0,0
2,15,9,4,11,3,4,1,0
2,15,9,0,11,1,4,1,0
2,15,9,2,2,0,4,1,0
2,4,2,2,6,0,4,1,0
2,15,9,0,0,4,4,0,0
2,15,9,4,13,3,4,1,0
2,11,8,4,3,1,4,1,0
2,15,9,2,0,0,2,1,0
2,15,9,4,9,3,4,1,0
2,0,5,2,13,0,2,1,0
2,0,5,4,2,1,4,1,0
5,12,13,0,10,1,4,1,0
2,9,12,4,3,3,4,1,0
2,9,12,4,9,1,4,0,0
2,8,10,0,11,4,4,0,0
2,15,9,2,9,0,4,1,1
2,0,5,2,2,0,4,1,1
3,9,12,2,11,0,2,1,0
2,15,9,5,2,1,4,1,0
3,11,8,2,7,0,4,1,0
2,7,11,2,0,5,4,0,0
2,11,8,2,0,0,2,1,1
1,11,8,2,7,0,4,1,0
4,15,9,2,7,0,4,1,0
2,7,11,2,0,0,4,1,0
2,11,8,4,3,1,4,1,0
2,12,13,2,9,5,4,0,1
1,11,8,4,4,3,4,1,0
2,4,2,2,6,0,4,1,0
2,1,6,2,9,0,4,1,0
2,11,8,5,7,1,4,0,0
2,3,1,2,2,0,4,1,0
2,8,10,2,3,0,4,1,1
5,10,15,2,9,0,2,1,0
2,15,9,0,6,3,4,1,0
2,7,11,2,2,0,4,1,0
2,11,8,4,11,1,4,0,0
1,12,13,2,9,0,4,1,1
5,15,9,0,3,4,4,1,0
5,9,12,4,7,1,4,0,0
4,9,12,2,3,0,4,1,0
2,11,8,2,2,0,4,1,0
2,11,8,0,6,1,4,1,0
2,11,8,0,3,1,4,0,0
2,2,7,4,0,1,4,0,0
5,15,9,3,0,4,1,0,0
5,9,12,0,0,1,4,1,0
2,11,8,4,8,1,4,0,0
4,4,2,2,7,0,4,1,0
2,11,8,2,6,0,4,1,0
2,1,6,4,7,2,4,1,0
0,9,12,4,9,1,4,1,0
2,11,8,4,2,3,4,1,0
4,11,8,2,3,0,4,1,1
2,15,9,5,13,4,4,1,1
2,11,8,5,0,1,4,0,0
2,9,12,2,11,0,4,1,1
2,15,9,4,0,1,2,0,0
2,9,12,4,3,3,2,0,0
2,11,8,2,2,0,4,1,0
2,11,8,3,3,4,4,0,0
1,9,12,4,9,2,4,0,0
2,6,4,5,7,1,2,0,0
2,9,12,4,9,1,4,1,0
5,9,12,4,12,1,4,1,0
2,1,6,4,6,4,4,0,0
3,9,12,2,11,0,4,1,1
2,11,8,2,2,0,4,1,0
2,5,3,5,11,4,4,0,0
0,15,9,4,2,1,4,1,0
1,15,9,4,10,1,4,1,1
2,11,8,4,3,1,4,1,0
2,15,9,0,7,2,2,1,0
2,7,11,2,9,0,4,1,1
4,5,3,2,13,0,4,1,0
2,11,8,6,7,4,4,0,0
2,9,12,2,9,5,4,0,0
2,15,9,4,0,3,4,0,0
4,15,9,2,13,0,4,1,1
3,14,14,2,9,0,4,1,1
2,15,9,5,11,1,4,1,1
2,15,9,2,2,0,4,1,0
2,11,8,4,7,3,4,1,0
2,15,9,0,0,1,2,0,0
1,12,13,0,9,4,4,0,0
2,11,8,4,11,2,1,0,0
1,7,11,2,3,5,4,0,1
2,9,12,2,9,0,4,1,0
2,11,8,2,2,0,4,1,1
4,11,8,2,11,0,4,1,1
2,11,8,2,2,0,4,1,0
2,11,8,2,2,0,4,1,1
4,15,9,4,2,1,4,1,0
2,11,8,0,12,1,4,1,1
3,15,9,6,11,4,4,0,0
2,7,11,4,5,1,2,1,1
2,6,4,2,10,0,4,1,0
2,11,8,5,7,1,4,0,0
2,9,12,2,9,0,4,1,1
3,14,14,2,9,0,4,1,1
2,9,12,4,3,1,4,1,1
2,11,8,0,0,4,4,0,0
3,9,12,2,3,0,4,1,0
2,0,5,4,5,3,4,1,0
2,11,8,2,7,0,4,1,0
2,7,11,2,3,0,4,1,1
2,15,9,2,3,5,4,0,0
5,11,8,0,7,1,4,0,0
2,9,12,4,3,3,4,0,0
2,12,13,2,9,0,3,1,1
2,2,7,4,5,3,0,1,0
2,9,12,5,3,4,2,0,0
2,11,8,4,9,3,4,1,0
2,11,8,2,0,5,4,0,1
2,13,0,4,5,1,4,1,0
2,9,12,0,0,1,4,0,0
2,15,9,5,9,4,4,0,0
2,2,7,4,6,1,4,1,0
1,9,12,2,9,5,4,0,1
2,9,12,4,7,1,4,0,0
3,9,12,2,11,0,4,1,1
1,12,13,4,9,1,4,1,1
2,11,8,2,10,0,2,1,0
2,15,9,0,11,4,4,1,0
2,11,8,2,2,0,4,1,0
2,15,9,2,6,0,4,1,0
2,11,8,2,2,0,4,1,0
4,8,10,2,11,0,4,1,0
2,11,8,2,6,0,4,1,0
2,15,9,4,6,3,3,1,0
2,11,8,5,5,4,4,1,0
1,9,12,2,10,0,4,1,1
2,12,13,3,11,1,4,0,1
2,8,10,4,5,1,4,1,0
2,11,8,0,3,1,2,0,0
5,11,8,2,2,0,4,1,0
2,2,7,2,13,0,4,1,0
2,11,8,5,10,3,2,1,0
1,9,12,2,9,5,2,0,1
2,9,12,4,0,4,4,0,0
2,9,12,0,9,3,4,0,0
2,9,12,4,9,1,4,1,0
2,0,5,6,2,4,4,1,0
2,11,8,2,3,0,4,1,0
2,15,9,2,7,5,4,0,0
2,1,6,3,2,1,2,1,0
2,12,13,4,7,1,4,0,0
2,15,9,0,7,4,4,0,0
2,15,9,2,9,0,4,1,1
2,15,9,0,0,4,2,0,0
4,15,9,2,11,0,4,1,0
2,12,13,2,9,0,4,1,1
2,15,9,2,13,0,4,1,1
2,14,14,4,9,3,4,0,0
2,15,9,2,0,5,2,0,0
2,11,8,6,3,4,4,0,0
5,0,5,2,13,0,4,1,1
2,11,8,2,5,0,4,1,1
2,15,9,2,12,0,4,1,1
2,0,5,6,12,4,4,0,0
2,11,8,2,2,0,4,1,0
0,11,8,4,0,1,2,1,0
2,8,10,2,13,0,4,1,1
2,0,5,5,7,1,4,0,0
1,7,11,2,10,0,4,1,1
2,6,4,3,5,1,4,1,0
4,11,8,2,4,0,4,1,0
1,14,14,4,9,1,4,0,1
2,11,8,2,2,0,4,1,0
2,11,8,2,4,0,4,1,1
2,0,5,4,11,3,4,0,0
2,9,12,0,2,1,4,1,1
2,12,13,2,7,0,4,1,0
2,10,15,2,9,0,4,1,0
4,5,3,2,4,0,4,1,0
2,10,15,2,9,0,4,1,1
2,9,12,2,9,5,4,0,1
2,11,8,4,11,1,4,1,0
2,11,8,4,6,2,4,1,0
2,15,9,4,0,1,4,0,1
2,11,8,6,6,1,4,0,0
2,15,9,0,2,3,4,1,0
2,9,12,2,11,0,4,1,1
2,11,8,4,7,1,4,0,0
3,15,9,0,6,1,4,0,0
2,9,12,2,3,0,4,1,0
2,15,9,2,0,0,4,1,1
2,8,10,0,12,1,2,1,0
1,9,12,4,10,1,4,0,1
2,15,9,4,2,4,4,1,0
2,1,6,4,13,2,4,1,0
2,15,9,4,12,2,1,0,0
2,8,10,4,2,4,0,1,0
2,11,8,2,2,0,4,1,0
2,3,1,4,4,1,4,1,0
4,15,9,2,3,0,4,1,1
2,15,9,2,3,0,4,1,1
2,11,8,2,13,5,4,0,1
1,9,12,2,9,0,1,1,1
2,15,9,4,3,3,4,0,0
2,11,8,4,11,4,4,1,0
2,8,10,0,11,1,4,0,1
3,9,12,2,11,0,4,1,0
2,1,6,4,0,3,4,1,0
2,11,8,4,5,1,4,1,0
2,12,13,2,3,0,4,1,1
2,11,8,0,5,3,4,1,0
2,15,9,4,5,3,4,0,0
2,15,9,4,7,3,4,1,0
2,15,9,4,0,3,4,0,0
2,2,7,5,7,4,4,0,0
2,9,12,2,3,0,4,1,1
5,9,12,0,9,1,4,1,0
2,14,14,4,9,1,4,1,0
2,15,9,4,2,1,2,1,0
1,12,13,0,9,4,4,0,0
2,1,6,5,11,1,4,0,0
2,9,12,2,3,5,4,0,1
2,11,8,2,2,0,4,1,0
2,10,15,2,9,0,4,1,1
0,12,13,2,1,0,4,1,1
2,11,8,2,2,0,4,1,0
2,9,12,2,11,0,4,1,1
2,15,9,2,5,0,4,1,0
2,11,8,4,7,3,4,1,0
2,15,9,2,2,0,4,1,1
2,9,12,2,6,0,4,1,1
2,2,7,3,3,1,4,0,0
1,11,8,0,10,1,4,0,0
2,15,9,3,3,4,4,0,0
2,1,6,6,7,3,4,0,0
2,15,9,5,11,4,1,1,0
2,9,12,2,3,0,4,1,1
1,11,8,5,7,4,2,0,0
5,11,8,0,0,2,4,0,0
2,15,9,4,7,1,4,0,0
1,12,13,2,9,0,4,1,0
4,9,12,2,4,0,4,1,0
2,12,13,2,13,0,4,1,1
1,9,12,0,9,4,4,0,0
4,9,12,2,3,0,4,1,1
3,1,6,2,13,0,4,1,0
2,10,15,2,9,0,4,1,1
2,8,10,2,2,0,4,1,0
1,15,9,4,9,3,4,0,0
4,11,8,2,2,0,4,1,0
2,9,12,2,9,0,4,1,0
2,9,12,2,0,0,4,1,1
0,15,9,0,4,1,4,1,0
2,15,9,2,13,0,4,1,1
3,9,12,2,3,5,1,0,1
2,9,12,4,9,1,2,0,0
2,11,8,2,5,0,4,1,0
5,15,9,2,10,0,4,1,0
2,12,13,2,3,0,4,1,1
4,5,3,2,7,5,2,0,0
1,6,4,0,10,1,2,1,0
1,9,12,2,4,0,1,1,1
2,9,12,2,11,0,4,1,1
4,9,12,2,11,0,4,1,1
4,5,3,2,11,0,4,1,0
1,12,13,2,9,0,4,1,1
2,15,9,2,0,5,2,0,1
2,8,10,2,2,0,4,1,1
5,15,9,2,3,5,4,0,1
2,9,12,4,12,1,2,0,0
2,4,2,3,6,4,4,1,0
4,11,8,2,2,0,4,1,1
2,15,9,0,7,1,4,1,0
3,15,9,2,11,0,4,1,0
2,11,8,2,8,5,2,0,0
2,12,13,4,9,4,4,0,0
4,11,8,6,7,2,4,0,0
2,4,2,4,5,1,4,1,0
2,9,12,4,7,1,1,0,0
4,9,12,2,9,0,4,1,0
2,11,8,4,5,2,2,0,0
4,12,13,0,2,1,4,1,0
2,7,11,4,11,3,4,0,0
2,11,8,2,6,0,4,1,0
2,11,8,2,2,0,4,1,0
0,15,9,5,3,1,4,0,0
4,9,12,4,9,1,2,1,1
4,11,8,2,13,0,4,1,0
2,11,8,0,7,4,4,0,0
2,11,8,2,3,0,4,1,1
2,15,9,2,11,0,4,1,1
2,2,7,4,4,3,4,1,0
2,15,9,2,7,0,4,1,0
2,11,8,2,13,0,4,1,1
2,12,13,2,9,0,4,1,1
2,15,9,0,4,1,4,1,0
2,1,6,3,11,3,1,0,0
2,11,8,2,6,0,4,1,0
2,15,9,4,12,2,4,0,0
2,15,9,4,11,3,4,1,0
2,15,9,4,9,3,4,0,0
2,9,12,4,3,1,4,1,1
3,15,9,2,11,0,4,1,1
5,5,3,6,5,1,4,0,0
5,15,9,2,10,0,2,1,1
2,12,13,2,3,0,4,1,1
2,9,12,2,3,0,4,1,1
2,4,2,2,6,0,4,1,0
3,9,12,2,3,0,4,1,1
2,11,8,0,2,4,2,0,0
2,8,10,4,6,1,4,1,0
2,11,8,2,13,0,4,1,0
2,15,9,4,2,3,4,1,0
2,15,9,2,11,0,4,1,0
3,11,8,3,4,1,4,1,0
5,15,9,0,7,1,4,1,0
2,9,12,4,0,1,4,0,0
2,15,9,4,0,4,4,0,0
2,11,8,6,0,4,4,1,0
2,9,12,2,11,0,4,1,1
2,2,7,4,0,2,2,0,0
4,15,9,4,0,1,4,0,0
2,11,8,4,5,3,4,1,0
2,15,9,4,11,3,4,1,0
2,11,8,2,8,1,4,0,0
2,1,6,2,2,0,4,1,1
2,9,12,4,9,1,4,0,0
2,11,8,2,5,0,2,1,0
2,15,9,4,5,1,4,1,0
1,12,13,4,9,1,4,0,0
2,11,8,2,6,5,4,0,1
2,15,9,2,0,5,4,0,1
2,6,4,5,6,1,4,0,0
2,15,9,6,3,1,4,0,0
2,7,11,4,5,3,4,1,0
4,11,8,2,11,0,4,1,0
2,11,8,2,0,5,4,0,1
2,11,8,2,13,0,4,1,0
2,11,8,4,0,2,2,1,0
2,0,5,4,2,1,4,1,0
2,11,8,0,7,1,4,0,0
5,10,15,0,9,4,4,0,0
2,5,3,4,0,1,4,1,0
2,9,12,2,6,0,4,1,0
2,11,8,4,0,3,4,1,0
4,15,9,2,0,0,4,1,1
2,8,10,0,12,4,4,0,0
2,11,8,2,2,0,4,1,0
2,9,12,2,2,0,4,1,1
2,1,6,2,2,0,4,1,0
2,15,9,2,2,0,4,1,0
2,11,8,6,6,4,2,0,0
2,9,12,2,3,5,4,0,1
1,10,15,2,9,5,2,0,1
2,11,8,2,2,0,4,1,0
2,7,11,3,3,4,1,0,0
2,11,8,0,13,1,4,1,0
2,11,8,6,7,4,4,0,0
2,11,8,2,6,0,4,1,1
2,1,6,4,9,3,4,1,0
1,5,3,2,13,0,4,1,0
1,15,9,2,10,0,2,1,0
2,15,9,2,12,5,4,0,1
2,7,11,4,9,2,1,0,0
2,9,12,2,12,0,4,1,1
2,11,8,2,11,0,4,1,1
2,15,9,2,2,0,1,1,0
2,11,8,2,2,0,4,1,0
2,11,8,2,0,5,4,0,1
1,15,9,5,2,1,2,1,0
2,11,8,0,2,1,4,1,0
4,11,8,2,3,0,4,1,0
0,15,9,2,0,0,4,1,0
2,9,12,2,3,0,4,1,1
2,15,9,2,12,0,4,1,1
2,8,10,2,11,0,4,1,0
2,11,8,2,0,5,4,0,0
2,12,13,2,11,0,1,1,0
2,1,6,4,11,3,4,1,0
4,11,8,2,3,0,4,1,1
2,12,13,2,9,0,4,1,1
4,11,8,4,4,3,4,1,0
2,15,9,4,7,3,1,0,0
2,2,7,4,7,2,4,1,0
2,11,8,4,2,1,4,1,0
2,9,12,2,3,5,4,0,1
2,11,8,2,2,0,4,1,0
2,8,10,2,9,0,4,1,1
4,15,9,2,4,0,4,1,0
2,9,12,3,9,1,4,0,0
4,8,10,2,3,0,4,1,0
2,11,8,0,11,1,4,0,0
2,9,12,4,11,1,4,0,1
2,9,12,2,7,0,4,1,0
4,10,15,2,9,0,4,1,1
2,11,8,2,6,0,4,1,1
2,11,8,4,11,2,4,0,0
4,11,8,0,4,3,4,1,0
2,7,11,4,0,1,4,0,0
2,1,6,4,11,3,4,0,0
2,14,14,0,3,1,4,1,0
2,8,10,0,3,3,0,0,0
2,11,8,2,13,0,4,1,0
2,11,8,2,5,0,4,1,0
5,9,12,2,4,0,4,1,1
2,15,9,4,7,3,4,0,0
2,11,8,4,7,3,4,1,0
2,15,9,2,13,0,2,1,1
2,11,8,4,5,3,4,1,0
2,11,8,0,13,1,4,1,0
2,11,8,2,13,0,2,1,0
2,9,12,4,3,3,2,1,0
4,9,12,2,3,0,4,1,0
2,11,8,4,5,1,4,1,0
2,12,13,2,13,0,4,1,0
1,10,15,2,9,5,4,0,1
2,15,9,4,7,3,4,0,0
2,11,8,2,7,5,4,0,0
4,9,12,2,11,0,4,1,0
2,9,12,2,9,0,4,1,1
2,11,8,4,9,1,4,0,0
4,12,13,2,3,0,4,1,0
0,11,8,0,0,1,4,0,0
2,15,9,2,3,5,4,0,1
2,15,9,4,6,1,4,1,0
2,9,12,0,0,1,4,1,0
2,9,12,2,11,0,2,1,0
4,11,8,4,4,1,4,1,0
2,14,14,2,9,0,4,1,1
2,1,6,4,11,3,2,0,0
3,12,13,2,3,0,4,1,1
2,11,8,4,0,4,4,1,0
2,9,12,2,3,5,4,0,1
2,9,12,4,3,1,4,1,0
2,11,8,2,3,0,4,1,0
3,14,14,2,9,0,4,1,1
2,9,12,4,12,3,1,0,0
1,11,8,2,10,0,4,1,0
2,1,6,4,11,1,4,0,0
2,4,2,0,7,4,4,0,0
2,9,12,4,3,1,4,1,1
2,11,8,4,2,1,4,1,0
2,9,12,2,6,0,4,1,1
2,1,6,4,0,3,4,0,0
4,9,12,2,11,0,4,1,1
3,15,9,2,11,0,4,1,1
2,11,8,4,11,2,4,1,0
2,9,12,2,5,0,4,1,0
2,9,12,2,11,0,4,1,1
2,5,3,2,2,0,4,1,0
2,14,14,4,3,3,4,1,0
2,8,10,5,2,1,4,1,0
3,14,14,0,9,1,4,1,1
2,11,8,4,2,3,4,1,0
2,11,8,4,7,3,4,1,0
1,12,13,0,9,4,4,0,0
1,11,8,4,7,2,4,1,0
5,9,12,4,9,1,4,1,1
2,15,9,4,11,3,2,1,0
2,15,9,3,2,4,4,1,1
2,11,8,2,2,0,4,1,1
5,11,8,2,2,0,4,1,1
2,11,8,0,5,1,4,1,0
2,0,5,0,11,2,4,0,0
0,7,11,2,0,0,4,1,1
1,9,12,2,10,0,4,1,1
2,9,12,2,3,0,4,1,0
5,9,12,4,9,1,4,0,0
2,11,8,6,7,4,2,1,0
2,9,12,2,11,0,4,1,0
5,12,13,2,3,5,4,0,0
2,9,12,6,9,4,4,0,0
1,14,14,6,9,1,4,0,0
2,11,8,4,13,4,4,1,0
2,9,12,4,2,1,4,1,0
2,11,8,2,7,0,4,1,0
1,15,9,2,2,0,4,1,0
2,11,8,4,9,1,4,1,0
4,11,8,2,4,0,4,1,0
1,1,6,0,5,4,4,1,0
2,11,8,2,2,0,4,1,0
0,10,15,2,9,0,1,1,1
1,12,13,2,9,0,4,1,1
2,15,9,2,11,0,1,1,0
2,6,4,2,2,0,2,1,0
2,10,15,6,9,1,4,1,1
2,11,8,2,13,0,0,1,0
2,11,8,4,4,3,4,1,0
2,15,9,4,2,3,4,1,0
2,9,12,2,9,0,4,1,0
5,9,12,2,9,0,4,1,1
2,15,9,5,8,2,4,0,0
2,15,9,4,9,1,4,1,0
2,11,8,4,11,3,2,0,0
0,15,9,2,9,0,0,1,0
2,9,12,4,9,1,4,0,0
2,11,8,2,2,0,4,1,1
2,15,9,4,0,4,2,0,0
2,11,8,4,3,1,4,0,0
3,8,10,0,9,1,4,1,1
5,12,13,2,0,0,0,1,1
0,11,8,3,7,4,2,1,0
5,15,9,4,2,1,4,1,0
2,15,9,0,3,1,4,0,0
2,12,13,0,3,1,4,1,1
2,11,8,5,7,1,4,0,0
2,0,5,0,6,4,2,1,0
0,9,12,0,12,1,4,1,1
2,11,8,4,7,3,4,0,0
2,1,6,4,5,3,4,1,0
2,9,12,2,9,5,4,0,0
2,12,13,2,9,0,4,1,1
1,11,8,2,10,0,4,1,1
2,6,4,4,11,3,2,1,0
3,14,14,2,9,0,4,1,1
2,11,8,4,11,3,4,1,0
2,15,9,2,12,0,4,1,0
2,11,8,2,6,0,4,1,1
1,11,8,2,2,0,4,1,0
2,11,8,2,5,0,0,1,0
0,11,8,2,13,0,4,1,0
2,15,9,0,0,4,4,0,0
1,9,12,2,9,0,4,1,1
2,11,8,2,5,0,4,1,0
2,0,5,2,13,0,4,1,0
2,11,8,5,7,2,4,1,0
5,11,8,4,0,3,2,1,0
2,9,12,2,9,0,4,1,1
2,9,12,2,9,0,4,1,1
4,10,15,2,9,0,4,1,0
2,11,8,4,4,3,4,1,0
2,11,8,2,5,0,4,1,0
1,9,12,4,0,1,4,1,0
2,15,9,4,11,3,4,1,0
2,15,9,2,3,0,4,1,1
2,11,8,2,2,0,4,1,0
5,12,13,0,3,1,4,1,0
2,11,8,2,2,3,4,1,0
2,9,12,4,3,2,4,1,0
2,9,12,4,11,1,2,1,1
2,11,8,2,6,0,4,1,0
1,15,9,4,0,3,4,0,0
2,9,12,4,3,1,4,0,0
2,15,9,4,7,1,4,0,0
4,5,3,2,4,0,4,1,0
2,11,8,4,3,4,4,1,1
2,12,13,4,12,2,4,1,0
2,9,12,0,9,1,4,0,0
2,15,9,0,2,1,4,1,0
2,11,8,2,2,0,4,1,1
2,11,8,5,2,1,4,1,0
1,11,8,4,10,3,4,1,0
2,5,3,3,13,1,4,1,0
2,8,10,2,7,0,4,1,0
3,9,12,2,11,0,4,1,1
0,15,9,4,0,2,4,1,0
1,12,13,2,9,0,4,1,0
2,9,12,2,11,0,4,1,1
4,8,10,2,4,0,4,1,0
2,15,9,4,11,1,2,1,0
4,14,14,2,9,0,4,1,1
2,15,9,2,13,0,4,1,0
2,11,8,4,7,3,4,0,0
2,15,9,0,12,4,4,1,0
2,9,12,2,11,0,4,1,1
4,9,12,0,3,1,4,0,0
2,15,9,2,5,0,4,1,0
2,1,6,0,11,4,4,0,0
2,8,10,2,6,0,4,1,0
2,15,9,4,2,1,4,1,0
2,9,12,0,3,1,4,0,0
2,4,2,5,7,4,4,0,0
4,10,15,4,9,1,4,0,1
2,11,8,0,7,4,2,0,0
2,6,4,4,2,2,4,1,0
4,11,8,2,2,0,4,1,0
2,5,3,2,3,0,4,1,1
2,9,12,2,11,0,4,1,0
4,11,8,2,2,0,4,1,1
2,7,11,0,2,4,4,0,0
2,4,2,2,6,0,3,1,0
2,11,8,2,11,0,4,1,0
3,9,12,2,3,0,4,1,1
2,15,9,4,7,3,4,0,0
2,11,8,0,2,4,4,1,0
2,9,12,6,7,4,4,0,0
2,15,9,4,7,1,4,1,0
2,15,9,4,0,3,4,0,0
2,15,9,2,12,0,2,1,1
2,15,9,4,11,3,4,1,0
2,11,8,4,6,3,4,1,0
2,15,9,0,7,1,4,0,0
2,11,8,4,0,4,4,0,0
2,11,8,4,0,1,4,1,0
2,15,9,2,0,0,4,1,1
1,9,12,4,9,3,4,0,0
2,2,7,4,7,3,4,1,0
2,1,6,2,6,0,4,1,0
2,8,10,2,0,0,4,1,0
2,15,9,6,12,1,4,0,0
2,9,12,2,12,0,1,1,1
2,0,5,2,6,0,4,1,0
1,12,13,5,9,4,4,0,0
4,11,8,0,7,2,4,0,0
2,1,6,2,6,0,4,1,0
5,9,12,2,9,5,4,0,0
2,9,12,0,3,1,4,1,0
2,15,9,4,7,3,4,0,0
2,8,10,2,12,0,4,1,1
2,11,8,0,7,1,4,0,0
2,14,14,0,9,4,4,0,0
2,0,5,2,7,0,1,1,0
2,11,8,4,0,3,4,1,0
4,11,8,2,11,0,4,1,1
2,15,9,4,0,3,4,1,0
2,11,8,4,6,3,4,1,0
1,9,12,2,9,0,4,1,1
4,15,9,4,2,3,4,1,0
2,10,15,2,9,0,4,1,1
2,11,8,4,0,3,4,1,0
2,11,8,4,2,1,4,1,0
2,12,13,2,6,0,4,1,0
2,15,9,2,12,0,4,1,1
2,9,12,2,3,0,4,1,1
2,11,8,4,5,3,4,1,0
2,11,8,0,5,4,4,0,0
2,9,12,4,11,3,4,1,0
2,2,7,4,13,2,4,1,0
4,14,14,0,9,4,4,1,1
3,9,12,2,3,0,4,1,1
2,11,8,4,11,3,4,0,0
1,15,9,2,10,0,4,1,1
2,15,9,2,11,0,4,1,0
5,9,12,2,3,0,4,1,1
5,15,9,2,9,0,4,1,1
2,9,12,0,3,4,4,0,0
0,15,9,2,0,2,4,0,0
2,12,13,2,3,0,1,1,1
2,15,9,0,11,3,2,0,0
2,11,8,4,4,1,4,1,0
3,9,12,0,4,4,4,1,0
2,15,9,2,3,3,4,0,0
2,15,9,4,0,1,2,0,0
2,8,10,2,11,0,4,1,1
5,15,9,2,10,0,4,1,1
2,15,9,4,11,1,4,1,0
2,11,8,2,3,0,4,1,1
2,1,6,2,7,5,2,0,1
2,11,8,4,7,1,4,1,0
2,11,8,2,12,0,4,1,0
4,8,10,4,9,2,4,1,0
1,7,11,4,0,3,4,0,0
2,11,8,2,2,0,4,1,0
4,11,8,0,11,1,4,0,0
2,9,12,0,0,4,4,0,0
0,15,9,3,0,3,4,0,0
2,11,8,4,2,4,4,1,0
4,11,8,2,2,0,4,1,0
2,15,9,2,3,0,4,1,0
2,15,9,4,12,3,4,0,0
5,12,13,4,9,1,4,0,0
2,11,8,0,3,1,4,0,0
1,11,8,2,7,0,2,1,0
1,15,9,0,0,4,4,0,0
2,15,9,3,0,1,2,0,0
2,9,12,2,3,0,4,1,1
2,11,8,5,3,4,4,0,0
2,9,12,2,11,0,4,1,0
2,5,3,4,6,4,4,1,0
2,15,9,2,2,0,4,1,0
2,11,8,4,6,1,4,1,0
2,11,8,2,13,0,4,1,0
2,11,8,2,11,5,2,0,0
0,14,14,2,9,0,4,1,1
2,8,10,5,9,1,4,1,0
3,4,2,2,4,0,4,1,0
2,9,12,2,11,0,4,1,0
2,9,12,0,3,3,4,1,0
2,11,8,4,6,4,4,1,0
2,15,9,4,2,2,4,1,0
3,12,13,2,11,0,4,1,1
2,12,13,2,0,0,4,1,1
2,9,12,4,9,3,4,1,0
2,11,8,2,2,0,4,1,1
2,9,12,2,11,0,4,1,1
2,8,10,4,0,3,4,0,0
2,8,10,6,3,1,4,0,0
2,11,8,4,2,1,4,1,0
2,2,7,4,4,1,0,1,0
2,9,12,2,11,0,4,1,1
4,10,15,2,9,0,4,1,1
2,15,9,2,6,0,4,1,1
2,3,1,4,8,1,4,0,0
2,10,15,0,9,1,4,0,0
2,11,8,2,6,0,1,1,0
2,6,4,4,7,4,4,1,0
2,15,9,4,2,3,4,0,0
2,15,9,0,3,4,4,0,0
2,9,12,4,3,1,4,0,0
2,11,8,6,0,1,4,0,0
2,9,12,4,7,1,4,0,0
2,11,8,2,6,0,4,1,0
3,14,14,2,9,0,4,1,1
2,11,8,4,0,1,4,0,0
2,2,7,0,4,1,4,1,0
2,15,9,4,0,3,4,1,0
2,9,12,4,9,3,1,0,0
2,6,4,4,5,3,2,1,0
2,11,8,5,0,1,2,1,0
2,15,9,2,2,0,2,1,0
2,9,12,2,9,0,4,1,0
2,5,3,6,7,4,4,1,0
1,11,8,5,13,3,4,0,0
2,11,8,0,2,1,4,1,0
3,9,12,2,3,0,1,1,1
4,15,9,2,3,0,4,1,0
2,11,8,4,7,1,2,0,0
2,15,9,2,11,5,4,0,1
2,8,10,2,2,0,4,1,0
2,2,7,0,13,2,2,1,0
2,8,10,2,3,0,4,1,0
2,15,9,2,11,0,4,1,1
2,8,10,2,12,0,4,1,1
2,5,3,4,7,3,4,1,0
2,14,14,2,9,0,4,1,1
2,11,8,4,5,1,4,1,0
4,15,9,2,2,0,4,1,0
2,11,8,5,7,4,4,0,0
2,9,12,2,9,0,1,1,1
1,10,15,2,9,0,4,1,1
4,11,8,2,4,0,4,1,1
2,15,9,4,5,3,4,1,0
2,11,8,2,2,0,4,1,0
2,11,8,6,0,4,4,0,0
2,15,9,0,0,1,4,0,0
2,9,12,4,12,1,4,0,0
2,15,9,2,2,0,4,1,0
4,9,12,2,3,5,4,0,1
2,15,9,2,0,3,2,0,1
2,11,8,2,5,0,4,1,0
2,9,12,4,0,3,4,0,1
2,12,13,2,9,0,1,1,0
2,1,6,4,7,2,4,1,0
0,15,9,2,0,0,4,1,1
2,9,12,4,9,1,4,0,0
2,13,0,2,6,0,4,1,0
2,11,8,0,0,1,2,1,0
2,9,12,4,11,1,4,0,1
2,11,8,4,0,3,4,0,0
2,11,8,2,13,0,4,1,0
2,11,8,0,0,4,4,0,0
2,15,9,4,7,3,4,0,0
2,15,9,2,12,0,4,1,0
2,11,8,2,7,0,4,1,0
2,11,8,4,0,3,4,0,0
0,15,9,0,0,4,2,0,0
5,15,9,2,2,0,4,1,0
2,7,11,4,11,3,4,1,0
2,15,9,0,0,4,4,0,0
2,7,11,2,12,0,4,1,1
2,1,6,4,7,2,4,0,0
1,9,12,2,9,5,2,0,1
2,8,10,0,11,1,4,1,0
2,5,3,2,2,0,4,1,0
2,11,8,4,5,3,2,1,0
4,8,10,0,7,4,4,0,0
2,15,9,2,3,0,2,1,0
1,11,8,2,0,0,4,1,0
2,15,9,2,0,5,4,0,1
2,12,13,2,3,0,4,1,0
2,11,8,5,7,4,2,0,0
5,6,4,2,13,0,4,1,0
2,15,9,5,0,3,4,0,0
1,12,13,4,9,1,4,0,1
2,11,8,2,9,0,4,1,0
2,9,12,0,0,4,4,0,0
3,9,12,2,7,0,1,1,1
2,15,9,5,11,4,4,0,0
2,11,8,0,0,1,4,0,0
2,11,8,0,2,1,4,1,0
2,11,8,0,6,4,4,0,0
1,12,13,2,9,5,4,0,1
2,9,12,4,7,3,2,0,0
2,15,9,4,6,1,4,1,0
2,15,9,2,11,0,4,1,1
2,11,8,4,7,3,4,0,0
2,9,12,0,3,1,4,1,0
2,11,8,2,3,0,4,1,0
5,12,13,2,0,0,4,1,1
3,15,9,2,3,0,4,1,1
2,11,8,2,3,5,2,0,0
2,11,8,2,5,0,4,1,0
4,11,8,2,2,0,4,1,0
2,11,8,2,3,0,4,1,1
2,15,9,4,0,3,1,0,0
2,9,12,4,7,1,4,1,0
2,10,15,2,9,0,4,1,1
2,11,8,2,2,0,4,1,0
2,11,8,4,11,2,2,0,0
2,15,9,0,0,4,2,0,0
2,15,9,2,2,0,4,1,0
2,11,8,2,6,0,4,1,1
2,15,9,4,2,1,4,1,0
2,11,8,4,0,1,4,0,0
2,9,12,5,9,3,3,0,0
5,10,15,2,9,5,4,0,1
5,9,12,2,9,0,4,1,1
2,15,9,0,0,4,4,0,0
2,1,6,6,0,4,4,0,0
2,15,9,4,0,1,3,0,0
4,11,8,2,4,0,0,1,0
2,1,6,4,7,3,4,0,0
2,12,13,2,3,5,4,0,1
5,9,12,2,3,0,4,1,1
2,9,12,5,9,1,2,0,1
2,15,9,0,2,4,4,1,0
2,11,8,2,2,0,4,1,0
2,15,9,4,11,1,4,1,0
2,11,8,2,13,0,4,1,1
5,11,8,0,0,4,4,0,0
2,15,9,3,0,4,4,0,0
2,11,8,2,6,0,2,1,1
2,7,11,4,5,1,4,1,0
2,11,8,2,6,0,4,1,0
2,13,0,2,2,0,1,1,0
2,11,8,2,0,5,4,0,0
1,15,9,2,0,5,2,0,0
1,12,13,4,9,1,4,0,0
5,8,10,6,3,4,2,0,0
2,9,12,3,12,4,2,0,0
2,11,8,4,11,2,4,1,0
2,11,8,2,5,0,2,1,0
4,11,8,5,2,4,4,1,0
0,8,10,0,0,4,2,0,1
2,6,4,4,5,2,2,1,0
2,11,8,4,11,1,4,0,0
2,15,9,2,3,0,4,1,0
2,15,9,2,0,5,4,0,1
2,8,10,2,2,0,4,1,0
3,11,8,2,2,0,4,1,1
2,9,12,4,3,4,4,1,0
2,15,9,4,7,3,4,1,0
2,9,12,4,3,1,4,0,0
2,14,14,4,11,1,4,0,1
2,11,8,0,0,1,4,0,0
0,15,9,0,0,1,4,1,0
3,2,7,0,2,1,4,1,0
2,11,8,2,0,5,4,0,1
0,9,12,2,9,0,4,1,1
2,1,6,4,11,3,4,0,0
2,11,8,2,3,0,4,1,0
1,12,13,2,9,5,4,0,1
4,0,5,0,7,1,2,0,0
2,15,9,2,12,0,4,1,1
1,14,14,4,3,1,4,1,1
2,9,12,2,9,0,4,1,0
2,9,12,4,0,3,1,1,0
2,15,9,2,3,5,4,0,1
0,7,11,2,2,0,4,1,0
2,11,8,4,9,1,4,0,0
1,12,13,2,3,0,4,1,1
2,15,9,2,2,0,4,1,0
2,11,8,4,5,2,4,1,0
2,5,3,2,2,0,4,1,0
2,11,8,5,7,1,2,1,0
2,15,9,4,0,3,3,0,0
4,8,10,4,7,4,4,0,0
2,12,13,4,12,1,4,1,0
0,1,6,4,6,3,4,1,0
1,15,9,3,0,4,4,0,0
2,15,9,2,13,0,4,1,0
2,15,9,4,7,3,4,0,0
4,0,5,2,3,5,4,0,0
2,11,8,2,13,0,4,1,0
2,5,3,5,5,1,4,1,0
2,9,12,4,7,1,4,1,0
2,15,9,0,0,1,4,0,0
2,1,6,2,2,0,4,1,0
2,9,12,2,11,0,4,1,0
2,11,8,5,9,2,2,0,1
1,11,8,2,2,0,4,1,0
2,15,9,0,11,4,4,0,0
2,12,13,2,11,0,4,1,1
1,9,12,4,9,4,4,1,0
2,15,9,4,7,1,1,0,0
1,7,11,2,10,0,4,1,0
2,11,8,2,13,0,4,1,0
2,15,9,2,5,0,4,1,0
2,7,11,4,5,3,2,1,0
2,15,9,2,9,0,2,1,0
2,0,5,2,11,5,4,0,0
2,11,8,0,7,1,4,1,0
2,11,8,2,6,0,4,1,0
2,9,12,4,7,1,4,0,0
2,15,9,4,11,3,4,0,0
4,11,8,4,2,3,4,1,0
2,11,8,2,3,0,4,1,0
4,11,8,2,3,0,4,1,0
2,11,8,4,5,3,4,1,0
2,11,8,2,2,0,4,1,1
2,8,10,2,0,5,4,0,0
2,15,9,4,11,1,4,0,0
2,15,9,2,13,0,4,1,1
0,11,8,0,0,1,4,0,0
2,9,12,2,3,0,4,1,1
2,11,8,2,2,0,4,1,0
2,11,8,2,9,0,4,1,0
2,15,9,0,6,3,4,1,0
0,9,12,4,13,2,4,1,0
2,15,9,2,3,0,4,1,1
2,1,6,2,2,0,4,1,0
2,11,8,4,2,4,2,0,0
2,0,5,4,2,1,4,0,0
4,11,8,2,4,0,4,1,0
2,12,13,2,11,0,4,1,0
4,11,8,2,4,5,4,0,0
4,0,5,2,4,0,4,1,0
2,9,12,2,3,0,4,1,1
1,9,12,4,9,1,1,1,0
2,7,11,2,11,0,4,1,1
2,15,9,2,5,0,4,1,0
2,11,8,6,9,1,4,0,0
2,15,9,2,2,0,4,1,0
1,9,12,4,9,1,4,1,0
2,11,8,2,6,0,4,1,0
2,0,5,4,7,1,4,1,0
2,12,13,4,9,1,4,1,0
2,15,9,0,3,4,4,0,0
2,11,8,4,11,3,4,0,0
4,15,9,0,0,4,4,0,0
2,9,12,4,3,1,4,0,0
1,9,12,2,9,0,4,1,0
2,4,2,4,6,4,4,0,0
2,12,13,4,3,1,4,1,0
2,15,9,2,11,0,4,1,0
2,7,11,4,0,1,4,0,0
2,15,9,4,7,3,4,0,0
2,9,12,2,2,0,4,1,1
2,12,13,4,9,2,4,0,0
2,11,8,4,0,4,4,0,0
2,11,8,0,13,1,4,1,0
4,8,10,2,2,0,1,1,0
2,9,12,4,3,4,4,1,0
1,12,13,2,9,0,4,1,1
4,1,6,2,2,0,4,1,0
4,15,9,0,2,1,4,1,0
2,11,8,0,2,3,4,1,0
2,0,5,4,13,3,1,1,0
5,11,8,4,13,3,4,1,0
1,12,13,2,3,0,4,1,1
2,12,13,2,11,0,4,1,0
2,11,8,5,0,3,4,0,0
2,11,8,0,13,1,4,1,1
2,15,9,2,0,0,4,1,1
2,0,5,4,4,2,4,1,0
2,11,8,2,11,5,4,0,0
2,8,10,6,9,4,1,0,0
2,15,9,6,0,1,4,0,0
2,11,8,4,0,3,4,0,0
3,15,9,0,3,4,4,1,1
2,11,8,2,7,5,2,0,0
2,7,11,2,2,0,4,1,0
2,9,12,4,3,3,4,0,0
2,11,8,4,7,1,4,0,0
2,1,6,0,2,1,4,1,0
0,11,8,2,2,0,4,1,0
2,11,8,0,12,1,4,0,0
2,11,8,0,6,4,4,1,0
2,4,2,2,4,0,1,1,0
2,0,5,4,11,2,4,1,0
2,15,9,0,0,1,2,0,1
3,12,13,2,3,0,4,1,1
2,9,12,2,9,0,4,1,1
2,11,8,4,5,3,4,1,0
2,15,9,2,2,0,4,1,0
2,11,8,2,0,5,4,0,1
2,5,3,2,2,0,4,1,0
1,12,13,2,0,0,4,1,1
2,10,15,4,9,1,4,1,0
2,9,12,2,12,0,4,1,1
2,6,4,4,6,3,4,1,0
2,11,8,0,2,1,4,1,0
1,7,11,5,0,4,4,0,0
5,11,8,2,5,0,4,1,1
2,14,14,0,9,4,4,0,0
2,9,12,4,11,2,4,1,0
2,7,11,4,0,1,4,0,0
5,11,8,2,2,0,4,1,0
2,6,4,4,6,1,4,1,0
2,15,9,2,11,0,4,1,1
1,15,9,5,0,3,2,1,0
2,9,12,2,9,0,4,1,0
1,0,5,4,7,3,4,1,0
2,15,9,4,11,3,2,0,0
2,11,8,2,7,3,2,1,0
2,11,8,2,2,0,4,1,1
4,15,9,2,7,5,4,0,0
2,9,12,4,3,3,4,0,0
4,10,15,4,9,1,4,1,1
2,8,10,2,11,0,4,1,0
2,7,11,4,2,3,4,1,0
2,9,12,4,9,1,4,1,0
2,11,8,2,3,0,4,1,0
2,1,6,2,2,0,4,1,0
2,15,9,2,12,5,4,0,1
1,8,10,0,0,1,2,0,0
2,4,2,2,6,0,4,1,0
2,9,12,4,12,1,4,1,0
2,11,8,2,6,0,4,1,0
0,15,9,4,0,3,4,1,0
2,15,9,2,6,0,4,1,0
4,9,12,2,11,0,4,1,1
2,15,9,2,3,5,2,0,1
2,7,11,0,7,4,4,0,0
2,11,8,2,2,0,4,1,1
2,11,8,4,7,1,4,1,0
2,8,10,2,12,0,4,1,0
2,9,12,3,13,1,4,1,0
2,11,8,2,13,0,2,1,0
2,11,8,0,0,3,4,1,0
3,11,8,0,2,1,4,1,0
2,9,12,4,6,1,4,1,0
2,11,8,5,5,1,2,1,0
2,11,8,0,2,1,4,1,0
4,11,8,0,11,3,4,1,0
2,9,12,4,11,1,2,0,0
2,12,13,2,3,0,4,1,1
2,11,8,4,6,3,4,1,0
2,11,8,2,5,0,4,1,1
4,9,12,2,3,0,1,1,0
2,1,6,4,7,3,4,0,0
2,8,10,2,2,0,4,1,1
0,1,6,4,0,1,2,0,0
2,15,9,0,2,4,2,1,0
0,9,12,4,12,1,2,0,0
1,9,12,0,9,1,4,1,0
2,15,9,2,9,0,4,1,1
2,6,4,4,13,1,4,1,0
5,9,12,4,0,3,4,1,0
2,9,12,4,11,3,1,1,0
2,11,8,2,2,0,1,1,0
2,2,7,4,11,3,4,1,0
1,9,12,2,9,0,4,1,1
2,11,8,2,11,0,4,1,0
2,0,5,2,2,0,4,1,0
2,11,8,0,2,4,4,1,0
5,14,14,2,9,0,4,1,1
3,14,14,2,9,0,4,1,1
0,11,8,6,7,4,4,1,0
4,9,12,2,3,0,4,1,1
2,10,15,0,9,1,4,1,1
2,0,5,5,7,4,4,0,0
2,15,9,0,7,1,4,0,0
1,15,9,4,0,1,2,0,0
3,11,8,2,9,0,4,1,0
2,3,1,2,9,0,4,1,0
2,6,4,4,11,2,3,0,0
3,15,9,2,11,0,4,1,1
2,11,8,2,5,0,2,1,0
2,15,9,6,3,1,0,0,0
2,4,2,2,13,0,1,1,0
2,8,10,2,3,0,4,1,1
1,9,12,4,0,3,1,0,0
2,11,8,2,9,0,4,1,1
2,9,12,2,2,0,4,1,1
2,9,12,4,9,1,2,0,0
2,11,8,4,11,3,4,0,0
2,11,8,4,2,3,2,1,0
2,15,9,4,12,3,4,1,0
3,9,12,2,11,0,4,1,0
1,11,8,2,2,0,4,1,0
2,1,6,2,6,0,4,1,0
5,9,12,4,9,1,4,1,0
2,15,9,4,12,3,4,0,0
2,11,8,4,3,1,4,0,0
1,1,6,0,7,4,2,0,0
2,9,12,4,7,3,4,1,0
0,9,12,4,3,1,4,1,1
2,15,9,4,11,3,4,0,0
2,11,8,2,11,0,1,1,0
2,14,14,2,9,0,4,1,1
2,4,2,2,4,0,4,1,0
2,9,12,2,9,0,2,1,1
2,11,8,4,11,3,4,0,0
0,12,13,2,9,0,4,1,1
2,11,8,2,0,0,2,1,0
2,15,9,4,3,3,4,1,0
0,11,8,4,0,3,4,1,0
2,1,6,0,7,1,4,0,0
3,14,14,2,9,0,4,1,1
0,9,12,2,3,0,4,1,1
2,0,5,2,2,0,4,1,0
2,11,8,4,11,3,4,0,0
2,15,9,2,3,0,4,1,0
1,9,12,2,9,5,4,0,0
1,11,8,0,2,4,4,1,0
2,15,9,4,5,1,4,0,0
2,1,6,0,3,4,4,0,0
2,15,9,0,7,4,4,0,0
2,11,8,2,13,0,4,1,1
2,11,8,2,11,5,4,0,0
4,5,3,2,11,0,4,1,0
2,2,7,2,2,0,4,1,1
2,15,9,4,2,1,2,1,0
2,9,12,4,9,1,4,0,0
2,7,11,0,3,1,4,0,1
5,12,13,4,9,1,4,1,0
2,11,8,0,0,1,4,0,0
2,8,10,2,9,5,4,0,1
2,15,9,2,0,5,4,0,1
1,11,8,4,5,3,2,1,0
2,1,6,4,5,3,4,1,0
5,15,9,4,9,3,4,1,0
2,2,7,4,7,3,4,0,0
2,11,8,2,7,0,4,1,0
1,8,10,0,10,3,1,1,0
2,11,8,2,2,0,4,1,1
2,11,8,2,2,0,4,1,1
2,12,13,2,9,0,4,1,1
2,11,8,4,6,3,4,0,0
2,11,8,0,9,1,4,0,0
2,12,13,2,7,0,2,1,0
2,15,9,2,9,0,4,1,1
2,11,8,2,2,0,4,1,1
4,9,12,2,3,0,4,1,1
2,5,3,2,2,0,3,1,0
5,9,12,2,3,0,4,1,1
5,11,8,2,2,0,4,1,1
4,15,9,2,2,0,4,1,0
2,8,10,4,0,1,4,0,0
5,9,12,4,9,3,2,0,0
2,8,10,2,6,0,4,1,1
2,3,1,2,2,1,4,1,0
2,11,8,0,6,1,4,1,0
2,9,12,4,0,3,4,1,0
2,1,6,5,7,4,4,1,0
2,8,10,0,0,1,4,0,0
2,11,8,2,6,0,1,1,1
3,15,9,2,3,0,4,1,1
5,12,13,4,0,1,4,0,0
2,11,8,2,2,0,4,1,0
2,8,10,0,7,4,2,0,0
2,8,10,2,2,0,1,1,1
5,12,13,0,3,4,4,0,0
3,9,12,2,11,0,4,1,1
2,15,9,4,11,4,4,0,0
2,9,12,4,3,1,4,0,0
5,11,8,2,3,0,4,1,1
2,7,11,0,12,1,4,1,0
2,15,9,6,11,1,4,0,0
2,8,10,2,2,0,4,1,1
2,5,3,0,6,4,4,0,0
2,11,8,2,2,0,2,1,0
2,15,9,4,12,2,1,1,0
4,15,9,2,2,0,4,1,0
2,9,12,2,6,0,4,1,1
4,11,8,0,11,1,2,1,0
2,15,9,4,11,4,4,1,0
2,11,8,5,11,4,4,0,0
2,9,12,2,3,0,4,1,1
2,9,12,4,11,1,1,0,0
2,7,11,1,0,5,4,0,0
2,11,8,2,2,0,4,1,1
2,15,9,2,2,0,4,1,1
3,11,8,2,13,0,4,1,1
2,15,9,4,4,2,4,0,0
1,1,6,2,7,0,2,1,0
2,9,12,2,2,0,4,1,1
2,15,9,6,0,4,4,0,0
2,15,9,2,3,0,4,1,1
5,11,8,2,3,5,4,0,0
5,9,12,4,9,1,4,1,0
4,11,8,2,4,0,4,1,1
2,5,3,4,7,3,4,1,0
2,11,8,4,5,2,4,1,0
2,9,12,4,0,3,1,0,0
4,0,5,2,3,0,4,1,0
1,2,7,2,0,5,4,0,0
2,0,5,2,13,0,4,1,0
5,10,15,4,3,1,4,0,1
4,15,9,6,13,1,4,1,0
2,11,8,0,0,3,4,0,0
2,12,13,4,11,3,2,1,0
4,11,8,0,4,1,4,1,0
2,7,11,4,9,4,2,0,0
3,8,10,2,3,0,4,1,1
2,9,12,2,6,0,4,1,0
5,9,12,4,9,1,4,1,0
1,7,11,2,4,0,4,1,0
2,12,13,2,3,0,1,1,1
2,15,9,2,3,5,4,0,1
4,9,12,1,9,0,4,1,1
2,11,8,2,5,0,4,1,0
2,6,4,0,2,4,4,0,1
2,5,3,2,6,0,4,1,0
2,11,8,0,12,1,4,0,0
2,12,13,4,5,1,4,1,0
2,9,12,2,11,0,4,1,0
4,9,12,4,2,1,0,1,0
2,11,8,2,2,0,4,1,0
2,7,11,4,9,1,4,1,0
1,12,13,4,9,1,4,1,0
5,15,9,2,3,0,4,1,0
2,11,8,2,2,0,4,1,0
2,11,8,4,5,3,4,1,0
2,8,10,4,2,3,4,1,0
2,2,7,4,7,3,4,0,0
2,9,12,0,11,1,4,0,0
2,8,10,5,12,4,2,0,0
2,7,11,4,2,1,4,1,0
4,11,8,2,2,0,4,1,0
0,11,8,2,0,0,4,1,0
4,11,8,2,2,0,4,1,0
2,4,2,2,6,0,4,1,0
1,15,9,4,0,4,2,0,0
2,11,8,2,5,0,4,1,0
2,12,13,4,9,1,4,1,0
1,11,8,2,4,0,4,1,0
5,12,13,2,9,5,4,0,1
4,9,12,2,11,0,4,1,0
2,15,9,4,10,3,4,1,0
2,9,12,2,12,0,4,1,1
2,9,12,2,3,0,4,1,1
1,12,13,0,9,4,4,0,0
2,14,14,2,9,0,4,1,1
2,11,8,0,8,2,2,0,0
2,15,9,2,3,5,4,0,1
2,15,9,4,7,3,4,0,0
2,15,9,2,3,0,4,1,1
2,12,13,4,9,1,4,1,0
1,15,9,0,0,1,4,0,0
2,8,10,4,2,2,4,1,0
2,9,12,2,9,0,4,1,0
2,11,8,4,3,3,4,1,0
2,9,12,2,9,0,4,1,1
0,9,12,5,7,4,4,0,0
4,9,12,4,4,3,4,1,0
2,11,8,4,5,1,4,1,0
2,9,12,2,11,5,4,1,0
2,9,12,2,9,0,4,1,1
2,15,9,4,0,1,4,0,0
5,11,8,4,11,1,2,0,0
2,9,12,2,12,0,4,1,1
2,8,10,2,3,5,4,0,1
1,11,8,2,3,0,4,1,0
2,13,0,6,8,2,4,0,0
2,11,8,0,0,4,4,0,0
1,11,8,0,5,1,4,1,1
2,11,8,4,13,3,2,1,0
4,11,8,2,2,0,4,1,1
4,12,13,0,9,4,4,0,0
2,15,9,4,0,1,4,0,0
3,12,13,2,9,0,4,1,1
2,9,12,2,3,0,4,1,1
2,11,8,2,3,0,4,1,1
2,15,9,4,7,2,4,0,0
0,8,10,4,2,3,4,1,0
2,5,3,2,13,0,4,1,0
3,12,13,2,11,0,4,1,1
2,0,5,4,7,3,4,1,0
2,15,9,2,0,5,2,0,1
2,12,13,5,6,4,1,0,0
2,11,8,2,11,0,4,1,0
4,11,8,5,7,4,4,0,0
2,15,9,4,12,1,4,0,0
2,11,8,0,13,1,4,1,0
2,15,9,5,7,2,2,0,0
2,11,8,0,2,1,4,1,0
3,2,7,2,11,0,3,1,0
1,15,9,2,2,0,4,1,0
0,9,12,2,0,0,4,1,1
2,1,6,0,2,3,4,1,0
2,15,9,4,7,2,4,0,0
4,15,9,4,6,1,2,1,0
2,0,5,4,7,2,4,1,0
2,0,5,4,7,3,4,1,0
2,11,8,2,13,0,4,1,1
2,11,8,0,0,3,4,0,0
5,9,12,0,9,4,4,0,0
4,15,9,4,9,1,4,1,0
2,15,9,2,3,5,4,0,1
1,11,8,6,7,4,4,0,0
4,15,9,2,4,0,4,1,0
2,7,11,5,0,1,4,0,0
2,8,10,4,0,3,4,0,0
2,15,9,4,7,1,4,0,0
2,9,12,4,3,1,4,0,0
2,9,12,2,9,0,4,1,0
0,11,8,4,0,1,2,0,0
0,9,12,4,3,1,2,1,0
2,15,9,2,6,0,0,1,0
5,15,9,4,4,3,4,1,0
2,11,8,2,3,0,4,1,1
4,11,8,2,4,0,4,1,0
0,9,12,2,3,0,4,1,1
2,9,12,2,2,0,1,1,1
2,9,12,4,11,1,4,0,0
2,11,8,2,3,5,4,0,1
2,11,8,2,3,0,4,1,1
2,15,9,2,11,0,4,1,1
4,9,12,2,3,0,4,1,1
1,15,9,2,10,0,4,1,0
0,12,13,6,9,1,4,0,0
1,11,8,0,5,1,2,0,0
2,12,13,2,3,0,4,1,1
2,0,5,2,7,0,2,1,0
2,11,8,2,13,0,4,1,0
4,5,3,2,2,0,4,1,0
2,11,8,4,13,3,4,1,0
2,8,10,0,3,1,4,1,1
2,9,12,4,11,1,4,0,0
2,7,11,4,11,3,4,1,0
2,11,8,2,12,0,4,1,0
2,11,8,2,11,0,4,1,0
2,15,9,0,3,1,4,0,0
1,13,0,4,0,3,2,0,0
2,11,8,2,2,0,4,1,0
5,12,13,2,9,0,1,1,0
2,9,12,0,3,1,1,0,0
5,12,13,2,3,0,4,1,1
2,11,8,2,6,0,4,1,0
2,15,9,4,12,3,2,1,0
4,15,9,4,7,1,4,1,0
2,9,12,6,9,4,4,0,0
4,11,8,2,5,0,4,1,0
2,15,9,4,0,3,4,0,0
2,11,8,2,10,0,4,1,1
2,2,7,4,11,3,4,0,0
2,11,8,2,12,0,4,1,1
2,11,8,2,5,0,4,1,0
2,12,13,4,9,1,4,0,0
1,11,8,2,10,5,4,0,0
4,15,9,2,4,0,4,1,0
2,0,5,4,7,4,4,0,0
2,15,9,2,13,0,4,1,0
2,11,8,4,6,3,4,1,0
4,11,8,4,4,3,4,1,0
2,11,8,5,6,1,4,0,0
2,11,8,6,13,1,4,1,0
5,1,6,2,2,0,4,1,0
2,9,12,2,12,0,4,1,0
2,9,12,2,6,0,3,1,0
2,1,6,4,7,3,4,1,0
2,11,8,2,0,0,4,1,0
2,11,8,4,5,2,4,1,0
4,11,8,2,3,0,4,1,0
2,12,13,2,3,0,4,1,1
0,15,9,2,3,0,2,1,0
2,15,9,5,0,4,4,0,0
2,11,8,2,9,0,4,1,1
2,9,12,4,11,3,4,1,0
2,9,12,4,11,3,2,1,0
2,9,12,2,3,0,3,1,0
2,11,8,2,3,0,4,1,1
2,7,11,4,2,1,4,1,0
2,15,9,2,2,0,4,1,0
4,11,8,2,3,0,4,1,0
2,11,8,2,5,0,4,1,1
2,11,8,2,2,0,4,1,0
4,1,6,4,2,3,4,1,0
2,9,12,2,9,0,4,1,0
5,11,8,0,0,3,2,0,0
2,8,10,4,2,3,2,1,0
2,15,9,4,2,1,4,1,0
2,15,9,2,9,0,4,1,0
2,15,9,6,0,4,4,0,0
4,10,15,2,9,0,4,1,0
2,2,7,4,6,1,2,0,0
4,5,3,2,7,0,4,1,0
2,9,12,3,7,1,3,1,0
2,8,10,0,12,1,4,0,0
2,9,12,2,9,0,4,1,1
2,9,12,4,0,3,1,0,0
5,11,8,2,10,0,4,1,1
2,0,5,4,7,4,2,0,0
4,9,12,5,2,4,4,1,0
2,11,8,4,7,1,4,0,0
2,9,12,2,11,0,4,1,1
2,11,8,2,2,0,4,1,0
2,8,10,2,11,0,4,1,1
2,8,10,5,10,1,4,0,0
2,11,8,4,6,3,4,1,0
2,15,9,4,11,1,4,1,0
2,11,8,0,3,1,4,1,0
2,12,13,2,9,5,1,0,1
2,4,2,2,7,0,4,1,0
2,9,12,2,11,0,4,1,1
2,1,6,2,2,0,4,1,0
0,9,12,2,0,0,4,1,1
2,15,9,2,2,0,4,1,0
4,11,8,2,0,0,4,1,0
2,15,9,4,0,4,2,0,0
2,11,8,2,7,5,1,0,0
2,15,9,0,2,1,4,1,0
2,0,5,5,6,1,2,1,0
2,11,8,4,0,1,4,0,0
2,9,12,2,11,0,4,1,0
2,9,12,2,3,0,4,1,0
2,12,13,2,3,0,4,1,0
3,9,12,2,3,0,4,1,1
2,11,8,2,11,0,2,1,0
2,8,10,0,12,4,2,0,0
2,15,9,2,0,5,4,0,0
2,15,9,0,3,1,4,1,0
5,15,9,4,0,3,1,0,0
1,8,10,2,10,0,2,1,0
4,12,13,2,3,0,4,1,1
2,9,12,2,11,0,4,1,0
2,15,9,4,7,3,4,1,0
2,11,8,2,2,0,4,1,0
5,9,12,0,9,1,4,1,1
2,1,6,0,7,4,4,0,0
2,0,5,4,2,4,4,1,0
2,15,9,4,7,3,2,0,0
3,9,12,2,11,0,4,1,1
4,4,2,2,5,0,4,1,0
2,11,8,2,11,0,4,1,0
2,14,14,2,3,0,4,1,1
2,15,9,4,10,3,2,0,0
3,15,9,2,3,0,4,1,0
5,9,12,2,3,0,1,1,0
2,11,8,0,11,4,4,0,0
4,11,8,2,2,0,4,1,0
2,15,9,0,3,1,4,1,0
2,9,12,0,3,1,4,1,0
0,11,8,2,0,0,4,1,0
4,9,12,4,9,3,2,0,0
2,1,6,2,4,0,4,1,0
2,1,6,0,11,4,4,1,0
2,11,8,2,2,0,4,1,1
2,15,9,4,7,3,4,1,0
5,11,8,2,2,0,4,1,0
2,10,15,2,9,0,4,1,1
2,7,11,4,6,3,4,1,0
2,9,12,0,11,1,4,0,0
2,11,8,2,13,0,2,1,0
2,11,8,4,6,1,4,0,0
5,11,8,2,10,0,4,1,0
2,11,8,2,2,0,4,1,1
2,11,8,4,7,3,4,1,0
2,12,13,4,0,1,4,0,0
5,4,2,2,13,0,4,1,0
2,9,12,4,0,3,4,1,0
2,4,2,4,5,2,4,1,0
1,11,8,2,10,0,4,1,1
2,11,8,4,7,1,2,0,0
2,2,7,2,13,0,4,1,0
2,11,8,4,2,1,2,1,0
2,15,9,2,11,0,4,1,1
2,1,6,4,5,3,4,1,0
2,14,14,2,3,0,4,1,1
2,11,8,6,8,1,4,0,0
2,11,8,4,7,3,4,0,0
2,0,5,4,7,3,4,0,0
0,15,9,6,3,1,4,0,0
0,11,8,2,2,0,4,1,1
2,11,8,4,5,3,4,0,0
2,11,8,2,6,0,4,1,0
2,4,2,0,2,1,4,1,0
0,9,12,4,3,1,4,0,0
2,9,12,4,7,3,2,0,0
5,11,8,0,3,4,4,0,0
2,11,8,2,2,5,4,0,1
2,0,5,4,7,3,4,0,0
4,15,9,4,2,1,4,1,0
2,9,12,4,0,3,4,0,0
2,14,14,2,9,5,4,0,1
2,12,13,4,3,1,1,1,0
2,9,12,2,3,0,4,1,1
0,15,9,2,3,0,4,1,1
2,12,13,0,3,1,4,0,1
2,15,9,6,0,2,4,0,0
2,9,12,2,3,0,4,1,1
2,11,8,2,6,0,2,1,1
2,9,12,2,0,0,4,1,0
2,15,9,4,7,3,4,0,0
2,5,3,2,4,0,4,1,0
2,15,9,2,11,0,4,1,0
5,9,12,4,9,3,4,0,0
2,11,8,2,3,0,4,1,1
2,7,11,4,6,1,4,1,0
4,15,9,2,11,0,4,1,0
2,8,10,5,2,1,4,1,1
2,15,9,4,0,3,4,0,0
2,11,8,2,13,5,2,0,0
2,9,12,2,9,0,4,1,1
2,8,10,2,11,0,4,1,0
2,15,9,4,2,3,4,0,0
2,11,8,2,7,0,3,1,0
2,15,9,2,5,0,4,1,0
3,9,12,2,11,3,4,1,1
2,9,12,0,3,4,4,0,0
2,14,14,0,11,1,4,1,0
2,15,9,4,0,1,4,0,0
2,9,12,4,3,1,2,0,1
2,9,12,2,2,0,4,1,1
4,9,12,0,11,1,4,1,0
2,8,10,4,0,1,4,0,0
2,7,11,2,2,0,4,1,0
2,11,8,0,5,4,4,0,0
2,15,9,2,11,0,4,1,0
2,11,8,2,11,0,4,1,0
2,11,8,0,7,4,4,1,0
2,2,7,2,11,0,1,1,1
2,6,4,5,6,4,4,0,0
2,11,8,0,6,1,4,0,0
2,11,8,4,7,1,4,1,0
2,15,9,2,2,0,4,1,1
2,1,6,2,4,0,4,1,0
2,11,8,4,7,3,4,0,0
2,4,2,4,7,1,4,1,0
2,9,12,2,12,0,4,1,0
1,15,9,4,0,1,4,0,0
2,15,9,2,6,0,4,1,0
2,9,12,2,5,0,4,1,0
2,9,12,2,3,0,4,1,1
2,15,9,4,11,3,0,0,0
4,5,3,4,4,1,4,1,0
2,9,12,2,3,0,4,1,1
2,1,6,4,11,4,4,0,0
2,1,6,4,5,3,4,1,0
2,15,9,0,7,1,4,0,0
1,15,9,2,0,5,4,0,0
2,4,2,2,5,0,3,1,0
2,9,12,4,7,1,4,1,0
2,11,8,2,3,0,4,1,1
4,7,11,4,2,1,4,1,0
2,11,8,0,0,4,4,1,0
2,11,8,4,2,1,4,1,0
2,4,2,2,7,0,1,1,0
2,9,12,4,7,1,4,1,0
2,11,8,4,7,3,4,1,0
2,15,9,2,6,0,4,1,1
2,11,8,2,2,0,4,1,0
2,9,12,5,9,4,4,0,0
4,8,10,0,2,1,4,1,0
2,9,12,2,9,5,1,0,1
2,15,9,4,3,1,4,0,0
2,15,9,2,2,0,4,1,1
2,2,7,4,5,1,4,1,0
2,11,8,4,2,2,4,1,0
2,11,8,2,2,0,4,1,0
2,3,1,4,5,2,4,1,0
2,9,12,2,11,5,2,0,1
2,11,8,4,0,1,4,0,0
2,11,8,2,6,0,2,1,0
2,11,8,0,5,1,4,1,0
2,0,5,2,7,5,4,0,0
3,15,9,2,2,0,4,1,0
2,11,8,4,6,4,4,1,0
2,15,9,4,2,1,4,0,0
2,4,2,3,2,2,4,1,0
2,9,12,4,9,1,4,0,0
4,15,9,2,4,0,4,1,1
2,2,7,4,5,1,4,1,0
0,11,8,2,6,0,4,1,1
2,11,8,2,2,0,4,1,0
2,8,10,4,0,1,4,0,0
2,15,9,2,11,0,4,1,1
2,15,9,2,2,0,4,1,0
2,1,6,4,7,1,2,1,0
2,11,8,4,13,2,4,1,0
2,11,8,4,2,3,4,1,0
2,5,3,0,2,1,4,1,0
4,11,8,4,7,4,4,0,0
2,1,6,0,7,4,4,0,0
2,7,11,0,9,1,4,0,0
2,15,9,2,11,0,4,1,0
3,9,12,5,2,3,4,1,0
2,15,9,2,3,0,4,1,0
4,15,9,2,3,0,4,1,1
2,9,12,4,9,3,4,1,0
2,5,3,2,2,0,4,1,0
2,5,3,2,6,0,4,1,0
2,11,8,5,3,4,4,0,0
2,11,8,2,2,0,4,1,1
2,9,12,4,11,1,4,1,0
2,8,10,2,0,0,4,1,0
4,15,9,2,2,0,4,1,1
2,1,6,5,4,2,4,1,0
2,11,8,2,6,0,4,1,1
4,11,8,2,4,0,4,1,0
2,11,8,2,3,0,4,1,0
2,9,12,2,9,0,4,1,1
4,7,11,2,2,1,4,1,1
2,11,8,2,13,0,4,1,1
1,15,9,4,0,1,4,0,0
2,15,9,5,9,3,4,1,0
2,11,8,0,3,4,4,0,0
2,12,13,2,3,0,4,1,1
2,11,8,2,3,0,4,1,1
3,15,9,2,11,0,4,1,0
3,11,8,2,11,0,4,1,1
2,11,8,2,5,0,2,1,0
2,6,4,2,6,0,4,1,0
2,11,8,6,11,1,4,1,0
2,15,9,2,9,0,4,1,1
4,15,9,2,4,0,4,1,0
2,15,9,2,13,0,4,1,0
4,14,14,2,9,0,4,1,0
2,1,6,0,7,1,4,0,0
2,9,12,4,0,3,4,0,0
2,11,8,5,6,1,4,1,0
2,8,10,2,6,0,4,1,1
2,15,9,4,7,3,4,0,0
2,12,13,2,3,0,4,1,1
2,8,10,4,7,4,0,0,0
2,8,10,0,9,3,2,1,0
2,8,10,2,2,0,4,1,0
2,15,9,0,5,3,4,1,0
2,11,8,0,0,4,2,0,0
4,11,8,2,2,0,4,1,0
2,2,7,4,5,3,4,1,0
2,9,12,4,0,3,4,1,0
1,7,11,2,10,0,4,1,1
5,9,12,4,9,1,4,0,0
3,9,12,2,3,0,4,1,1
2,7,11,2,12,0,4,1,1
1,0,5,2,7,0,4,1,0
2,12,13,2,3,0,4,1,1
2,12,13,2,9,0,4,1,1
5,12,13,2,9,0,4,1,1
2,9,12,2,3,0,4,1,1
2,15,9,2,11,0,4,1,1
2,9,12,4,11,3,1,1,0
2,11,8,2,6,0,3,1,0
2,15,9,4,9,3,4,1,0
2,9,12,2,11,0,4,1,0
2,11,8,4,0,4,4,0,1
2,11,8,2,3,0,4,1,0
2,0,5,2,11,0,4,1,0
2,12,13,4,3,1,4,1,1
2,11,8,0,7,1,4,0,0
3,7,11,2,2,0,4,1,0
3,11,8,0,3,1,4,1,1
1,9,12,2,9,0,4,1,1
2,9,12,4,11,3,4,0,0
2,9,12,4,9,1,4,0,0
2,11,8,2,4,0,4,1,0
2,11,8,2,11,0,4,1,0
2,1,6,4,5,3,4,1,0
2,12,13,2,9,0,1,1,1
2,9,12,4,2,1,4,1,0
2,8,10,4,0,3,4,0,0
2,7,11,6,0,4,4,0,0
2,15,9,4,0,2,4,0,0
1,15,9,2,3,0,4,1,1
2,8,10,4,0,1,4,0,0
2,9,12,2,9,0,4,1,1
2,11,8,4,7,1,4,0,0
2,7,11,4,7,3,4,1,0
2,11,8,2,9,5,2,0,0
2,8,10,4,12,1,2,0,0
2,8,10,2,10,0,2,1,1
2,1,6,4,11,3,2,0,0
2,11,8,2,7,0,2,1,0
2,11,8,3,7,4,4,0,0
2,11,8,6,13,4,4,1,0
0,12,13,2,3,0,4,1,1
2,0,5,4,7,3,4,1,0
2,11,8,2,3,0,4,1,0
2,0,5,4,11,3,4,0,0
2,11,8,4,5,3,4,1,0
2,0,5,2,2,0,4,1,0
2,11,8,4,6,1,4,1,0
2,1,6,4,7,1,4,0,0
5,12,13,4,9,2,4,0,0
2,9,12,4,11,3,4,1,0
2,15,9,4,13,1,4,1,0
2,11,8,2,2,0,4,1,0
2,5,3,2,6,0,4,1,0
2,12,13,2,9,0,4,1,1
2,11,8,2,2,0,4,1,1
5,8,10,6,9,4,4,0,0
4,11,8,0,4,2,4,1,0
2,4,2,4,6,3,4,0,0
2,5,3,4,6,1,1,1,0
2,9,12,2,0,0,4,1,0
2,15,9,4,7,1,4,1,0
2,15,9,2,3,0,4,1,0
2,1,6,4,5,3,4,1,0
2,7,11,4,9,1,2,0,0
1,12,13,0,9,1,4,0,0
2,12,13,2,3,0,4,1,1
2,4,2,2,5,0,4,1,0
2,11,8,2,11,0,4,1,0
2,2,7,0,13,1,4,1,1
2,11,8,6,13,4,4,1,0
2,11,8,0,3,4,4,0,0
2,9,12,2,2,0,4,1,0
2,11,8,2,9,0,4,1,1
2,15,9,2,0,5,4,0,1
2,15,9,2,2,0,4,1,0
2,11,8,0,6,1,2,1,1
2,11,8,2,2,0,4,1,0
2,15,9,2,3,0,4,1,0
2,15,9,0,11,1,4,0,0
2,9,12,4,3,1,4,0,0
4,11,8,2,4,0,4,1,0
2,15,9,0,0,4,4,0,0
6,11,8,2,7,0,4,1,0
2,4,2,2,7,0,4,1,0
2,15,9,4,11,3,4,1,0
2,8,10,2,2,0,4,1,1
2,7,11,2,2,0,4,1,0
2,9,12,5,0,4,4,0,0
2,9,12,2,11,0,4,1,1
2,15,9,2,9,0,2,1,0
2,9,12,4,0,1,4,0,0
2,9,12,4,11,1,4,0,0
4,14,14,2,9,0,4,1,1
2,11,8,2,3,0,4,1,1
2,0,5,4,11,3,2,0,0
2,8,10,0,7,4,4,0,0
2,6,4,4,5,3,4,1,0
4,9,12,2,4,0,4,1,0
2,1,6,4,11,1,4,0,0
2,11,8,2,13,0,4,1,0
2,7,11,2,0,0,4,1,1
0,15,9,2,3,0,2,1,1
2,12,13,4,3,1,2,0,1
2,1,6,4,11,3,4,1,0
2,4,2,2,13,0,2,1,0
4,12,13,0,9,1,4,0,0
2,15,9,4,7,1,4,0,0
2,11,8,5,5,1,4,1,0
2,11,8,2,2,0,4,1,0
2,1,6,2,5,0,4,1,1
2,11,8,2,9,0,4,1,1
2,14,14,0,9,4,4,0,0
2,15,9,4,9,1,4,0,0
2,9,12,2,0,2,4,0,0
2,2,7,0,6,1,2,0,0
2,11,8,2,2,0,4,1,0
2,9,12,2,11,0,4,1,1
2,12,13,4,9,1,4,0,0
4,11,8,2,4,0,4,1,0
2,0,5,5,0,4,4,0,0
2,5,3,2,9,0,2,1,0
4,11,8,6,0,4,4,0,0
2,15,9,0,2,1,4,1,0
2,11,8,5,5,4,1,0,0
2,15,9,4,0,3,4,1,0
5,15,9,0,0,1,4,0,0
2,15,9,4,11,3,4,0,0
2,15,9,2,7,0,4,1,0
2,11,8,0,12,3,1,0,0
4,15,9,0,7,1,4,0,0
2,15,9,4,7,1,4,1,0
2,15,9,2,3,0,2,1,0
2,12,13,2,3,0,4,1,0
2,9,12,2,11,0,4,1,1
2,15,9,2,2,0,4,1,1
2,15,9,4,11,1,4,1,0
2,2,7,4,5,1,4,1,0
4,11,8,2,2,0,4,1,1
2,15,9,4,7,1,1,1,0
2,15,9,4,6,2,4,1,0
2,11,8,2,2,0,4,1,0
2,15,9,4,3,1,4,0,0
0,11,8,2,13,0,4,1,0
2,11,8,0,2,4,4,1,0
2,9,12,2,3,0,4,1,1
2,12,13,4,9,1,4,0,0
2,15,9,4,7,3,4,0,0
4,11,8,3,7,4,2,0,0
1,9,12,0,9,4,4,0,0
2,11,8,4,11,4,4,0,0
2,10,15,2,3,0,4,1,1
2,11,8,4,7,1,4,1,0
5,15,9,4,2,3,4,1,0
2,7,11,4,3,1,4,1,0
0,11,8,2,0,0,4,1,1
4,9,12,2,0,0,4,1,1
4,11,8,0,13,1,4,1,0
2,9,12,2,11,0,4,1,1
2,9,12,2,9,5,4,0,1
2,15,9,4,11,3,4,0,0
2,15,9,2,11,0,4,1,1
1,15,9,4,10,3,1,0,0
0,9,12,4,3,1,4,0,0
2,9,12,4,0,3,4,0,0
2,11,8,4,4,1,4,1,0
2,11,8,4,13,3,4,1,0
2,1,6,4,2,4,4,1,0
2,9,12,4,11,1,4,1,0
0,14,14,5,9,4,4,0,1
2,14,14,2,9,0,4,1,1
2,15,9,0,6,4,2,0,0
2,12,13,5,12,1,4,1,1
2,14,14,2,3,0,4,1,1
2,12,13,2,9,0,4,1,1
2,12,13,2,3,0,4,1,1
2,7,11,2,3,0,4,1,1
4,15,9,6,6,1,4,0,0
3,12,13,2,9,0,1,1,0
2,15,9,2,2,0,4,1,0
2,15,9,4,4,3,4,1,0
2,11,8,2,6,0,4,1,1
2,11,8,2,13,0,4,1,0
2,12,13,4,9,2,1,0,0
4,9,12,2,11,0,4,1,1
2,11,8,2,2,0,4,1,0
0,15,9,2,0,0,4,1,1
2,11,8,4,7,4,4,0,0
2,15,9,0,12,4,4,0,0
2,15,9,0,0,3,2,0,0
2,5,3,2,6,5,4,0,0
2,9,12,2,3,0,4,1,0
5,9,12,0,9,4,4,0,0
2,11,8,4,7,1,4,1,0
2,11,8,2,2,0,4,1,0
2,1,6,4,11,3,4,0,0
4,15,9,2,11,0,4,1,0
2,11,8,0,10,1,4,1,0
2,2,7,2,2,0,4,1,1
2,11,8,4,0,3,4,0,0
2,11,8,4,13,3,4,1,0
1,11,8,2,0,5,4,0,1
1,11,8,4,7,1,2,1,0
5,15,9,0,13,4,4,1,0
2,14,14,4,9,1,4,0,0
2,11,8,4,7,3,4,1,0
2,15,9,2,0,0,1,1,0
2,15,9,0,0,4,4,1,0
0,7,11,4,9,1,4,1,1
2,11,8,2,0,0,4,1,0
2,5,3,2,2,0,4,1,1
2,11,8,2,13,0,4,1,0
2,11,8,0,0,1,4,0,0
2,6,4,4,7,3,0,1,0
2,15,9,4,7,3,4,0,0
2,9,12,2,9,5,4,0,1
2,11,8,0,0,4,4,0,0
2,0,5,2,13,0,4,1,0
2,11,8,2,0,3,4,1,0
2,9,12,4,0,3,4,0,0
2,15,9,0,0,1,4,1,0
2,1,6,4,11,3,4,1,0
2,9,12,2,3,0,4,1,1
2,8,10,2,6,0,4,1,0
2,12,13,2,3,0,4,1,1
0,11,8,2,12,0,4,1,1
2,11,8,2,6,0,4,1,0
2,11,8,0,6,4,4,0,0
4,5,3,4,2,1,4,1,0
2,15,9,4,2,1,4,1,0
2,1,6,0,2,1,4,1,0
2,15,9,2,13,0,2,1,0
2,9,12,0,5,3,2,1,0
5,15,9,4,7,3,2,0,0
2,4,2,4,6,1,4,1,0
3,15,9,2,11,0,4,1,1
2,9,12,4,11,3,2,0,0
2,15,9,4,7,3,4,1,0
2,9,12,2,3,0,4,1,1
2,15,9,4,11,2,2,0,0
2,11,8,0,2,4,4,1,0
4,9,12,2,2,0,4,1,0
4,9,12,2,2,0,4,1,0
0,11,8,2,9,5,2,0,0
2,11,8,0,2,1,4,1,1
2,15,9,2,3,0,4,1,1
2,11,8,4,7,3,4,0,0
2,12,13,2,7,0,4,1,1
2,11,8,2,2,0,4,1,0
2,9,12,2,5,0,4,1,0
2,11,8,4,0,3,2,0,0
2,9,12,4,11,1,4,1,0
2,15,9,2,0,5,4,0,0
2,11,8,0,13,1,4,1,0
1,15,9,2,3,0,4,1,0
5,15,9,2,9,0,4,1,0
2,11,8,4,7,4,4,0,0
2,8,10,2,7,0,4,1,0
1,15,9,4,5,3,4,1,0
2,12,13,0,11,1,4,1,1
4,11,8,2,9,0,4,1,0
2,15,9,2,13,0,4,1,1
2,9,12,2,0,2,1,1,0
2,15,9,4,13,2,4,1,0
4,9,12,2,3,5,4,0,1
2,9,12,2,12,0,4,1,1
2,8,10,4,0,1,4,0,0
2,5,3,6,7,1,4,0,0
2,11,8,2,2,0,4,1,0
2,12,13,4,3,1,4,0,0
2,11,8,2,6,0,4,1,0
2,4,2,2,2,0,4,1,0
1,9,12,2,9,0,4,1,1
1,8,10,5,0,3,2,0,0
2,11,8,4,13,1,4,1,0
2,11,8,2,11,0,4,1,0
2,11,8,4,6,1,4,1,0
4,12,13,2,3,0,4,1,1
2,11,8,4,11,1,4,1,0
2,5,3,4,6,3,4,0,0
2,7,11,4,12,1,4,0,0
2,11,8,4,0,2,4,0,0
2,11,8,5,4,4,4,0,0
2,4,2,2,6,5,1,0,1
2,15,9,4,11,2,4,1,0
2,11,8,4,0,1,4,1,0
2,11,8,3,3,1,4,0,0
2,15,9,2,6,0,4,1,0
2,15,9,4,7,1,4,1,0
2,11,8,2,2,0,4,1,0
2,7,11,2,12,0,4,1,0
2,15,9,4,3,3,4,0,0
2,11,8,4,5,1,2,1,0
2,3,1,2,13,0,4,1,0
2,11,8,4,11,3,4,0,0
2,15,9,4,11,1,4,0,0
2,11,8,4,7,1,4,1,0
2,7,11,4,0,1,4,0,0
1,15,9,4,9,3,4,0,0
2,11,8,2,5,0,4,1,1
2,9,12,4,12,1,4,1,0
2,15,9,4,11,1,4,0,0
2,8,10,4,11,2,2,1,0
2,15,9,6,11,1,4,0,0
2,9,12,2,3,0,4,1,1
2,15,9,2,4,0,4,1,0
4,11,8,4,7,1,4,0,0
4,11,8,4,2,3,4,1,0
2,5,3,2,6,0,4,1,0
2,15,9,4,7,1,2,0,0
2,15,9,4,11,3,4,0,0
4,9,12,0,2,1,4,1,0
2,8,10,0,3,4,4,0,0
2,0,5,0,7,1,4,1,0
2,11,8,2,6,5,4,0,0
0,7,11,0,0,1,4,0,0
2,15,9,4,5,1,2,1,0
2,11,8,2,2,0,4,1,0
2,11,8,2,2,0,4,1,0
2,15,9,0,6,4,4,0,0
2,11,8,4,2,2,1,1,0
2,11,8,4,0,1,4,1,1
2,11,8,0,0,4,4,0,0
2,11,8,5,2,1,2,1,0
2,9,12,4,11,1,4,1,1
2,3,1,6,6,4,4,0,0
2,6,4,4,5,1,2,1,0
2,9,12,2,11,0,4,1,1
2,11,8,2,11,5,4,0,1
2,11,8,2,11,0,3,1,0
2,15,9,2,3,0,4,1,0
2,9,12,2,3,0,4,1,1
3,9,12,2,3,0,4,1,1
1,15,9,2,7,0,4,1,1
2,9,12,4,3,3,4,0,0
2,8,10,3,2,4,4,1,0
2,2,7,4,2,2,4,1,0
2,5,3,4,0,3,4,1,0
1,9,12,4,9,3,2,1,0
2,2,7,4,7,3,4,0,0
1,12,13,2,9,0,4,1,1
2,11,8,4,7,4,2,0,0
2,11,8,4,7,1,2,0,0
2,11,8,6,7,4,2,0,0
2,12,13,2,3,5,4,0,1
2,5,3,2,13,0,2,1,0
2,11,8,2,13,0,4,1,1
5,10,15,2,9,0,4,1,1
2,9,12,2,3,0,4,1,0
2,11,8,4,0,4,2,0,0
2,9,12,4,3,1,4,1,1
2,11,8,5,7,4,2,0,0
2,11,8,4,13,3,4,1,0
4,11,8,2,3,0,4,1,0
2,0,5,4,11,3,4,0,0
2,11,8,4,5,3,2,1,0
3,9,12,4,9,1,4,0,1
2,15,9,4,0,1,4,0,0
2,11,8,4,6,1,4,1,0
2,15,9,2,9,0,4,1,0
2,11,8,2,0,5,4,0,1
2,15,9,2,11,0,4,1,0
2,11,8,4,2,3,4,1,0
4,2,7,2,3,0,4,1,1
2,11,8,6,11,4,4,0,0
2,15,9,2,2,0,2,1,0
2,9,12,2,0,5,4,0,1
2,15,9,4,0,3,4,0,0
2,0,5,2,3,0,4,1,1
2,15,9,4,0,4,2,0,0
2,5,3,4,6,3,4,0,0
5,15,9,2,0,0,4,1,1
2,11,8,2,13,0,4,1,0
2,14,14,0,12,1,4,0,0
2,11,8,4,0,1,4,1,0
2,9,12,4,3,1,4,0,0
2,5,3,2,7,5,4,0,0
2,9,12,2,3,0,4,1,1
1,7,11,4,2,3,4,1,0
1,9,12,2,9,0,4,1,0
2,9,12,4,12,3,4,0,0
2,11,8,4,5,2,4,1,0
2,3,1,2,4,0,4,1,0
5,15,9,4,7,1,4,1,0
2,9,12,2,11,0,2,1,1
2,11,8,0,0,4,4,0,0
2,12,13,2,9,0,4,1,1
2,11,8,2,13,0,4,1,0
2,12,13,0,12,1,4,1,1
2,11,8,0,2,1,4,1,0
2,11,8,0,5,4,4,1,0
2,9,12,4,7,1,4,1,0
4,8,10,2,4,0,4,1,0
2,11,8,0,2,1,4,1,0
2,6,4,0,13,1,2,1,0
2,11,8,0,2,2,4,1,0
4,15,9,2,3,0,0,1,0
2,15,9,4,0,3,4,0,0
2,11,8,2,6,0,4,1,0
2,9,12,2,11,0,4,1,1
2,15,9,4,7,3,4,0,0
2,11,8,2,13,0,4,1,0
2,11,8,4,6,3,4,0,0
1,12,13,2,9,5,4,0,1
1,9,12,2,10,0,2,1,1
2,9,12,2,3,0,4,1,1
4,11,8,2,4,0,4,1,0
2,9,12,4,9,3,4,1,0
2,11,8,2,6,0,4,1,0
2,11,8,2,3,0,4,1,0
2,1,6,4,11,3,2,0,0
2,11,8,3,7,4,4,0,0
2,15,9,0,2,1,2,1,0
5,11,8,0,3,4,4,0,0
2,1,6,0,7,4,2,0,0
2,9,12,6,8,4,4,0,1
5,10,15,4,3,1,4,0,1
2,11,8,2,2,0,4,1,1
0,10,15,6,3,1,4,1,1
5,15,9,0,7,4,4,1,0
3,15,9,2,3,0,4,1,0
2,15,9,2,7,0,4,1,0
4,9,12,4,12,1,4,0,0
2,11,8,2,3,0,4,1,0
2,15,9,2,3,0,4,1,0
2,1,6,2,13,0,4,1,0
2,12,13,2,3,0,4,1,1
4,11,8,2,4,0,4,1,0
2,15,9,2,9,0,4,1,0
2,11,8,2,2,0,4,1,0
2,15,9,2,11,0,4,1,0
2,11,8,4,9,1,4,1,0
2,11,8,2,9,0,4,1,0
2,11,8,4,0,1,4,0,0
2,15,9,2,3,0,4,1,0
2,15,9,4,0,4,1,0,0
2,14,14,2,11,0,4,1,0
2,14,14,2,9,0,4,1,1
2,15,9,2,6,0,4,1,0
3,15,9,4,11,1,4,1,0
2,11,8,2,0,5,4,0,1
2,9,12,2,3,0,4,1,1
2,15,9,2,2,0,4,1,0
2,11,8,2,3,0,4,1,1
4,12,13,2,2,0,4,1,0
2,5,3,2,5,0,4,1,0
3,11,8,2,3,0,4,1,1
2,9,12,2,3,0,4,1,1
2,11,8,4,0,3,4,0,0
2,15,9,2,11,0,4,1,0
1,11,8,2,6,0,4,1,0
4,11,8,2,11,0,4,1,1
2,8,10,4,0,1,4,0,0
2,11,8,4,5,1,2,0,0
2,3,1,4,11,3,4,0,0
2,15,9,6,3,1,2,0,0
2,11,8,4,13,1,4,1,0
5,9,12,4,0,2,4,0,0
2,9,12,0,3,4,2,0,0
4,11,8,2,4,0,4,1,0
3,6,4,4,11,3,4,0,0
2,7,11,2,9,0,4,1,1
2,11,8,4,6,1,4,0,0
4,11,8,2,2,0,4,1,0
4,11,8,4,2,1,4,1,1
2,9,12,2,3,0,4,1,1
2,4,2,4,7,4,4,0,0
2,11,8,4,11,1,4,0,0
2,1,6,4,5,1,4,1,0
2,15,9,5,12,4,4,0,0
2,11,8,2,5,5,2,0,0
2,11,8,4,6,3,4,0,0
0,9,12,2,10,0,4,1,1
2,9,12,5,3,4,4,1,1
2,9,12,2,11,0,1,1,1
4,15,9,2,12,0,2,1,1
2,11,8,3,2,1,2,0,0
1,3,1,4,7,1,0,0,0
2,11,8,4,11,3,4,0,0
2,11,8,2,0,0,4,1,0
3,11,8,5,3,4,4,1,0
2,1,6,5,7,4,2,0,0
2,11,8,4,2,3,4,1,0
3,11,8,2,2,0,4,1,1
1,10,15,4,9,4,4,0,0
2,11,8,2,3,0,4,1,1
2,11,8,2,6,0,4,1,0
4,11,8,2,2,0,4,1,1
2,0,5,4,5,2,4,1,0
2,1,6,4,5,2,4,1,0
2,11,8,4,2,2,4,1,0
2,10,15,2,9,0,4,1,1
2,10,15,2,3,0,4,1,1
2,11,8,4,2,1,4,1,0
2,11,8,4,9,1,4,1,0
2,9,12,2,10,0,1,1,1
0,11,8,4,3,4,4,0,0
2,9,12,4,11,3,4,1,0
0,15,9,4,0,3,2,0,0
2,11,8,4,5,3,4,1,0
2,11,8,4,5,3,0,1,0
0,15,9,2,6,0,2,1,0
2,1,6,4,11,3,4,0,0
2,11,8,4,4,1,4,1,0
2,11,8,0,4,1,4,1,0
2,11,8,4,6,1,4,1,0
1,8,10,2,10,0,4,1,1
4,9,12,4,9,4,4,0,0
2,11,8,4,0,1,4,0,0
2,7,11,4,2,1,4,1,0
3,9,12,2,3,0,4,1,1
2,11,8,4,6,1,1,0,0
2,4,2,2,2,0,4,1,0
2,11,8,2,2,0,0,1,0
2,15,9,2,2,0,4,1,1
5,15,9,4,7,1,4,0,0
2,7,11,2,12,0,4,1,1
3,14,14,2,9,0,4,1,1
2,11,8,0,6,1,4,1,0
2,11,8,2,0,0,2,1,0
3,15,9,4,3,1,4,1,0
2,15,9,2,2,0,4,1,1
2,9,12,4,9,1,4,0,0
4,11,8,2,2,0,4,1,1
2,15,9,2,12,5,4,0,0
2,11,8,2,2,0,4,1,1
2,15,9,4,11,1,4,0,0
2,11,8,2,2,0,2,1,0
4,12,13,2,9,0,2,1,1
2,11,8,4,5,3,4,1,0
2,11,8,2,6,0,4,1,0
2,12,13,2,9,0,4,1,1
2,6,4,4,2,1,2,1,0
3,14,14,2,9,0,4,1,1
2,15,9,2,2,0,4,1,0
5,9,12,2,10,0,4,1,1
2,11,8,0,10,4,4,0,0
2,11,8,0,7,4,4,0,0
2,11,8,0,11,4,4,0,0
2,15,9,2,0,0,4,1,0
2,9,12,2,3,0,1,1,0
4,15,9,2,2,0,4,1,1
2,12,13,0,9,4,4,0,0
2,9,12,2,9,0,4,1,1
2,15,9,2,7,0,4,1,0
2,11,8,2,2,0,4,1,0
2,9,12,2,3,0,4,1,1
2,9,12,2,2,0,4,1,0
2,11,8,0,0,1,4,0,0
3,11,8,2,11,0,4,1,1
3,15,9,2,3,0,4,1,1
2,15,9,0,0,4,2,0,0
2,11,8,0,11,3,4,0,0
2,8,10,0,0,4,4,0,0
2,9,12,2,3,0,4,1,1
2,15,9,4,11,2,4,1,0
2,11,8,2,2,0,4,1,0
2,11,8,4,5,2,4,1,0
1,15,9,0,7,1,4,1,0
2,11,8,2,2,0,4,1,1
5,15,9,2,13,0,4,1,0
4,15,9,4,11,3,4,0,0
3,15,9,2,11,0,4,1,1
2,11,8,2,2,0,4,1,0
2,11,8,2,13,0,4,1,1
2,11,8,2,0,5,4,0,0
2,9,12,2,11,0,4,1,0
2,11,8,4,2,3,4,1,0
2,11,8,2,9,0,4,1,1
2,9,12,4,11,1,4,1,0
2,11,8,2,7,0,2,1,0
2,11,8,0,0,4,4,0,0
1,9,12,4,9,1,4,0,0
2,9,12,4,9,1,4,1,1
2,12,13,2,9,0,4,1,1
2,15,9,4,2,3,2,1,0
2,11,8,2,6,0,4,1,0
2,0,5,2,7,0,4,1,0
0,9,12,0,3,1,4,1,0
1,11,8,2,13,0,4,1,0
1,11,8,2,10,0,4,1,1
3,15,9,2,4,0,4,1,0
2,11,8,0,11,3,4,0,0
1,8,10,4,0,3,4,1,0
2,9,12,2,3,0,4,1,1
2,13,0,4,6,1,2,1,0
2,15,9,2,2,0,4,1,1
2,15,9,4,5,1,0,1,0
2,11,8,0,7,1,4,0,0
3,11,8,2,3,0,4,1,0
2,11,8,2,6,5,4,0,0
0,15,9,0,5,1,4,1,0
2,1,6,4,7,3,4,1,0
2,11,8,4,6,4,2,1,0
2,9,12,2,9,0,4,1,0
4,5,3,6,4,4,4,1,0
2,15,9,0,0,4,4,0,0
2,11,8,2,2,0,4,1,0
2,11,8,5,11,4,2,0,0
2,11,8,4,5,3,2,1,0
2,4,2,2,2,0,4,1,0
2,15,9,2,2,0,4,1,1
0,11,8,4,0,1,4,1,0
4,11,8,2,2,0,4,1,1
2,9,12,4,3,1,4,0,0
2,11,8,2,2,0,4,1,0
2,1,6,4,7,3,4,0,0
2,11,8,4,7,1,2,1,0
0,6,4,2,6,0,4,1,1
0,15,9,4,12,1,4,1,0
5,11,8,0,0,1,4,0,0
2,11,8,2,2,0,4,1,0
2,12,13,2,9,0,1,1,1
2,9,12,5,9,4,2,0,0
2,11,8,4,0,3,4,0,0
2,15,9,0,9,4,4,0,0
2,11,8,6,3,1,4,0,0
0,8,10,2,0,5,4,0,0
5,11,8,2,2,0,4,1,0
2,15,9,4,3,3,4,0,0
2,4,2,2,11,5,4,0,0
2,1,6,4,7,3,4,0,0
4,11,8,5,4,4,4,0,0
2,5,3,2,4,0,2,1,0
0,15,9,2,0,0,4,1,1
2,9,12,0,3,1,4,1,1
2,15,9,2,2,0,4,1,0
2,11,8,0,0,4,2,0,0
2,7,11,2,11,5,4,0,0
2,15,9,2,2,0,4,1,0
2,8,10,2,12,5,4,0,1
1,11,8,2,5,0,4,1,0
4,1,6,5,5,4,4,0,0
2,9,12,4,3,3,4,1,0
2,11,8,4,2,3,4,1,0
2,9,12,2,6,0,4,1,0
0,11,8,2,2,0,4,1,0
1,11,8,0,0,4,4,0,0
2,11,8,4,2,3,2,1,0
2,11,8,3,7,3,2,1,0
2,15,9,4,7,1,4,0,0
2,6,4,2,2,0,4,1,0
2,11,8,2,2,0,4,1,1
2,9,12,2,3,0,4,1,1
3,11,8,4,3,1,4,1,1
2,6,4,2,4,0,4,1,0
2,15,9,4,2,4,4,1,0
2,11,8,5,13,4,2,0,0
2,9,12,2,3,0,4,1,1
2,0,5,0,6,3,4,0,0
2,11,8,4,5,3,4,1,0
2,6,4,2,5,0,4,1,0
2,9,12,4,9,1,4,1,0
2,4,2,3,2,2,4,1,0
2,15,9,4,11,1,1,0,0
2,11,8,4,2,3,4,1,0
2,11,8,2,2,0,4,1,0
5,11,8,0,0,1,2,0,0
2,11,8,2,4,0,4,1,0
2,11,8,4,7,3,4,1,0
2,9,12,4,0,3,4,0,0
2,11,8,0,11,4,2,0,0
4,8,10,2,3,0,4,1,0
5,9,12,4,10,1,2,0,0
2,11,8,2,3,0,4,1,0
2,5,3,6,7,1,4,0,0
2,15,9,4,0,3,4,0,0
2,7,11,0,2,1,4,1,0
3,15,9,2,13,0,4,1,1
2,3,1,5,8,2,4,0,0
2,9,12,0,11,1,4,1,0
2,8,10,4,12,1,4,0,0
2,15,9,2,9,0,4,1,1
2,10,15,2,9,0,1,1,1
4,9,12,6,11,4,4,0,0
2,7,11,4,13,1,2,1,0
2,11,8,2,5,0,4,1,0
2,1,6,4,0,3,4,0,0
2,11,8,2,2,0,4,1,0
2,8,10,0,11,4,4,0,0
2,15,9,2,9,0,4,1,1
1,12,13,2,3,0,4,1,1
2,5,3,2,5,0,4,1,0
1,15,9,0,9,1,4,0,0
2,11,8,4,11,4,4,0,0
2,0,5,4,11,2,4,1,0
2,14,14,4,3,1,4,1,1
2,11,8,4,11,1,4,1,0
1,8,10,0,9,4,4,1,1
2,15,9,4,6,1,4,1,0
2,1,6,2,6,0,4,1,0
2,9,12,0,3,1,4,0,0
1,12,13,4,9,1,4,0,0
5,9,12,4,9,3,4,1,0
3,9,12,2,2,0,4,1,1
2,12,13,2,3,0,4,1,1
2,9,12,0,3,4,4,0,1
2,11,8,2,11,0,4,1,0
2,15,9,6,9,4,4,0,0
2,11,8,2,13,0,4,1,1
2,15,9,0,0,4,4,0,0
2,12,13,4,3,1,2,0,0
2,11,8,2,0,5,4,0,0
2,9,12,2,9,0,4,1,1
2,15,9,2,9,0,4,1,1
2,11,8,0,6,1,4,0,0
2,7,11,4,9,1,4,0,0
2,15,9,0,9,1,4,0,0
2,15,9,2,2,0,4,1,0
2,12,13,2,9,0,1,1,1
2,8,10,0,3,1,4,0,0
2,5,3,2,2,0,2,1,0
2,12,13,2,9,0,4,1,1
3,9,12,2,3,0,4,1,1
2,15,9,4,0,1,4,1,0
2,0,5,0,6,1,4,0,0
1,1,6,4,2,3,4,1,0
2,12,13,2,5,0,4,1,0
2,11,8,2,6,0,4,1,1
2,0,5,4,5,3,4,1,0
1,11,8,2,2,0,4,1,0
0,15,9,0,12,4,2,0,0
2,11,8,2,3,5,4,0,0
2,15,9,6,0,4,4,0,0
0,12,13,2,2,0,4,1,0
2,11,8,4,7,1,2,1,0
2,11,8,4,0,4,4,0,0
2,11,8,4,7,3,1,0,0
4,6,4,2,2,0,4,1,0
2,11,8,2,13,0,4,1,0
2,9,12,2,13,0,4,1,0
2,15,9,0,5,3,4,1,0
1,11,8,5,7,1,2,0,0
2,15,9,2,2,0,4,1,0
4,11,8,5,7,4,4,0,0
5,11,8,2,13,0,4,1,0
2,11,8,2,3,0,4,1,0
2,9,12,2,2,0,4,1,1
2,3,1,4,4,1,3,1,0
2,11,8,2,2,0,4,1,0
2,11,8,4,5,3,4,1,0
2,11,8,2,11,0,4,1,1
2,9,12,4,9,2,4,0,0
1,15,9,2,10,0,4,1,0
4,4,2,2,2,0,4,1,0
2,7,11,2,11,0,4,1,1
4,15,9,4,6,1,4,1,0
1,15,9,2,10,0,4,1,1
2,8,10,0,5,4,4,1,0
2,15,9,0,0,1,2,0,0
2,11,8,4,6,3,4,1,0
1,11,8,2,6,0,2,1,0
2,7,11,2,3,0,4,1,1
2,15,9,4,10,3,2,1,0
2,15,9,0,0,4,4,0,0
2,11,8,2,2,0,4,1,0
2,9,12,4,7,1,4,0,0
2,9,12,2,9,0,4,1,0
2,1,6,4,2,1,4,1,0
1,15,9,4,10,3,4,1,0
2,11,8,4,11,1,4,0,0
2,9,12,2,9,0,4,1,1
2,15,9,2,7,0,4,1,0
4,10,15,2,9,0,4,1,1
2,15,9,4,2,3,4,1,0
2,15,9,2,6,0,3,1,1
2,7,11,4,11,3,4,0,0
2,1,6,5,6,1,4,0,0
2,11,8,2,7,0,4,1,0
2,15,9,2,13,0,4,1,0
2,9,12,4,11,1,4,1,0
2,11,8,0,11,1,4,1,0
2,9,12,4,7,3,4,0,0
2,8,10,2,3,0,4,1,1
4,15,9,2,2,0,4,1,0
2,11,8,2,2,0,4,1,0
2,11,8,2,2,0,4,1,0
2,15,9,2,13,0,4,1,1
4,14,14,2,9,0,1,1,1
4,14,14,2,9,0,4,1,1
2,15,9,4,11,1,4,0,0
2,11,8,4,4,1,4,1,0
2,11,8,0,7,1,4,1,0
2,11,8,2,2,0,4,1,0
2,1,6,4,13,3,4,1,0
2,9,12,2,11,0,4,1,1
5,8,10,2,7,0,1,1,0
2,11,8,4,5,3,4,1,0
2,15,9,0,7,1,4,1,0
2,6,4,4,6,3,2,0,0
2,14,14,4,9,1,1,1,0
2,1,6,4,7,3,4,1,0
2,10,15,2,12,0,4,1,1
2,12,13,2,3,0,4,1,1
2,15,9,2,2,0,4,1,0
2,7,11,0,7,1,4,0,0
2,8,10,2,2,0,4,1,0
1,9,12,2,9,5,4,0,1
4,11,8,2,4,0,4,1,0
2,15,9,0,12,4,4,0,0
2,15,9,2,2,0,4,1,1
2,9,12,2,3,5,4,0,1
2,11,8,0,2,4,4,1,0
2,15,9,3,11,3,3,0,0
2,11,8,4,7,1,4,1,0
2,6,4,2,5,0,4,1,0
4,5,3,2,13,0,4,1,1
3,9,12,0,11,4,4,0,0
2,12,13,2,9,5,4,0,1
1,9,12,4,0,1,2,0,0
1,8,10,0,3,3,4,1,0
2,12,13,0,9,1,4,0,0
2,12,13,2,9,0,4,1,1
4,11,8,2,11,0,4,1,0
2,8,10,2,0,0,4,1,1
4,11,8,2,11,0,4,1,0
0,11,8,2,0,0,4,1,1
2,15,9,6,11,4,4,0,1
0,12,13,4,9,1,4,0,1
4,15,9,2,3,0,4,1,1
2,11,8,4,5,3,4,0,0
2,11,8,4,7,3,2,1,0
2,15,9,2,11,0,4,1,0
2,15,9,4,5,1,4,1,0
2,4,2,3,2,1,4,1,0
2,11,8,2,12,0,4,1,1
1,9,12,4,9,1,2,0,0
2,15,9,2,6,0,4,1,1
4,11,8,2,7,0,4,1,0
2,0,5,4,13,1,2,0,0
2,12,13,2,3,0,4,1,1
2,11,8,2,0,0,4,1,1
5,11,8,5,7,1,4,0,0
2,11,8,6,0,4,4,0,0
2,11,8,2,13,0,4,1,0
2,15,9,2,11,0,2,1,1
3,14,14,2,9,0,4,1,1
2,9,12,6,3,1,4,0,0
2,11,8,2,6,5,4,0,1
2,15,9,4,2,1,4,1,0
2,11,8,2,3,0,4,1,1
2,11,8,4,0,2,4,0,0
2,11,8,4,7,4,2,0,0
2,11,8,2,9,0,4,1,1
2,1,6,2,6,0,4,1,0
3,11,8,2,3,0,4,1,1
4,4,2,2,7,5,4,0,0
2,2,7,0,0,1,0,1,0
2,8,10,2,12,5,4,0,0
2,11,8,2,6,0,4,1,0
2,15,9,4,3,1,4,1,1
2,9,12,2,3,0,4,1,1
5,12,13,2,6,0,4,1,1
2,12,13,2,3,0,4,1,1
4,4,2,4,12,1,1,0,0
2,11,8,4,0,3,4,0,0
2,15,9,2,11,0,4,1,0
2,9,12,0,0,4,4,1,0
2,1,6,4,7,3,4,0,0
2,1,6,4,5,3,4,1,0
2,15,9,2,11,0,4,1,1
2,15,9,4,7,2,3,0,0
2,11,8,0,0,4,4,0,0
2,10,15,6,9,1,4,0,0
4,9,12,2,6,0,4,1,1
3,9,12,4,9,1,4,1,0
5,15,9,4,12,4,2,0,0
2,11,8,2,13,0,4,1,0
1,15,9,0,10,4,4,0,0
2,11,8,0,3,1,4,1,0
4,11,8,2,4,0,4,1,0
2,1,6,2,5,0,3,1,0
2,5,3,4,11,3,4,1,0
4,9,12,0,3,4,2,0,0
2,1,6,6,7,1,4,0,0
2,12,13,2,9,0,1,1,0
2,3,1,4,2,1,4,1,0
2,15,9,2,3,0,4,1,1
4,15,9,4,2,1,4,0,0
4,9,12,2,2,0,4,1,1
2,0,5,4,11,1,4,0,0
1,15,9,4,0,1,4,0,0
2,9,12,4,0,2,1,0,0
2,8,10,4,7,3,4,1,0
4,0,5,4,2,1,2,1,0
2,11,8,0,6,1,0,0,0
2,8,10,0,0,4,4,0,1
2,11,8,4,11,1,4,0,0
3,9,12,2,3,0,4,1,1
1,11,8,6,0,1,4,0,0
2,10,15,4,9,1,4,1,0
2,15,9,4,7,1,4,1,0
2,7,11,4,12,1,4,1,0
5,9,12,2,3,5,2,0,1
2,11,8,0,7,4,4,0,0
4,12,13,0,9,1,1,1,1
2,15,9,2,0,5,4,0,1
2,11,8,4,2,1,1,1,0
2,9,12,2,11,0,4,1,1
3,11,8,2,3,0,4,1,1
0,11,8,4,0,2,4,1,0
3,15,9,6,11,1,4,0,1
4,15,9,2,3,0,4,1,0
2,9,12,2,9,0,4,1,0
2,15,9,4,13,1,4,1,0
2,11,8,4,7,3,4,1,0
2,9,12,4,9,1,4,0,0
4,4,2,2,13,0,4,1,1
2,11,8,4,5,2,4,1,0
1,9,12,2,3,0,4,1,1
1,2,7,6,0,1,4,0,0
2,15,9,4,0,2,1,1,0
2,15,9,2,2,0,4,1,1
2,11,8,0,7,3,4,0,0
2,15,9,2,2,0,2,1,1
2,11,8,2,2,0,4,1,0
2,15,9,0,2,1,4,1,0
2,15,9,2,11,0,4,1,0
2,11,8,2,5,0,4,1,0
2,15,9,2,11,0,4,1,1
0,9,12,0,9,1,4,1,0
2,15,9,4,11,3,2,0,0
1,12,13,2,0,0,4,1,0
2,5,3,4,7,4,2,0,0
6,15,9,3,4,4,4,0,0
2,14,14,2,3,0,4,1,1
2,10,15,2,9,0,4,1,1
2,15,9,2,13,0,4,1,1
2,5,3,2,13,0,4,1,0
2,15,9,2,3,0,1,1,0
2,11,8,4,2,2,4,1,0
2,0,5,2,5,0,4,1,0
4,11,8,2,2,0,4,1,0
2,11,8,4,2,1,4,1,0
2,11,8,4,8,1,4,0,0
2,11,8,0,2,1,4,1,0
2,4,2,4,5,1,4,1,0
2,11,8,2,0,0,4,1,0
2,11,8,2,2,0,4,1,0
2,15,9,0,12,1,4,0,0
2,7,11,5,11,4,4,1,0
2,9,12,2,2,0,4,1,1
2,11,8,4,5,3,4,1,0
5,9,12,6,0,1,4,1,0
4,11,8,2,6,0,4,1,0
2,15,9,4,7,3,4,0,0
2,5,3,2,13,0,4,1,0
2,0,5,4,5,2,4,1,0
2,15,9,4,0,3,4,0,0
2,9,12,2,4,0,4,1,0
2,9,12,2,3,0,4,1,1
5,9,12,2,9,0,4,1,1
2,15,9,4,5,2,4,1,0
2,8,10,2,2,0,4,1,1
2,4,2,4,13,1,4,1,0
2,9,12,4,9,3,4,0,0
2,11,8,6,7,1,4,0,0
1,11,8,6,10,1,4,1,0
2,15,9,4,12,1,4,0,1
2,9,12,2,3,0,4,1,1
2,15,9,4,5,3,4,1,0
2,9,12,0,12,3,4,1,0
2,11,8,2,11,0,4,1,1
2,15,9,2,9,0,4,1,1
2,11,8,4,4,4,4,1,0
1,12,13,2,9,0,4,1,0
2,15,9,4,11,2,1,1,0
4,11,8,2,13,0,4,1,1
2,11,8,4,6,2,4,0,0
4,11,8,2,3,0,4,1,0
2,9,12,2,11,5,4,0,1
2,9,12,4,9,3,4,1,0
2,11,8,2,2,0,4,1,0
2,15,9,4,12,1,2,0,0
2,15,9,2,9,0,4,1,1
2,9,12,2,3,0,4,1,1
2,9,12,4,12,1,4,1,0
2,12,13,2,11,0,4,1,1
4,15,9,2,0,5,4,0,1
2,9,12,2,9,0,4,1,0
2,11,8,2,13,0,4,1,1
2,15,9,0,6,4,4,0,0
2,11,8,5,2,4,2,1,0
2,9,12,0,6,2,4,1,0
2,1,6,0,9,4,0,1,1
2,15,9,2,11,0,4,1,1
1,12,13,0,9,4,4,0,1
2,15,9,4,11,3,4,0,0
2,5,3,2,6,0,2,1,0
2,1,6,2,5,0,4,1,0
2,11,8,4,13,1,4,1,0
2,15,9,2,2,0,4,1,1
1,9,12,4,9,1,4,0,0
2,9,12,2,0,0,1,1,1
2,11,8,5,13,4,1,1,1
2,15,9,2,11,0,4,1,1
2,11,8,0,6,3,4,1,0
2,9,12,2,2,0,4,1,1
5,11,8,2,2,0,4,1,1
2,11,8,4,6,4,4,0,0
2,15,9,4,0,1,4,1,0
2,8,10,2,2,0,4,1,0
2,11,8,2,5,5,4,0,1
2,12,13,2,3,0,4,1,1
2,5,3,4,7,2,1,0,0
2,11,8,2,2,0,4,1,0
2,9,12,2,9,0,4,1,1
2,15,9,4,7,2,1,1,0
1,12,13,2,9,0,4,1,1
2,0,5,4,11,3,4,0,0
3,7,11,0,3,4,4,1,0
2,15,9,4,6,3,4,0,0
5,15,9,0,0,4,4,0,0
2,7,11,2,0,5,4,0,0
4,9,12,2,9,0,4,1,1
2,11,8,2,13,0,4,1,1
2,15,9,5,5,1,4,1,0
2,15,9,0,3,1,4,0,0
2,9,12,5,7,4,2,0,0
2,5,3,2,4,0,4,1,0
2,9,12,0,9,4,2,0,0
2,15,9,2,9,0,4,1,1
2,11,8,0,6,4,4,0,0
2,15,9,4,7,2,2,0,0
0,15,9,0,0,1,4,1,1
2,5,3,0,2,4,4,0,0
2,12,13,2,3,5,4,0,1
2,15,9,5,11,1,4,1,0
5,15,9,0,10,4,0,0,0
2,11,8,0,10,1,4,1,0
2,9,12,4,9,1,4,0,1
3,11,8,2,3,0,4,1,1
3,10,15,2,9,0,4,1,1
2,6,4,2,13,0,4,1,0
2,11,8,2,6,0,4,1,0
2,11,8,2,2,0,4,1,0
4,15,9,2,11,0,4,1,0
2,8,10,2,9,0,4,1,0
2,11,8,0,0,1,4,0,0
2,9,12,2,3,0,4,1,1
4,15,9,2,3,0,4,1,0
2,15,9,4,7,3,4,0,0
2,11,8,4,2,1,4,1,0
2,11,8,0,13,1,4,1,0
2,11,8,2,6,0,1,1,1
0,11,8,2,0,5,4,0,1
2,15,9,2,2,0,4,1,1
2,15,9,4,8,1,4,0,0
2,1,6,4,2,3,4,1,0
2,9,12,2,3,0,4,1,1
2,11,8,2,2,0,4,1,0
2,9,12,2,3,0,4,1,1
4,7,11,2,3,5,4,0,1
2,12,13,4,10,1,4,1,0
2,12,13,0,3,4,2,0,1
2,9,12,2,11,0,4,1,1
2,11,8,4,3,3,4,0,0
1,9,12,2,9,0,4,1,1
2,11,8,2,2,3,4,1,0
5,11,8,4,10,3,4,1,0
2,11,8,4,4,1,3,1,0
1,2,7,2,7,2,4,0,0
1,11,8,2,3,0,4,1,1
2,15,9,4,12,1,4,1,0
2,6,4,4,7,3,4,0,0
2,11,8,4,9,1,4,1,0
2,15,9,4,2,3,4,1,0
4,6,4,2,3,2,4,1,0
2,15,9,4,3,3,2,0,0
2,15,9,2,5,0,4,1,0
4,15,9,2,3,0,1,1,0
2,12,13,2,3,0,4,1,1
2,11,8,4,5,2,4,1,0
5,10,15,2,9,0,4,1,1
2,11,8,4,7,1,4,0,0
2,7,11,0,2,1,4,1,0
2,11,8,4,2,3,4,1,0
1,6,4,2,2,0,2,1,1
0,9,12,0,9,4,4,0,1
2,11,8,4,11,1,4,1,0
2,15,9,4,7,4,4,1,0
2,11,8,2,7,0,4,1,0
2,11,8,4,11,3,4,0,0
2,12,13,2,3,0,1,1,1
2,15,9,2,9,0,4,1,0
2,15,9,0,3,1,4,0,0
2,5,3,2,13,0,4,1,0
2,15,9,4,7,3,4,1,0
2,15,9,4,11,3,4,1,0
2,9,12,4,9,3,4,1,0
2,15,9,2,2,0,4,1,1
2,11,8,2,2,0,4,1,0
2,9,12,4,11,1,4,1,1
0,9,12,2,12,0,4,1,1
2,0,5,0,7,4,4,0,0
2,11,8,2,5,0,4,1,1
2,9,12,4,0,1,4,0,0
2,11,8,4,0,3,4,0,0
2,11,8,4,8,3,4,1,0
2,11,8,4,3,1,4,0,0
2,8,10,0,12,4,4,0,0
2,15,9,2,11,0,4,1,0
2,15,9,2,11,0,4,1,0
2,4,2,4,5,1,4,0,0
2,11,8,4,7,1,4,0,0
2,9,12,2,9,0,4,1,1
2,15,9,0,3,1,4,1,0
2,9,12,0,3,1,4,1,0
1,15,9,3,0,4,2,0,0
2,7,11,4,12,3,4,1,0
2,15,9,2,2,0,4,1,0
5,15,9,2,3,0,4,1,0
2,15,9,4,13,3,4,1,0
2,12,13,4,9,3,4,0,0
2,15,9,2,9,5,4,0,1
2,5,3,0,6,4,2,0,0
2,11,8,4,2,1,4,1,0
2,15,9,2,3,0,4,1,1
1,9,12,0,9,4,4,0,0
2,11,8,0,3,4,4,0,0
2,9,12,2,9,0,3,1,1
2,15,9,2,12,0,4,1,0
2,2,7,2,2,0,4,1,0
2,15,9,4,3,1,4,1,0
2,11,8,2,11,0,4,1,1
2,8,10,4,7,2,1,0,0
2,15,9,4,6,2,4,0,0
2,15,9,4,12,1,4,1,0
1,15,9,0,9,1,4,0,0
3,0,5,2,3,0,4,1,0
2,11,8,2,11,0,4,1,0
1,9,12,2,9,0,4,1,1
2,9,12,2,6,0,4,1,1
2,15,9,4,0,1,4,0,0
3,15,9,4,3,3,4,1,0
1,8,10,2,3,0,4,1,0
2,15,9,2,3,0,4,1,0
2,15,9,2,10,0,4,1,1
4,11,8,2,11,0,4,1,1
2,15,9,4,6,3,4,1,0
5,15,9,4,3,3,4,0,0
2,15,9,2,2,0,4,1,1
2,6,4,4,7,3,4,1,0
2,10,15,2,9,0,4,1,1
4,9,12,2,11,0,4,1,0
2,1,6,3,5,1,0,1,0
0,15,9,2,3,0,2,1,0
2,12,13,4,9,1,4,1,0
4,10,15,2,9,0,4,1,1
4,11,8,2,4,0,4,1,1
2,15,9,4,11,1,4,0,0
2,6,4,2,6,0,2,1,0
2,11,8,4,0,1,4,0,0
2,9,12,2,7,0,4,1,0
2,15,9,2,3,5,4,0,1
2,9,12,2,3,5,4,0,1
2,1,6,4,11,3,4,0,0
2,11,8,2,3,0,4,1,1
2,11,8,6,11,4,4,0,0
2,1,6,2,2,0,4,1,0
2,15,9,4,11,3,4,0,0
5,9,12,4,12,1,4,0,0
2,15,9,4,11,3,4,1,0
2,12,13,4,9,3,4,1,0
2,9,12,0,11,1,4,0,1
3,8,10,2,11,0,4,1,0
0,12,13,0,9,1,4,0,0
2,11,8,2,6,0,4,1,1
6,11,8,2,0,0,1,1,0
4,11,8,2,4,0,4,1,0
2,15,9,2,3,5,4,0,0
2,0,5,2,5,0,4,1,0
0,11,8,0,0,1,4,0,0
2,15,9,2,12,5,4,0,1
2,11,8,5,11,4,4,0,0
2,15,9,4,5,3,4,0,0
2,11,8,2,2,0,4,1,1
2,11,8,2,2,0,4,1,1
2,11,8,4,6,1,4,0,0
1,9,12,2,2,0,4,1,1
2,9,12,4,11,1,4,0,0
4,5,3,2,11,0,4,1,1
2,11,8,4,11,1,4,1,0
2,15,9,4,12,3,4,1,0
2,15,9,4,7,3,4,0,0
2,15,9,4,6,2,2,0,0
3,9,12,2,3,0,4,1,0
2,15,9,2,11,0,4,1,1
1,15,9,4,0,1,3,1,0
2,15,9,4,2,4,4,0,1
2,11,8,4,0,2,2,0,0
2,9,12,3,11,4,4,0,1
2,12,13,0,9,1,4,1,0
2,15,9,2,11,0,4,1,0
2,11,8,2,7,3,4,0,0
4,9,12,2,4,5,4,0,0
2,11,8,4,0,1,2,0,0
2,15,9,2,6,0,4,1,0
2,15,9,4,11,2,4,1,0
2,11,8,4,5,3,4,1,0
2,11,8,4,5,2,4,1,0
2,11,8,2,2,0,4,1,0
2,11,8,4,5,1,4,1,0
2,15,9,4,4,3,4,1,0
3,7,11,2,11,0,4,1,0
2,11,8,2,13,0,4,1,0
2,7,11,4,11,3,4,0,0
1,9,12,0,0,4,4,0,0
2,15,9,4,5,2,2,1,0
2,15,9,2,0,5,4,0,1
2,1,6,4,6,1,4,1,0
0,11,8,0,0,4,4,0,0
2,15,9,4,5,3,4,1,0
2,11,8,4,5,1,4,1,0
2,11,8,4,2,2,4,1,0
2,15,9,4,7,3,4,0,0
2,15,9,4,2,4,4,1,0
2,11,8,4,11,4,4,1,0
2,15,9,0,0,1,4,0,0
2,9,12,4,9,1,4,1,0
2,0,5,4,11,3,4,0,0
5,14,14,2,9,0,4,1,0
2,15,9,2,2,0,4,1,1
3,9,12,4,0,3,4,0,0
2,11,8,2,11,0,4,1,1
2,11,8,4,3,1,4,0,0
2,9,12,4,0,3,4,0,0
2,9,12,2,9,0,4,1,0
4,9,12,2,2,0,4,1,0
2,15,9,4,5,1,4,1,0
2,5,3,2,6,0,4,1,1
2,11,8,0,6,2,4,1,0
2,14,14,2,9,0,4,1,1
2,11,8,4,2,1,4,1,0
1,11,8,2,13,0,4,1,0
2,9,12,0,9,1,4,0,0
4,11,8,2,3,0,4,1,0
2,11,8,2,11,0,4,1,1
2,8,10,2,12,0,4,1,1
4,11,8,0,2,1,4,1,0
2,15,9,4,7,3,4,0,0
2,11,8,2,2,0,4,1,1
2,11,8,2,11,0,4,1,0
3,14,14,2,3,0,1,1,1
3,2,7,6,3,1,4,0,0
4,11,8,4,2,1,4,1,0
2,15,9,2,11,0,0,1,0
2,8,10,2,9,0,2,1,1
2,11,8,2,7,0,4,1,0
3,15,9,2,11,0,4,1,0
1,12,13,2,9,0,4,1,1
4,11,8,2,13,0,4,1,0
1,9,12,0,9,4,4,0,0
2,4,2,5,11,4,4,0,0
2,15,9,2,6,0,4,1,0
2,6,4,4,5,3,4,1,0
4,15,9,2,11,5,4,0,1
2,9,12,2,3,0,4,1,1
2,11,8,2,4,0,4,1,0
2,15,9,5,7,1,4,1,0
1,0,5,4,7,3,4,0,0
2,15,9,2,7,0,4,1,0
2,15,9,4,7,3,4,0,0
4,11,8,2,9,5,4,0,0
2,11,8,4,5,1,4,1,0
2,4,2,4,8,2,4,0,0
2,9,12,2,9,0,4,1,1
2,5,3,2,0,0,4,1,0
2,9,12,4,3,2,4,0,0
2,11,8,4,9,1,4,0,0
2,7,11,4,2,1,4,1,1
2,8,10,4,3,4,1,1,0
2,15,9,0,2,3,4,1,1
2,15,9,2,12,0,4,1,1
5,15,9,4,7,3,4,1,0
1,12,13,0,3,1,4,0,0
2,14,14,2,9,0,4,1,1
3,11,8,2,4,0,4,1,0
4,11,8,2,4,0,4,1,0
2,9,12,4,12,3,4,0,0
2,7,11,4,12,1,4,0,0
1,15,9,4,3,1,4,1,0
2,11,8,4,5,2,4,1,0
2,11,8,0,5,1,4,1,0
4,15,9,2,2,0,4,1,0
2,11,8,4,6,1,2,1,0
2,12,13,4,3,3,4,0,0
5,12,13,4,0,1,2,1,0
2,9,12,4,2,1,1,1,0
2,11,8,0,3,1,4,0,0
2,9,12,2,3,0,4,1,1
5,15,9,5,0,4,4,0,0
2,9,12,4,11,3,4,0,0
2,11,8,2,2,0,4,1,1
2,2,7,2,10,0,4,1,0
2,9,12,4,11,1,4,1,1
2,15,9,2,13,0,4,1,0
2,11,8,0,0,4,4,0,0
2,3,1,2,2,0,4,1,1
2,9,12,2,13,0,4,1,0
3,11,8,2,3,0,4,1,0
2,14,14,2,3,0,4,1,1
4,15,9,4,2,1,4,0,0
2,15,9,6,6,4,2,0,0
2,11,8,4,2,4,4,1,0
2,11,8,2,2,0,4,1,0
2,9,12,4,2,3,4,1,0
2,15,9,4,0,4,4,0,0
2,15,9,2,6,0,4,1,0
5,15,9,0,0,1,4,0,0
2,11,8,2,2,0,3,1,0
2,4,2,2,6,0,2,1,0
2,11,8,0,9,1,4,1,1
0,1,6,4,7,3,1,1,0
2,11,8,4,7,3,4,0,0
2,11,8,4,6,1,4,1,0
2,0,5,2,13,0,2,1,0
2,11,8,2,7,0,2,1,0
0,15,9,4,11,3,4,0,0
4,11,8,2,3,0,4,1,1
3,12,13,2,11,0,4,1,1
2,11,8,2,6,5,4,0,0
2,9,12,0,11,4,4,0,0
4,11,8,2,11,0,4,1,1
2,9,12,2,3,0,4,1,1
2,11,8,0,0,3,4,0,0
2,11,8,2,13,0,4,1,1
3,14,14,2,9,0,4,1,1
2,11,8,4,2,1,4,1,0
0,9,12,2,9,0,4,1,0
2,0,5,0,9,4,4,0,0
1,15,9,0,10,1,2,1,0
2,11,8,4,13,4,4,0,0
2,11,8,4,7,1,4,0,0
2,9,12,4,7,1,4,1,0
2,9,12,4,0,2,4,1,0
2,11,8,3,5,2,1,1,0
2,11,8,4,6,3,4,1,0
4,11,8,2,2,0,4,1,0
2,4,2,0,8,1,2,0,0
5,11,8,2,10,0,4,1,0
2,15,9,0,13,3,4,1,0
2,9,12,2,3,0,4,1,1
2,11,8,2,2,0,4,1,0
2,11,8,4,11,4,4,1,0
2,15,9,4,0,1,4,0,0
2,11,8,4,7,1,4,1,0
2,11,8,0,0,1,4,0,0
2,11,8,4,7,1,4,1,0
2,6,4,0,2,1,4,0,1
2,11,8,2,2,0,1,1,0
2,11,8,2,2,0,2,1,0
2,11,8,4,6,4,2,0,0
2,11,8,0,3,1,4,0,1
2,15,9,4,11,2,4,1,0
3,11,8,4,7,1,4,0,0
2,4,2,2,11,0,4,1,1
2,11,8,2,13,0,0,1,0
2,15,9,0,0,4,4,0,0
2,11,8,4,3,1,4,0,0
2,7,11,5,2,4,1,1,1
2,11,8,4,6,4,0,0,0
2,7,11,2,3,0,4,1,1
2,11,8,4,13,1,4,0,0
2,11,8,2,6,0,4,1,0
2,3,1,2,7,0,4,1,0
0,11,8,0,0,4,4,0,0
2,11,8,2,9,0,4,1,1
2,15,9,2,11,0,4,1,0
2,3,1,2,5,0,4,1,0
2,8,10,0,0,1,4,0,0
2,8,10,2,12,0,2,1,0
2,11,8,4,5,3,4,1,0
2,11,8,4,7,3,4,1,0
1,11,8,2,6,0,4,1,0
2,9,12,2,9,0,4,1,0
2,14,14,2,3,0,4,1,0
2,11,8,0,12,1,4,1,1
2,7,11,2,2,0,4,1,0
2,15,9,4,0,3,4,0,0
2,9,12,0,11,1,4,1,1
2,11,8,4,2,3,4,1,0
2,15,9,2,2,0,4,1,1
2,3,1,2,7,2,4,1,0
2,1,6,0,2,1,4,1,0
2,15,9,4,5,3,2,0,0
2,15,9,2,13,0,4,1,0
2,11,8,4,13,1,4,1,0
2,15,9,4,0,3,4,0,0
1,8,10,2,3,0,4,1,0
2,15,9,2,11,5,4,0,0
2,6,4,4,4,3,4,1,0
2,15,9,2,2,0,4,1,1
2,3,1,4,5,1,4,1,0
2,1,6,2,2,0,4,1,0
2,15,9,2,3,0,4,1,1
3,14,14,2,9,0,4,1,1
2,15,9,2,6,0,4,1,1
1,5,3,2,2,0,4,1,0
2,9,12,4,11,1,4,1,0
1,9,12,2,12,0,4,1,0
2,9,12,2,11,0,4,1,1
1,9,12,0,3,4,4,1,0
4,15,9,4,2,4,4,1,0
2,15,9,2,9,0,4,1,1
2,5,3,2,5,0,4,1,0
2,1,6,5,7,3,4,0,0
2,9,12,4,3,3,4,1,0
2,11,8,4,7,3,2,1,0
2,15,9,2,2,0,4,1,0
2,15,9,2,11,0,4,1,0
2,15,9,2,7,5,4,0,0
2,2,7,4,7,3,4,1,0
2,8,10,6,12,4,2,0,0
2,11,8,0,0,1,4,0,0
5,12,13,2,3,0,2,1,0
4,8,10,4,2,1,4,1,0
2,11,8,4,7,1,2,1,0
2,12,13,0,11,1,4,0,0
2,11,8,4,2,1,1,1,0
2,7,11,2,12,0,4,1,0
2,11,8,2,0,5,4,0,0
2,9,12,0,3,4,4,0,0
3,9,12,4,11,1,4,1,0
2,11,8,5,4,3,4,1,0
5,8,10,4,3,4,4,0,0
2,15,9,0,9,1,4,0,0
2,11,8,4,11,1,1,0,0
2,11,8,0,2,1,4,1,0
2,11,8,4,0,4,4,0,0
2,15,9,4,9,1,4,0,0
2,11,8,5,7,4,2,0,0
2,15,9,4,11,3,4,0,0
2,9,12,2,3,0,4,1,1
2,9,12,2,9,0,4,1,0
5,15,9,4,7,3,4,1,0
2,0,5,4,7,3,4,0,0
2,0,5,0,11,3,4,1,0
2,15,9,4,2,3,4,1,0
2,11,8,2,5,0,4,1,0
2,11,8,4,13,3,4,1,0
2,15,9,4,13,3,1,1,0
5,15,9,4,0,3,4,0,0
2,15,9,0,13,1,2,1,0
2,15,9,2,11,0,4,1,0
2,15,9,2,2,0,4,1,1
2,7,11,2,9,0,4,1,0
0,15,9,2,0,0,4,1,1
2,11,8,2,7,0,4,1,1
2,11,8,4,7,3,2,1,0
2,15,9,4,0,1,4,0,0
2,11,8,2,5,5,2,0,0
2,7,11,0,12,4,4,0,0
2,6,4,4,5,3,4,1,0
2,1,6,4,7,1,4,1,0
5,10,15,4,9,1,4,0,0
0,8,10,2,0,0,4,1,1
2,15,9,2,6,0,4,1,0
1,12,13,0,9,1,0,1,0
2,15,9,4,7,1,4,0,0
2,11,8,2,13,0,2,1,0
2,11,8,2,6,0,4,1,0
2,12,13,2,0,5,4,0,1
2,15,9,0,2,4,4,1,0
2,11,8,4,7,3,4,1,0
2,9,12,4,9,1,4,0,1
2,8,10,4,0,3,4,0,0
2,15,9,4,12,4,4,0,0
2,9,12,2,3,0,1,1,1
2,15,9,2,12,0,4,1,1
4,15,9,0,11,4,4,1,1
2,11,8,3,7,4,2,0,0
2,15,9,2,2,0,1,1,0
2,9,12,2,9,0,4,1,1
2,11,8,2,6,0,4,1,0
2,0,5,4,5,1,4,1,0
2,9,12,0,3,1,4,1,1
0,9,12,2,3,0,4,1,1
2,11,8,2,5,0,4,1,0
2,9,12,4,3,1,4,0,0
2,15,9,2,11,0,4,1,0
2,11,8,4,11,1,4,0,0
2,11,8,4,5,1,4,1,0
2,9,12,2,13,0,4,1,1
3,11,8,4,11,1,4,1,0
2,11,8,4,6,3,4,1,0
2,11,8,0,2,4,4,1,0
2,1,6,2,2,0,4,1,0
1,11,8,4,10,1,2,1,0
2,4,2,6,7,1,2,0,0
1,11,8,2,3,0,4,1,0
4,9,12,2,13,0,4,1,1
4,11,8,0,2,1,4,1,0
2,9,12,2,3,0,4,1,1
2,0,5,4,0,1,2,1,0
2,8,10,4,2,2,4,1,0
2,15,9,4,11,2,4,0,0
2,15,9,2,2,0,4,1,0
2,9,12,2,3,0,4,1,1
2,15,9,4,12,3,4,0,0
2,15,9,4,11,3,4,0,0
2,11,8,4,6,1,4,1,0
2,10,15,0,9,1,4,0,1
2,9,12,2,3,0,4,1,1
2,9,12,2,3,0,4,1,1
2,15,9,0,3,1,4,0,0
2,9,12,4,11,3,4,0,0
4,7,11,0,0,1,4,0,0
2,11,8,4,0,1,4,1,0
0,11,8,4,0,4,4,0,0
2,11,8,4,7,3,4,1,0
2,1,6,4,6,4,4,1,0
2,15,9,4,10,3,4,1,0
2,11,8,4,6,1,4,1,0
2,11,8,2,6,0,4,1,0
3,14,14,2,3,5,4,0,1
2,5,3,5,8,4,2,0,0
2,0,5,2,2,0,4,1,0
2,15,9,0,0,1,2,1,0
2,9,12,4,9,4,4,0,0
2,9,12,4,9,4,4,1,0
5,12,13,4,9,1,4,1,0
4,11,8,2,4,0,4,1,0
2,11,8,0,0,4,4,0,1
2,15,9,2,6,0,4,1,0
0,15,9,2,9,0,4,1,1
2,12,13,0,10,4,4,1,0
1,9,12,2,9,0,4,1,0
2,9,12,4,7,1,2,0,0
0,9,12,1,9,0,4,1,1
4,11,8,4,4,1,4,1,1
2,11,8,0,6,1,4,0,0
2,9,12,0,11,4,4,0,0
2,0,5,0,5,1,4,1,0
2,8,10,4,0,2,1,1,0
2,11,8,4,0,1,4,0,0
3,9,12,2,11,0,4,1,1
2,9,12,0,3,1,4,1,0
2,9,12,2,3,0,4,1,1
2,15,9,4,0,3,4,1,0
4,6,4,2,2,0,4,1,0
2,7,11,4,9,4,4,0,0
2,11,8,2,11,0,4,1,1
2,1,6,2,0,5,4,0,0
5,15,9,0,9,4,4,0,0
2,15,9,2,3,0,4,1,0
2,11,8,0,6,4,4,0,0
5,8,10,2,9,0,4,1,0
2,8,10,3,6,4,4,1,0
2,11,8,5,2,1,4,0,0
2,15,9,4,9,1,4,0,1
3,9,12,2,3,0,4,1,1
2,1,6,2,7,5,4,0,0
2,8,10,2,13,0,4,1,1
5,15,9,0,0,1,4,0,0
2,15,9,2,3,0,4,1,0
0,15,9,4,9,1,4,0,0
2,15,9,2,12,5,4,0,0
2,7,11,2,11,0,4,1,1
2,9,12,0,3,4,4,1,1
2,11,8,2,5,0,4,1,0
2,15,9,4,0,3,4,0,0
2,5,3,2,6,0,4,1,0
2,15,9,2,11,0,4,1,1
2,11,8,4,5,3,4,0,0
4,11,8,2,13,0,4,1,0
2,1,6,4,7,3,4,0,0
2,9,12,2,11,2,4,1,1
3,15,9,4,0,3,4,0,0
2,9,12,0,9,4,4,0,1
2,5,3,0,13,1,4,1,0
2,9,12,4,9,1,4,1,0
2,7,11,4,7,1,4,0,0
2,12,13,2,3,0,4,1,1
2,9,12,0,7,1,2,0,0
0,11,8,2,0,0,2,1,1
2,0,5,4,7,3,4,1,0
2,3,1,2,6,0,4,1,0
2,9,12,4,3,3,4,0,0
3,11,8,0,3,1,4,1,1
2,7,11,4,0,3,4,0,0
1,9,12,0,9,4,4,1,0
2,9,12,0,3,1,4,1,0
2,6,4,4,3,1,4,0,0
2,9,12,3,9,4,4,0,0
2,12,13,0,12,1,4,1,0
2,9,12,2,5,0,4,1,1
2,9,12,4,3,3,4,0,0
3,9,12,2,3,0,4,1,1
2,11,8,2,2,0,4,1,0
4,8,10,2,4,0,4,1,0
2,11,8,2,11,5,4,0,0
2,11,8,0,13,1,4,1,0
2,11,8,4,0,1,4,0,0
3,11,8,4,2,1,4,1,0
2,8,10,2,2,0,4,1,0
2,9,12,2,11,0,4,1,1
2,9,12,2,9,5,4,0,0
2,11,8,2,0,5,4,0,0
2,7,11,4,7,3,2,0,0
2,15,9,4,9,1,2,1,0
2,15,9,2,2,0,4,1,0
1,12,13,2,0,0,4,1,1
4,14,14,2,9,0,4,1,1
2,9,12,2,9,0,4,1,1
2,11,8,4,8,3,4,0,0
4,11,8,2,13,0,4,1,1
2,12,13,4,3,1,4,1,1
2,2,7,4,4,1,4,1,0
2,11,8,2,13,0,4,1,0
2,11,8,4,7,3,2,0,0
2,15,9,4,0,3,4,0,0
2,11,8,2,7,0,4,1,0
2,9,12,2,0,0,4,1,1
2,11,8,0,6,1,4,1,0
2,11,8,4,13,3,4,1,0
4,11,8,4,11,1,2,1,0
5,9,12,4,9,2,2,0,0
4,15,9,2,2,0,4,1,0
2,12,13,2,9,0,4,1,1
2,7,11,4,7,4,4,0,0
2,11,8,4,7,4,4,0,0
4,3,1,6,2,2,4,0,0
4,8,10,0,4,1,4,1,0
2,11,8,2,6,0,4,1,0
2,2,7,4,7,2,4,0,0
1,9,12,0,3,4,2,0,0
4,9,12,2,9,0,4,1,0
2,15,9,0,0,1,4,0,0
0,15,9,2,0,0,4,1,1
2,11,8,4,11,3,4,0,0
5,15,9,4,0,3,4,0,0
4,11,8,2,11,0,4,1,0
2,11,8,2,6,0,4,1,1
1,11,8,2,10,0,4,1,0
2,15,9,0,9,4,4,0,0
2,11,8,4,2,4,4,1,0
2,14,14,2,3,0,4,1,1
2,1,6,4,7,3,4,0,0
2,11,8,2,6,0,4,1,0
2,7,11,2,11,0,4,1,0
2,12,13,4,3,4,2,0,0
2,9,12,2,11,0,4,1,1
5,7,11,2,0,0,4,1,0
2,15,9,2,3,0,4,1,1
2,15,9,2,12,0,4,1,1
2,9,12,2,11,0,4,1,1
4,11,8,2,13,0,4,1,0
4,9,12,2,2,0,4,1,0
2,11,8,2,5,0,4,1,1
2,8,10,2,7,0,4,1,0
2,9,12,6,7,1,4,0,0
2,11,8,4,9,1,4,0,0
2,11,8,2,0,0,4,1,1
2,11,8,4,13,1,4,0,0
2,7,11,2,2,0,4,1,0
2,9,12,4,3,1,4,1,1
2,8,10,0,0,4,4,0,0
2,15,9,0,0,1,4,0,0
2,1,6,4,7,2,4,0,0
1,15,9,0,13,1,4,0,0
0,15,9,2,13,0,2,1,0
4,9,12,0,11,1,4,1,1
2,11,8,0,7,1,2,0,0
2,9,12,2,2,0,4,1,0
2,0,5,2,2,0,2,1,0
4,9,12,2,3,0,4,1,0
2,14,14,2,9,0,4,1,1
1,9,12,2,9,5,4,0,0
2,1,6,4,5,3,4,1,0
2,15,9,2,3,0,4,1,0
3,9,12,5,9,1,4,0,0
1,11,8,2,10,0,4,1,0
2,15,9,2,2,0,4,1,0
3,11,8,4,11,3,4,1,0
2,11,8,2,6,0,4,1,0
2,11,8,0,7,4,4,0,0
1,9,12,2,9,0,4,1,0
2,15,9,0,9,1,4,0,0
1,11,8,0,0,4,4,0,0
2,14,14,2,11,5,4,0,0
2,11,8,4,5,3,2,1,0
2,11,8,2,2,0,4,1,0
2,9,12,2,9,5,4,0,1
2,8,10,0,9,1,4,0,0
4,1,6,2,2,0,4,1,0
2,8,10,0,9,4,4,0,1
2,11,8,2,0,0,4,1,1
1,11,8,2,10,0,4,1,0
2,8,10,2,2,0,4,1,1
2,15,9,2,3,0,4,1,0
1,9,12,5,9,4,4,0,0
2,15,9,4,7,3,4,1,0
2,11,8,2,13,0,4,1,0
2,15,9,2,9,0,4,1,1
3,9,12,2,11,0,4,1,1
2,15,9,2,11,0,4,1,0
2,11,8,0,9,3,4,0,1
2,11,8,4,11,2,4,0,0
2,15,9,2,5,0,2,1,0
1,15,9,0,0,4,4,0,0
2,15,9,2,3,0,4,1,1
1,11,8,2,2,0,4,1,0
2,15,9,2,3,0,4,1,0
2,15,9,2,3,0,4,1,0
4,11,8,2,13,0,4,1,0
2,9,12,2,3,0,4,1,1
2,4,2,5,6,4,4,0,0
2,15,9,0,9,4,4,0,0
1,3,1,2,7,0,4,1,0
2,7,11,2,11,0,4,1,1
2,11,8,4,5,3,4,1,0
1,12,13,2,9,0,4,1,0
2,15,9,2,12,0,4,1,1
2,9,12,0,3,4,4,0,1
5,9,12,4,9,4,2,0,0
2,12,13,4,3,4,4,1,0
2,11,8,2,9,0,0,1,0
2,9,12,2,3,0,4,1,1
2,15,9,4,2,3,4,0,0
2,12,13,2,9,5,4,0,1
2,11,8,4,11,1,4,1,0
2,15,9,4,11,1,4,0,0
2,15,9,4,12,1,4,0,1
2,11,8,2,11,0,4,1,1
4,14,14,2,9,0,3,1,1
1,9,12,2,13,0,4,1,0
2,1,6,4,7,3,4,0,0
2,3,1,4,6,2,4,1,0
4,11,8,2,3,0,4,1,0
2,12,13,2,3,0,4,1,1
1,12,13,0,3,1,4,0,0
2,11,8,2,2,0,4,1,0
2,11,8,2,13,0,4,1,0
2,9,12,2,9,5,4,0,1
2,15,9,2,11,0,4,1,0
2,11,8,4,5,3,4,1,0
4,8,10,2,2,0,4,1,0
2,11,8,4,2,1,4,1,0
2,12,13,4,9,4,4,1,0
2,15,9,1,7,5,4,0,1
2,15,9,2,13,0,4,1,0
2,10,15,2,9,5,4,0,1
2,11,8,4,2,3,4,1,0
2,11,8,0,3,1,4,0,0
2,15,9,4,3,1,4,1,0
5,8,10,4,0,4,4,0,0
2,0,5,2,2,0,2,1,0
0,15,9,2,0,0,4,1,1
2,12,13,2,3,0,4,1,1
2,11,8,2,2,0,4,1,1
5,15,9,4,9,1,4,1,0
2,1,6,2,4,3,4,1,0
2,11,8,4,7,3,4,0,0
2,11,8,4,11,2,4,1,0
2,9,12,2,3,0,4,1,0
4,11,8,2,2,0,4,1,0
4,15,9,2,3,0,4,1,1
0,15,9,0,3,4,4,0,0
2,11,8,0,7,3,4,0,0
1,15,9,4,0,3,4,0,0
2,9,12,5,3,4,2,0,0
2,11,8,0,6,1,4,1,0
2,9,12,0,9,4,4,0,0
2,15,9,4,12,1,2,1,0
1,12,13,2,3,0,2,1,1
2,15,9,2,0,0,4,1,1
1,15,9,0,5,1,4,1,0
5,11,8,0,0,4,4,0,0
2,11,8,2,11,5,4,0,0
1,12,13,2,9,5,4,0,0
2,11,8,2,4,0,4,1,0
2,11,8,2,6,0,4,1,0
4,15,9,2,13,0,4,1,0
2,5,3,2,5,0,4,1,0
4,10,15,2,13,0,4,1,0
4,11,8,2,2,0,4,1,0
2,15,9,6,0,1,4,0,0
2,11,8,2,2,0,4,1,0
2,9,12,2,3,0,4,1,0
2,10,15,2,9,0,4,1,1
2,15,9,4,0,4,4,0,0
2,15,9,4,4,1,4,1,0
5,15,9,0,11,1,4,0,0
3,5,3,2,3,0,4,1,0
2,14,14,2,9,0,4,1,0
2,9,12,4,0,1,4,0,0
0,11,8,2,3,0,4,1,1
0,11,8,2,2,0,4,1,0
2,6,4,2,4,0,4,1,0
5,9,12,4,9,1,4,0,0
3,11,8,2,3,0,4,1,1
2,6,4,4,4,4,4,1,0
2,0,5,4,7,3,4,0,0
2,9,12,2,9,0,4,1,0
2,12,13,2,3,0,4,1,1
2,11,8,2,6,0,4,1,0
2,11,8,5,7,4,2,0,0
2,15,9,2,13,0,4,1,0
2,11,8,4,0,1,4,0,0
2,11,8,2,2,0,4,1,1
2,15,9,4,9,3,4,1,0
2,11,8,4,7,3,2,1,0
2,11,8,4,7,1,4,0,0
2,15,9,4,7,3,4,0,0
2,1,6,2,2,0,4,1,0
4,9,12,2,4,0,4,1,0
1,11,8,2,13,5,4,0,1
1,12,13,2,9,0,4,1,1
5,9,12,4,9,1,2,1,0
2,11,8,2,2,0,4,1,1
2,11,8,4,4,1,4,1,0
2,0,5,4,7,3,4,0,0
2,11,8,2,9,0,4,1,1
4,11,8,4,2,1,4,1,0
2,12,13,2,0,0,4,1,0
2,11,8,0,2,1,4,1,0
1,15,9,2,12,0,4,1,1
2,7,11,0,6,4,0,0,0
2,15,9,0,6,4,2,0,0
2,11,8,2,5,0,4,1,0
2,12,13,4,12,4,4,1,0
2,11,8,5,2,1,4,1,0
1,15,9,4,10,1,4,1,0
2,1,6,4,9,3,4,0,0
2,15,9,4,9,3,4,0,0
5,12,13,2,9,0,4,1,1
5,15,9,2,3,5,2,0,0
2,15,9,0,0,4,4,0,0
4,9,12,4,3,1,4,1,0
2,15,9,2,2,0,4,1,0
2,9,12,2,3,0,4,1,1
5,9,12,2,10,0,4,1,0
2,1,6,0,2,1,4,0,0
5,15,9,0,10,1,4,1,1
2,15,9,4,3,4,4,0,0
2,11,8,4,11,3,4,0,0
3,15,9,2,4,0,4,1,0
2,9,12,2,9,0,4,1,1
4,15,9,2,12,0,4,1,0
2,15,9,4,0,3,4,0,0
2,15,9,4,13,3,4,1,0
2,1,6,4,7,2,4,0,0
2,15,9,2,3,0,4,1,1
2,11,8,2,2,0,4,1,0
2,11,8,6,9,4,4,0,0
1,9,12,2,9,0,4,1,1
2,15,9,4,2,3,4,1,0
2,7,11,2,9,0,4,1,0
2,8,10,2,9,0,4,1,1
2,11,8,4,7,4,2,0,0
2,9,12,2,9,0,4,1,1
4,11,8,2,2,0,4,1,0
2,7,11,4,0,3,4,1,0
2,11,8,4,2,3,2,1,0
2,9,12,4,11,1,4,0,0
5,15,9,4,3,3,4,1,0
3,9,12,4,3,1,4,0,1
1,11,8,2,3,0,4,1,0
2,11,8,2,6,0,4,1,0
2,9,12,2,11,0,4,1,0
2,11,8,0,13,1,4,1,0
2,15,9,4,7,3,2,1,0
2,11,8,4,7,1,2,0,0
2,11,8,6,0,1,4,0,1
2,11,8,0,0,4,4,0,0
2,0,5,5,6,4,2,0,0
3,11,8,2,3,0,4,1,0
4,11,8,2,4,0,0,1,0
0,11,8,2,3,0,4,1,1
2,2,7,4,7,3,4,1,0
2,8,10,0,12,4,2,0,0
2,15,9,4,0,1,4,0,0
2,15,9,2,2,0,4,1,0
1,9,12,4,2,1,4,1,1
1,12,13,0,9,1,2,1,0
2,11,8,4,0,4,4,0,0
2,8,10,0,0,4,2,0,0
2,12,13,2,11,0,4,1,1
2,1,6,4,5,3,4,1,0
0,15,9,4,0,3,2,0,0
4,6,4,2,2,0,4,1,0
2,9,12,2,3,0,4,1,1
2,15,9,4,3,1,4,0,1
2,9,12,2,11,0,4,1,1
2,8,10,2,7,0,4,1,0
1,11,8,6,0,1,4,0,0
2,11,8,0,9,4,4,1,0
2,15,9,0,3,1,4,0,0
2,9,12,4,0,1,4,0,0
2,0,5,2,2,3,2,1,0
5,9,12,4,3,1,2,0,0
2,11,8,4,4,2,4,1,0
2,12,13,2,12,0,4,1,1
2,11,8,2,2,0,4,1,0
4,0,5,6,4,4,4,1,0
2,11,8,2,7,0,4,1,1
2,11,8,2,11,0,4,1,0
2,11,8,2,13,0,4,1,0
2,8,10,4,0,1,4,0,0
2,12,13,2,9,0,4,1,1
0,9,12,2,12,0,4,1,1
2,9,12,2,3,0,4,1,1
2,9,12,2,0,0,4,1,1
2,15,9,4,3,1,4,1,0
2,15,9,4,11,3,4,1,0
2,8,10,3,9,1,4,1,0
2,9,12,2,9,0,4,1,1
0,14,14,2,9,0,4,1,1
2,11,8,2,13,0,4,1,0
2,11,8,4,5,3,4,1,0
3,11,8,2,3,5,0,0,1
2,11,8,2,6,0,4,1,0
5,9,12,2,9,0,4,1,1
2,15,9,0,0,4,4,0,0
2,11,8,5,12,4,4,0,0
2,1,6,4,6,3,2,0,0
4,5,3,2,4,0,4,1,1
2,11,8,0,11,1,4,1,0
1,15,9,0,12,1,4,0,0
2,11,8,4,0,1,4,0,0
2,12,13,4,9,1,4,1,1
2,9,12,2,11,0,4,1,0
2,15,9,0,11,1,4,0,0
2,15,9,4,0,3,4,0,0
2,11,8,0,3,1,4,1,0
2,15,9,4,2,2,1,0,0
2,1,6,4,7,3,4,1,0
2,11,8,4,0,1,4,0,0
2,11,8,2,13,0,4,1,1
2,11,8,0,11,1,4,1,0
2,15,9,4,0,1,4,0,0
0,15,9,6,10,1,4,0,0
2,11,8,2,2,0,4,1,0
2,1,6,4,11,3,4,0,0
4,11,8,2,11,0,4,1,0
2,11,8,4,2,1,4,1,0
2,9,12,2,3,0,4,1,1
2,9,12,4,0,3,4,0,0
1,15,9,2,10,0,4,1,0
2,10,15,2,9,0,1,1,1
2,11,8,2,7,5,4,0,0
2,15,9,2,12,0,4,1,0
4,11,8,2,13,0,4,1,0
2,12,13,2,3,5,4,0,0
5,11,8,4,7,1,4,1,0
2,6,4,5,6,4,4,0,0
5,2,7,4,7,3,4,1,0
2,11,8,4,9,3,4,0,0
2,7,11,4,11,1,2,0,0
2,11,8,2,2,0,4,1,0
2,2,7,2,7,0,4,1,0
2,11,8,0,7,1,4,0,0
2,11,8,2,0,0,4,1,0
2,9,12,2,9,5,4,0,0
2,9,12,4,9,1,4,1,1
2,7,11,4,7,3,4,0,0
4,8,10,0,3,1,4,1,0
4,11,8,2,2,0,4,1,0
4,15,9,4,12,1,4,1,0
2,15,9,2,13,0,4,1,0
2,15,9,0,7,4,2,0,0
4,9,12,2,3,0,4,1,1
2,15,9,0,6,4,2,0,0
2,15,9,4,9,1,4,0,0
2,11,8,5,6,4,2,0,0
5,9,12,2,3,0,4,1,1
2,9,12,4,11,4,4,0,0
2,15,9,4,3,1,4,1,0
4,0,5,3,4,1,4,1,0
2,9,12,2,3,0,4,1,1
2,15,9,4,7,3,4,0,0
3,11,8,2,13,0,4,1,1
2,15,9,4,2,1,4,1,0
2,15,9,4,7,3,4,0,0
2,14,14,4,9,1,4,1,0
2,7,11,4,11,3,4,0,0
2,15,9,4,0,3,4,1,0
2,11,8,2,7,5,1,0,0
1,5,3,2,2,0,4,1,0
2,11,8,4,5,1,4,1,0
2,15,9,2,13,0,4,1,1
2,1,6,2,5,0,4,1,0
2,14,14,2,9,0,4,1,1
2,15,9,2,6,0,4,1,0
4,8,10,2,4,0,4,1,0
4,11,8,2,11,0,4,1,0
4,15,9,0,3,4,4,0,0
2,15,9,0,3,4,4,0,0
2,9,12,2,3,0,4,1,1
2,9,12,2,9,0,4,1,1
2,15,9,0,3,1,4,0,0
2,2,7,0,6,1,4,0,0
2,9,12,0,12,2,4,1,0
2,15,9,5,2,1,4,1,0
4,11,8,4,11,1,4,1,0
2,15,9,4,7,3,4,1,0
2,15,9,0,11,2,4,0,1
2,11,8,6,2,1,4,0,0
2,11,8,4,7,3,1,0,0
1,12,13,2,9,0,4,1,0
2,11,8,2,0,0,4,1,0
4,15,9,2,3,0,4,1,0
0,1,6,0,2,1,2,0,1
2,12,13,2,9,0,4,1,1
5,7,11,4,0,1,4,0,0
2,8,10,4,12,2,4,0,0
2,9,12,2,11,0,4,1,1
2,11,8,4,11,3,4,0,0
4,15,9,2,2,0,4,1,0
2,11,8,0,11,1,4,1,0
3,14,14,2,9,0,4,1,1
2,1,6,4,11,3,4,0,0
2,15,9,2,5,0,4,1,0
2,12,13,2,9,0,4,1,1
5,15,9,2,3,0,4,1,1
2,11,8,6,0,4,4,0,0
2,15,9,4,4,1,4,0,0
2,15,9,2,13,0,4,1,0
5,2,7,0,7,4,4,0,0
2,9,12,4,11,1,4,1,0
2,9,12,4,6,3,4,1,0
2,15,9,2,11,0,4,1,1
0,11,8,2,0,0,2,1,1
4,12,13,4,9,1,4,1,0
2,15,9,4,12,3,4,1,0
2,15,9,4,3,1,4,1,0
4,11,8,2,4,0,4,1,0
2,11,8,2,5,0,4,1,0
2,11,8,4,2,4,4,1,0
2,12,13,2,9,0,4,1,1
2,15,9,4,9,3,4,1,0
2,11,8,2,5,0,4,1,0
2,15,9,2,2,0,4,1,0
5,12,13,0,9,1,4,1,0
2,5,3,2,5,2,3,0,0
3,11,8,4,11,2,4,1,0
2,11,8,5,13,4,2,0,0
2,9,12,4,9,1,4,1,0
2,11,8,2,13,0,4,1,0
2,14,14,4,12,1,4,1,0
2,9,12,3,0,1,4,0,0
2,4,2,2,5,0,4,1,0
2,5,3,2,9,0,4,1,0
2,11,8,2,2,0,2,1,0
2,11,8,5,3,4,4,0,0
2,9,12,4,3,3,1,0,0
2,11,8,4,7,3,2,1,0
2,15,9,2,2,0,4,1,0
5,15,9,0,0,1,4,0,0
2,6,4,2,13,0,4,1,0
2,15,9,4,13,1,4,1,0
2,9,12,2,3,5,4,0,1
2,5,3,0,2,4,4,1,0
2,11,8,4,6,3,4,1,0
2,0,5,2,6,3,1,0,0
2,9,12,2,0,0,4,1,1
2,9,12,0,9,1,4,0,1
2,15,9,0,11,1,4,1,0
2,11,8,0,6,4,4,1,1
2,8,10,4,7,1,4,1,0
2,11,8,0,0,4,2,0,0
2,11,8,2,2,0,4,1,0
3,7,11,2,2,0,4,1,0
2,11,8,2,11,5,4,0,1
2,15,9,4,10,3,2,0,0
2,15,9,2,6,0,4,1,1
3,1,6,4,4,3,4,1,0
2,15,9,2,11,0,2,1,1
2,9,12,4,7,1,4,1,0
2,8,10,2,5,5,4,0,0
5,11,8,4,0,3,4,0,0
2,1,6,4,2,3,4,1,0
2,4,2,2,5,0,1,1,1
0,15,9,2,0,0,1,1,0
2,15,9,4,11,3,4,0,0
2,0,5,4,5,3,4,1,0
2,15,9,2,5,0,4,1,1
1,11,8,2,10,0,4,1,1
2,11,8,6,0,1,4,0,0
1,11,8,4,10,1,4,1,0
1,1,6,4,0,3,4,1,0
2,11,8,4,5,3,4,1,0
2,9,12,2,11,0,4,1,1
2,11,8,2,7,0,4,1,0
5,11,8,0,0,3,4,0,0
2,9,12,2,3,0,4,1,1
2,15,9,2,3,3,4,1,1
2,11,8,2,6,0,4,1,0
2,9,12,4,11,1,4,0,0
2,11,8,2,0,5,4,0,0
2,8,10,2,6,0,4,1,1
2,4,2,4,5,3,4,1,0
2,7,11,2,12,0,4,1,0
2,11,8,2,2,0,4,1,0
2,11,8,4,0,3,4,0,0
5,15,9,4,5,3,4,1,0
2,11,8,4,2,1,4,1,0
2,11,8,4,10,3,2,1,0
1,8,10,4,10,1,4,0,0
2,2,7,2,13,0,4,1,1
0,15,9,0,3,1,4,0,0
2,11,8,2,4,0,4,1,1
2,11,8,2,6,0,4,1,0
2,0,5,4,7,3,4,1,0
2,11,8,2,9,1,2,1,0
2,11,8,2,4,0,4,1,0
2,0,5,4,2,1,4,1,0
2,11,8,2,2,0,4,1,1
2,11,8,2,2,0,4,1,1
5,12,13,0,9,1,4,1,0
1,12,13,2,9,0,4,1,1
2,11,8,0,2,1,4,1,0
1,9,12,4,9,3,2,0,0
2,11,8,5,6,1,4,1,0
2,11,8,0,3,1,4,1,0
2,12,13,2,9,0,4,1,1
2,11,8,4,13,1,4,1,0
1,7,11,4,10,4,4,1,0
2,2,7,2,2,0,4,1,0
2,0,5,2,5,0,2,1,0
1,12,13,2,9,0,2,1,1
5,15,9,4,9,3,4,1,0
2,11,8,2,6,0,4,1,1
2,11,8,2,7,0,4,1,0
2,15,9,2,5,0,4,1,0
2,0,5,2,13,0,4,1,0
2,11,8,2,2,0,4,1,0
2,15,9,2,11,0,4,1,0
3,15,9,2,6,0,4,1,0
1,12,13,2,9,5,4,0,1
2,11,8,2,11,5,4,0,0
5,9,12,2,3,5,4,0,1
2,1,6,0,7,4,4,0,0
2,8,10,2,12,0,4,1,0
2,8,10,0,0,1,4,0,0
2,8,10,2,2,0,4,1,0
2,15,9,2,5,0,4,1,0
2,15,9,2,13,0,4,1,0
2,12,13,2,9,0,4,1,1
2,15,9,5,12,1,4,0,0
0,15,9,4,0,1,4,1,0
2,11,8,2,2,0,4,1,0
2,15,9,4,7,3,4,0,0
2,9,12,2,9,0,4,1,1
2,11,8,2,2,0,4,1,0
2,15,9,4,0,1,4,0,0
2,15,9,2,4,0,4,1,1
2,11,8,0,6,1,4,1,0
2,11,8,0,3,4,4,0,0
3,9,12,2,3,0,4,1,0
2,9,12,2,9,0,4,1,1
1,8,10,2,10,0,4,1,1
2,9,12,0,9,1,4,1,0
2,11,8,2,6,0,4,1,1
2,11,8,2,13,0,4,1,0
0,9,12,4,3,3,4,1,0
2,11,8,5,3,4,4,0,0
2,8,10,4,3,1,4,0,0
2,11,8,4,7,2,4,1,0
2,11,8,2,6,0,4,1,1
2,11,8,4,6,3,4,0,0
5,11,8,0,3,1,4,1,0
2,0,5,2,6,0,2,1,0
2,11,8,4,5,2,4,1,0
2,9,12,4,12,1,2,1,0
2,11,8,4,11,3,4,1,0
2,15,9,2,3,0,4,1,0
0,15,9,0,3,4,2,0,0
2,11,8,2,6,0,4,1,1
2,11,8,0,13,3,4,1,0
2,15,9,4,13,3,4,1,0
2,11,8,4,2,3,2,1,0
2,15,9,2,6,0,1,1,0
1,9,12,4,9,1,4,1,0
2,11,8,2,2,0,4,1,0
2,4,2,2,2,0,4,1,0
5,2,7,4,0,4,4,0,0
2,15,9,4,0,3,4,1,0
2,8,10,2,2,0,4,1,0
2,9,12,2,11,0,4,1,0
2,11,8,4,5,3,2,1,0
2,11,8,2,2,0,4,1,0
2,11,8,2,3,0,4,1,0
4,11,8,2,7,0,2,1,1
3,15,9,2,11,0,4,1,1
2,11,8,2,2,0,4,1,0
2,5,3,2,4,0,2,1,0
2,11,8,4,7,4,2,0,0
4,11,8,2,2,0,4,1,0
2,15,9,2,3,0,2,1,1
2,9,12,2,9,0,4,1,1
2,12,13,4,9,1,4,1,0
2,15,9,2,3,0,4,1,1
2,4,2,4,5,4,4,1,0
5,8,10,2,3,0,4,1,1
2,10,15,2,9,0,4,1,1
2,7,11,0,11,1,4,1,0
5,15,9,0,9,1,2,0,0
2,11,8,4,13,1,4,1,0
2,15,9,4,3,1,4,0,1
2,11,8,4,7,1,4,1,0
2,15,9,4,11,3,2,0,0
2,15,9,4,6,1,2,1,0
2,11,8,4,7,3,4,0,0
2,0,5,2,2,0,4,1,1
4,0,5,3,7,1,4,0,0
2,15,9,4,7,3,4,1,0
2,11,8,4,5,1,2,1,0
2,15,9,4,2,1,4,1,0
2,1,6,4,7,3,4,1,0
2,11,8,2,9,0,4,1,0
2,15,9,4,5,1,4,1,0
2,11,8,2,2,0,4,1,1
2,15,9,4,7,4,4,0,0
1,11,8,4,5,2,2,1,0
2,11,8,0,7,4,2,0,0
2,11,8,2,2,0,4,1,0
2,4,2,4,2,1,4,1,0
4,11,8,4,11,1,4,0,0
2,15,9,0,2,1,4,1,0
2,12,13,2,9,0,4,1,0
2,2,7,0,2,3,4,1,0
2,15,9,4,7,3,4,0,0
2,11,8,4,6,3,4,0,0
5,15,9,2,3,0,2,1,1
2,11,8,2,2,0,4,1,1
2,11,8,4,5,3,2,1,0
2,15,9,4,0,1,3,0,0
3,15,9,2,9,5,4,0,1
2,11,8,2,2,0,4,1,0
4,15,9,2,0,5,4,0,0
2,12,13,0,9,1,4,1,0
2,5,3,4,7,3,4,0,0
4,11,8,2,7,0,1,1,0
2,6,4,4,6,1,4,1,0
2,12,13,2,11,0,4,1,0
2,11,8,0,2,4,4,1,0
2,10,15,0,9,4,2,0,1
4,7,11,4,2,3,4,1,0
3,11,8,2,7,0,4,1,0
2,11,8,4,3,1,4,1,0
2,1,6,4,7,3,4,0,0
2,15,9,4,0,3,4,1,0
1,11,8,0,10,1,4,1,1
4,12,13,0,7,4,4,0,0
2,11,8,2,13,0,3,1,0
2,11,8,2,13,0,4,1,0
2,9,12,4,0,1,4,1,0
2,15,9,4,0,1,4,0,0
5,7,11,4,9,1,4,1,0
2,11,8,2,13,0,4,1,0
2,11,8,2,2,0,4,1,0
2,9,12,0,3,1,4,0,0
2,11,8,0,13,1,4,1,0
2,9,12,2,0,0,4,1,1
2,1,6,2,5,2,4,1,0
2,12,13,2,3,0,4,1,0
2,7,11,0,9,1,4,1,0
2,11,8,4,6,3,4,1,0
2,15,9,4,0,3,4,0,0
2,8,10,2,9,0,4,1,1
4,7,11,6,11,4,4,0,1
2,11,8,2,13,0,4,1,0
5,9,12,5,9,1,4,0,0
2,15,9,4,5,3,4,1,0
2,7,11,6,0,4,4,0,0
5,15,9,0,6,1,2,0,0
2,9,12,2,9,0,4,1,1
2,1,6,4,5,3,0,1,0
2,6,4,2,2,0,4,1,0
2,11,8,2,6,0,2,1,0
2,11,8,4,2,1,4,1,0
2,8,10,2,2,0,4,1,1
1,7,11,2,9,5,0,0,0
2,4,2,2,2,0,4,1,0
5,15,9,0,3,1,4,0,0
2,11,8,2,13,0,4,1,0
2,11,8,0,11,4,0,0,0
2,9,12,3,0,4,4,0,0
2,9,12,2,3,5,4,0,1
1,12,13,4,9,4,4,0,0
2,11,8,4,13,3,4,0,0
1,5,3,2,10,0,4,1,0
0,11,8,4,0,1,4,0,0
2,15,9,4,5,3,4,1,0
2,11,8,2,11,0,4,1,0
4,11,8,0,3,4,4,0,0
2,9,12,2,9,0,4,1,0
3,11,8,2,11,0,4,1,1
2,15,9,2,2,0,4,1,0
2,0,5,3,2,1,4,0,0
4,15,9,2,3,0,4,1,1
2,1,6,4,7,4,2,0,0
2,11,8,4,2,3,4,1,0
2,8,10,4,7,3,4,0,0
2,15,9,2,0,0,4,1,0
0,9,12,2,3,0,4,1,1
2,11,8,4,7,1,4,0,0
3,9,12,0,3,1,4,0,0
2,11,8,6,3,4,4,1,1
1,9,12,2,9,5,4,0,1
2,9,12,4,0,1,4,0,0
2,9,12,2,3,0,4,1,1
2,0,5,2,5,0,4,1,0
2,11,8,4,6,1,4,0,0
2,11,8,2,7,0,2,1,1
1,11,8,2,13,0,4,1,0
2,14,14,2,3,0,4,1,1
2,1,6,4,5,3,4,1,0
2,15,9,4,7,3,4,1,0
2,0,5,4,13,1,2,1,0
5,12,13,4,9,1,4,0,0
3,11,8,2,11,0,4,1,0
2,9,12,2,0,0,4,1,1
2,8,10,4,9,1,4,0,0
4,9,12,2,4,0,4,1,0
2,11,8,2,13,0,4,1,0
2,7,11,4,7,1,4,0,0
2,11,8,2,3,5,4,0,1
5,8,10,2,3,0,4,1,0
2,9,12,4,9,3,4,1,0
5,11,8,2,10,0,4,1,0
2,11,8,2,2,0,4,1,1
1,9,12,4,9,1,4,0,0
2,12,13,2,3,0,4,1,1
2,9,12,4,3,1,4,1,0
2,9,12,2,11,0,4,1,0
2,15,9,2,6,0,4,1,0
2,15,9,4,7,3,4,0,0
2,11,8,0,5,4,4,1,0
2,15,9,6,0,1,4,0,0
2,9,12,2,3,0,4,1,1
2,9,12,2,11,0,4,1,0
2,11,8,2,11,0,4,1,0
1,11,8,2,3,0,4,1,1
2,6,4,4,7,3,2,1,0
2,9,12,2,3,0,4,1,1
2,5,3,2,7,5,4,0,0
2,11,8,0,13,1,4,1,0
1,10,15,2,9,0,4,1,1
2,11,8,2,11,0,4,1,0
2,7,11,4,9,4,2,0,0
2,8,10,4,2,1,4,1,0
2,2,7,4,7,3,4,1,0
2,11,8,6,12,4,2,0,0
2,9,12,4,9,1,4,0,0
2,7,11,2,3,5,4,0,1
2,11,8,2,11,0,4,1,0
2,14,14,2,9,0,4,1,1
2,15,9,2,11,0,4,1,1
4,1,6,5,7,4,4,0,0
2,15,9,0,11,4,4,0,1
2,12,13,2,3,0,4,1,1
2,15,9,4,4,3,4,1,0
2,11,8,4,7,1,4,0,0
2,11,8,2,5,0,4,1,0
2,11,8,2,11,0,4,1,1
2,6,4,4,2,1,4,1,0
2,11,8,4,5,1,4,1,0
2,9,12,0,7,1,4,0,0
1,12,13,2,9,0,4,1,1
2,1,6,2,6,0,4,1,1
2,15,9,0,3,4,4,0,0
2,8,10,4,7,1,4,1,0
2,11,8,4,7,3,4,1,0
2,15,9,4,3,1,4,0,0
2,11,8,4,13,2,4,1,0
2,15,9,4,2,1,4,1,0
2,11,8,0,7,1,4,0,0
2,11,8,4,0,1,4,0,0
2,9,12,2,11,0,4,1,0
2,7,11,4,9,1,4,0,0
2,0,5,0,2,1,4,1,0
2,11,8,6,2,1,4,1,0
2,11,8,4,7,4,4,1,0
4,15,9,2,3,0,4,1,1
2,11,8,2,0,0,4,1,1
2,11,8,3,10,1,4,1,0
2,9,12,0,9,1,4,1,0
1,11,8,2,13,0,2,1,0
2,11,8,2,3,0,4,1,0
2,11,8,0,7,1,4,1,0
2,11,8,2,2,0,4,1,1
2,9,12,2,0,5,1,0,1
4,6,4,2,2,0,4,1,0
5,9,12,2,9,0,4,1,0
2,9,12,0,9,1,4,0,0
5,15,9,2,3,5,4,0,1
2,11,8,2,6,0,4,1,0
2,11,8,4,4,3,4,1,0
2,15,9,4,0,3,3,0,0
2,15,9,4,7,3,4,0,0
2,11,8,6,0,1,4,0,0
4,7,11,2,2,0,4,1,1
2,11,8,4,2,2,4,1,0
2,11,8,2,4,0,4,1,0
2,7,11,2,12,0,4,1,0
2,15,9,2,3,0,4,1,1
2,14,14,4,9,1,4,0,0
1,11,8,6,13,4,4,0,0
2,11,8,2,10,0,2,1,1
2,2,7,4,10,3,2,1,0
2,15,9,0,0,1,4,1,0
2,15,9,4,7,3,4,0,0
2,1,6,2,7,5,2,0,0
4,11,8,2,4,0,4,1,1
3,15,9,0,11,1,4,1,0
2,12,13,2,3,0,4,1,1
1,15,9,2,2,0,4,1,1
2,15,9,4,0,3,2,0,0
2,8,10,4,0,3,4,0,0
2,15,9,4,11,3,4,0,0
3,8,10,4,13,4,4,1,0
5,0,5,2,2,0,0,1,0
2,15,9,4,0,3,4,0,0
0,0,5,2,7,5,0,0,0
2,11,8,2,9,0,4,1,1
2,7,11,4,0,1,4,0,0
3,14,14,2,9,0,4,1,1
4,14,14,2,9,0,4,1,1
2,11,8,4,10,3,4,1,0
2,15,9,4,7,3,1,1,0
2,15,9,4,7,3,4,0,0
1,11,8,4,0,3,4,1,0
2,11,8,2,2,0,4,1,0
1,9,12,4,9,4,4,0,0
2,15,9,0,2,1,4,0,0
1,11,8,5,7,4,2,0,0
5,11,8,2,12,0,4,1,1
2,7,11,2,11,0,3,1,1
2,11,8,2,6,0,4,1,0
2,11,8,3,2,1,4,1,1
4,11,8,2,11,0,4,1,1
2,11,8,0,0,4,4,0,0
2,15,9,0,0,1,4,0,0
2,11,8,4,7,1,4,1,0
0,11,8,0,0,1,4,0,0
2,15,9,4,11,3,4,0,0
1,7,11,4,0,1,4,0,0
2,9,12,4,0,1,4,0,0
4,9,12,0,4,1,4,1,1
2,1,6,5,2,1,4,1,0
5,9,12,4,10,4,2,0,0
2,15,9,0,0,4,4,0,0
2,1,6,4,5,3,4,1,0
5,7,11,2,11,0,4,1,1
2,5,3,2,7,0,4,1,0
2,9,12,4,11,1,4,0,0
4,9,12,4,9,1,4,0,1
2,8,10,4,2,3,4,1,0
2,11,8,4,3,1,4,1,0
5,14,14,2,9,5,4,0,1
2,7,11,2,0,5,1,0,1
2,14,14,4,9,1,4,1,0
1,12,13,4,3,1,4,1,0
2,9,12,2,3,0,4,1,1
2,11,8,2,2,0,4,1,1
2,3,1,2,13,0,4,1,0
5,11,8,3,7,4,4,0,0
2,15,9,2,11,5,4,0,1
2,15,9,0,0,4,4,0,0
2,9,12,2,11,0,4,1,0
2,6,4,2,13,0,4,1,0
2,1,6,4,2,3,4,1,0
5,9,12,0,9,1,2,1,0
1,11,8,4,2,1,4,1,0
2,11,8,2,6,0,4,1,0
2,9,12,2,3,0,4,1,1
2,2,7,2,2,0,4,1,0
1,11,8,2,13,0,4,1,0
2,11,8,2,5,0,4,1,0
2,3,1,2,5,0,4,1,0
2,3,1,2,6,0,4,1,0
2,11,8,0,7,4,2,0,0
4,12,13,2,11,0,4,1,0
2,11,8,5,7,1,2,0,0
4,8,10,2,11,0,4,1,0
2,15,9,4,5,3,4,1,0
2,0,5,3,7,1,2,0,0
2,9,12,4,11,1,4,0,0
2,12,13,2,11,0,4,1,1
4,9,12,2,3,0,4,1,1
2,12,13,4,9,1,1,1,0
2,7,11,6,12,4,4,0,0
2,11,8,2,2,0,4,1,1
2,11,8,0,11,4,2,1,0
2,11,8,5,13,1,4,1,0
2,11,8,4,5,1,2,1,0
2,11,8,4,6,3,4,1,0
2,15,9,2,2,0,4,1,1
2,11,8,4,0,3,4,1,0
1,11,8,2,10,0,4,1,0
2,8,10,0,12,4,2,0,0
0,14,14,0,9,1,4,0,1
2,15,9,2,2,0,4,1,1
2,11,8,2,2,0,4,1,0
2,11,8,2,5,5,4,0,0
2,15,9,2,11,0,4,1,1
2,2,7,4,7,3,4,1,0
2,9,12,2,9,0,4,1,1
2,11,8,4,11,3,4,0,0
2,2,7,5,6,2,4,0,0
2,15,9,4,5,3,4,1,0
2,15,9,4,5,3,2,1,0
2,11,8,4,6,3,2,0,0
1,6,4,4,7,3,4,1,0
0,9,12,4,0,1,4,0,0
2,15,9,0,3,1,4,1,1
5,9,12,0,0,1,2,0,0
2,15,9,4,7,2,4,0,0
2,7,11,6,7,1,4,0,0
2,15,9,0,3,1,4,0,0
2,7,11,2,12,0,4,1,1
2,15,9,5,12,4,2,0,0
2,12,13,2,3,0,4,1,1
2,1,6,4,7,1,4,1,0
2,11,8,4,7,3,4,1,0
2,15,9,4,11,1,4,0,0
5,10,15,2,9,0,4,1,1
4,11,8,2,4,0,4,1,0
2,11,8,2,5,0,4,1,1
2,11,8,2,13,0,4,1,0
2,5,3,4,7,3,4,1,0
4,15,9,4,9,1,1,1,0
2,11,8,2,5,0,4,1,0
2,1,6,4,7,3,2,1,0
2,8,10,2,6,3,4,0,0
4,11,8,2,4,0,4,1,0
2,9,12,0,11,1,4,0,0
2,11,8,2,2,0,2,1,0
2,1,6,2,7,5,2,0,1
3,9,12,0,3,1,4,1,0
0,11,8,2,3,0,0,1,0
2,11,8,4,2,1,4,0,0
2,11,8,2,9,0,4,1,1
2,11,8,5,0,4,4,0,0
2,15,9,0,3,4,4,0,0
2,12,13,2,3,0,4,1,1
2,11,8,0,0,4,4,0,0
2,8,10,2,11,0,4,1,1
2,11,8,5,6,4,3,0,0
5,11,8,0,3,4,4,0,1
2,15,9,2,13,0,4,1,0
2,11,8,4,6,4,2,1,0
2,9,12,2,3,0,2,1,1
2,12,13,4,9,1,4,0,0
2,11,8,4,0,1,4,0,0
2,9,12,2,2,0,4,1,1
2,1,6,4,11,3,4,0,0
2,11,8,0,11,1,4,0,0
2,11,8,2,2,0,4,1,1
2,11,8,2,2,0,2,1,1
2,11,8,4,2,4,4,1,0
2,11,8,2,0,0,4,1,1
1,11,8,6,7,4,2,0,0
2,11,8,2,11,0,4,1,0
2,11,8,4,6,3,4,1,0
2,15,9,2,3,0,0,1,0
2,8,10,2,2,0,4,1,1
1,11,8,2,10,0,4,1,1
2,15,9,4,0,1,4,0,0
2,9,12,2,9,0,4,1,1
2,11,8,4,0,1,1,0,0
2,10,15,2,9,0,1,1,1
2,11,8,2,6,0,4,1,0
2,9,12,2,10,0,4,1,1
1,7,11,2,9,0,1,1,1
2,9,12,0,11,1,4,1,1
2,1,6,2,2,0,4,1,0
2,11,8,2,0,5,4,0,0
1,11,8,0,7,4,0,1,0
2,11,8,0,3,1,4,0,0
2,11,8,4,3,1,1,0,0
2,4,2,2,4,0,4,1,0
3,12,13,4,7,3,4,1,0
2,15,9,0,7,1,4,0,0
1,9,12,2,9,5,4,0,0
4,7,11,2,3,0,4,1,0
5,9,12,4,3,1,4,0,0
2,15,9,2,0,0,0,1,0
2,15,9,2,13,0,4,1,1
2,1,6,6,0,1,4,0,0
2,15,9,4,11,3,1,1,0
2,11,8,2,11,0,1,1,1
2,11,8,2,3,0,4,1,0
2,8,10,2,2,0,4,1,1
5,9,12,2,3,0,4,1,1
2,15,9,0,2,1,4,1,0
2,15,9,4,13,3,4,1,0
2,9,12,2,11,0,4,1,1
2,11,8,2,2,0,4,1,0
2,12,13,0,3,1,4,1,1
2,5,3,2,13,0,4,1,0
2,9,12,2,3,0,4,1,1
4,12,13,2,11,0,4,1,1
0,11,8,0,5,1,4,1,0
2,11,8,5,5,1,2,1,0
2,15,9,2,2,0,4,1,0
2,11,8,0,0,4,4,0,0
2,11,8,4,5,1,2,1,0
2,5,3,2,4,0,4,1,0
2,11,8,2,2,0,4,1,0
2,15,9,2,5,0,4,1,0
2,11,8,4,13,3,4,1,0
2,9,12,2,3,0,4,1,1
2,15,9,4,7,1,4,1,0
2,11,8,2,6,0,4,1,0
2,8,10,0,9,4,4,0,0
2,11,8,2,13,0,2,1,0
5,10,15,4,9,1,4,0,0
2,15,9,2,5,0,4,1,0
2,11,8,4,0,1,2,0,0
2,9,12,5,9,2,2,0,0
2,1,6,0,2,1,4,1,0
2,8,10,2,2,0,4,1,0
2,9,12,2,3,0,4,1,1
2,4,2,2,7,0,4,1,0
2,11,8,0,11,1,4,1,0
4,9,12,2,4,0,4,1,0
2,9,12,5,3,1,4,1,0
2,15,9,4,5,1,4,1,0
2,9,12,0,3,1,4,0,1
2,12,13,5,3,4,4,0,0
2,8,10,2,3,0,4,1,1
2,11,8,6,3,4,4,0,0
2,9,12,4,3,1,4,0,1
2,15,9,4,0,4,4,0,0
2,6,4,4,7,3,4,1,0
2,15,9,2,2,0,4,1,0
2,9,12,2,0,5,1,0,1
4,15,9,6,3,2,4,1,0
2,11,8,4,6,1,4,1,0
1,7,11,2,10,0,4,1,1
1,12,13,0,9,4,4,0,0
2,9,12,2,11,0,4,1,1
2,11,8,4,2,3,4,1,0
2,11,8,4,13,3,4,1,0
2,7,11,0,9,1,4,0,1
2,15,9,2,3,0,4,1,0
2,11,8,4,0,1,4,0,0
2,12,13,2,9,0,4,1,0
3,12,13,2,11,0,4,1,0
2,15,9,4,12,3,4,1,0
2,9,12,2,11,0,4,1,1
2,4,2,3,7,4,4,0,0
1,15,9,2,10,0,4,1,1
2,11,8,2,7,5,4,0,0
0,15,9,2,3,0,4,1,1
1,1,6,2,13,0,4,1,0
2,11,8,2,3,0,4,1,0
2,11,8,4,5,3,0,0,0
2,9,12,4,3,3,4,1,0
2,15,9,2,4,0,4,1,0
3,11,8,5,9,2,4,1,0
2,7,11,2,7,0,4,1,0
5,12,13,2,9,0,4,1,1
1,12,13,2,9,0,4,1,1
2,8,10,2,11,0,4,1,1
2,2,7,4,2,1,4,1,0
1,11,8,2,10,0,4,1,0
2,11,8,2,2,0,4,1,0
1,11,8,2,13,0,4,1,1
2,15,9,2,6,0,4,1,0
1,12,13,0,9,1,4,0,1
2,15,9,2,11,0,4,1,0
2,11,8,4,7,3,2,0,0
2,8,10,2,9,5,4,0,0
2,11,8,2,6,0,4,1,0
2,6,4,0,3,4,4,0,0
2,11,8,2,6,0,4,1,0
2,15,9,4,2,1,2,1,0
2,9,12,2,0,0,4,1,0
2,15,9,4,11,1,4,1,0
2,15,9,2,11,5,4,0,0
2,6,4,6,7,1,4,0,0
2,8,10,2,2,0,4,1,1
2,15,9,2,0,0,4,1,1
1,12,13,2,9,0,4,1,1
2,11,8,0,7,3,4,0,0
5,12,13,2,3,0,4,1,1
1,15,9,4,10,4,1,0,0
2,15,9,4,0,3,4,1,0
2,15,9,0,3,1,4,1,0
1,12,13,2,9,5,4,0,1
2,9,12,4,11,1,4,1,0
2,11,8,4,11,1,4,0,0
2,9,12,2,11,0,4,1,1
2,0,5,4,13,1,4,1,0
2,3,1,0,7,4,2,0,0
2,9,12,2,7,0,4,1,0
5,11,8,4,2,4,4,1,0
2,9,12,2,9,0,4,1,0
2,11,8,2,3,0,4,1,0
5,12,13,5,9,1,4,1,0
2,9,12,4,3,1,4,1,0
0,14,14,2,9,0,4,1,1
3,9,12,2,3,0,4,1,1
1,12,13,6,9,4,2,0,0
2,15,9,2,2,0,4,1,1
2,7,11,0,6,1,4,1,0
2,15,9,4,0,1,4,0,0
4,15,9,2,2,0,4,1,0
2,14,14,4,9,1,4,0,0
2,15,9,4,3,4,2,0,0
4,11,8,2,13,0,4,1,0
2,9,12,2,3,0,4,1,1
2,9,12,2,3,0,4,1,1
4,8,10,2,4,0,4,1,0
2,15,9,2,3,0,4,1,1
2,15,9,2,7,5,4,0,0
2,11,8,2,2,0,4,1,0
4,11,8,2,2,0,4,1,0
2,11,8,2,11,5,4,0,0
2,9,12,4,3,1,4,1,0
2,11,8,2,9,0,4,1,0
2,15,9,2,3,0,4,1,1
2,11,8,4,13,3,2,1,0
2,9,12,4,9,3,4,1,0
2,11,8,4,11,3,4,1,0
2,15,9,4,11,3,4,1,0
2,11,8,0,7,4,4,0,0
2,11,8,4,7,3,4,1,0
3,15,9,6,11,1,4,1,1
2,11,8,4,6,1,4,1,0
2,10,15,2,9,0,1,1,1
2,8,10,0,9,4,4,0,0
2,9,12,2,0,0,4,1,1
5,15,9,2,10,0,4,1,1
2,15,9,4,12,3,4,1,0
2,15,9,4,9,1,4,1,0
2,11,8,2,2,0,4,1,0
4,15,9,2,11,0,4,1,0
2,11,8,4,7,1,4,1,0
1,15,9,6,9,4,4,1,0
3,0,5,2,2,0,4,1,0
2,12,13,2,3,0,4,1,1
2,15,9,2,2,0,4,1,1
2,11,8,2,7,0,4,1,0
2,2,7,4,7,3,4,0,0
1,15,9,2,3,0,4,1,1
3,9,12,2,10,0,2,1,1
2,9,12,2,9,0,4,1,1
2,8,10,2,9,0,4,1,0
2,8,10,4,13,1,4,1,0
2,11,8,0,5,2,4,1,0
2,15,9,2,2,0,4,1,0
4,7,11,2,2,0,4,1,0
2,15,9,4,7,1,4,1,0
2,15,9,4,11,2,2,0,0
2,15,9,5,3,4,2,0,0
3,14,14,2,9,0,4,1,1
2,8,10,2,2,0,4,1,0
2,11,8,2,4,0,4,1,0
2,11,8,2,6,0,4,1,0
1,9,12,0,9,1,4,1,0
0,12,13,4,3,1,4,0,0
2,11,8,4,13,1,2,1,0
2,11,8,2,3,0,4,1,1
4,11,8,2,11,0,4,1,1
2,11,8,2,2,0,4,1,0
2,0,5,2,2,0,4,1,0
2,15,9,2,11,0,2,1,1
2,9,12,2,11,0,4,1,1
2,0,5,2,6,0,4,1,0
1,1,6,4,5,3,4,1,0
2,6,4,0,2,1,4,1,0
2,11,8,4,11,3,4,0,0
2,15,9,3,11,1,4,0,0
2,0,5,5,6,4,2,0,0
4,15,9,2,3,0,4,1,0
4,1,6,2,4,0,4,1,0
2,9,12,2,3,0,1,1,1
2,15,9,2,9,0,4,1,1
2,11,8,3,13,4,2,1,0
2,15,9,2,0,0,4,1,0
5,7,11,4,9,1,4,0,0
2,14,14,2,9,0,4,1,1
2,9,12,4,12,1,4,1,0
4,11,8,2,4,0,4,1,1
2,11,8,2,7,0,2,1,0
2,0,5,5,6,3,4,1,0
2,15,9,4,2,4,4,1,0
2,11,8,4,11,4,4,1,0
2,8,10,4,7,3,4,1,0
3,14,14,2,9,0,4,1,1
2,14,14,4,9,1,4,1,0
2,15,9,2,11,0,4,1,1
2,9,12,2,9,0,1,1,1
2,11,8,2,2,0,4,1,1
2,0,5,2,5,0,4,1,0
2,8,10,2,11,0,4,1,0
2,9,12,2,3,0,4,1,1
4,11,8,2,3,0,4,1,0
2,8,10,2,2,0,1,1,1
4,11,8,6,9,4,4,0,0
2,15,9,0,3,1,4,0,0
3,9,12,2,2,0,4,1,0
2,15,9,2,11,0,4,1,0
4,9,12,2,9,0,4,1,1
1,9,12,4,3,1,4,0,0
4,9,12,2,9,5,4,0,0
2,15,9,2,7,5,4,0,0
2,11,8,0,4,1,1,1,0
2,11,8,2,3,0,4,1,1
2,11,8,4,11,1,4,0,0
1,12,13,2,9,5,4,0,1
2,11,8,0,0,1,4,0,0
0,11,8,0,0,1,3,1,0
2,11,8,0,5,1,4,0,0
2,11,8,2,6,0,4,1,1
2,12,13,2,0,0,1,1,1
2,11,8,0,4,1,4,1,0
2,15,9,0,0,4,2,0,0
5,9,12,4,9,1,4,0,0
2,1,6,0,2,3,4,1,0
2,15,9,2,13,0,4,1,0
2,6,4,4,7,4,2,0,0
2,15,9,0,9,3,4,0,0
2,15,9,0,3,1,4,1,0
2,15,9,4,12,1,4,0,0
2,15,9,4,0,4,2,0,0
5,15,9,4,3,4,4,0,0
2,9,12,4,12,1,4,0,0
2,15,9,2,11,0,4,1,1
2,8,10,2,2,0,4,1,1
2,9,12,4,3,3,4,1,0
2,9,12,4,9,1,4,0,0
2,11,8,2,2,5,4,0,0
5,9,12,2,9,0,1,1,1
2,11,8,2,7,0,4,1,0
1,10,15,0,9,1,4,0,0
2,11,8,4,11,4,2,1,0
1,7,11,2,10,0,4,1,1
2,11,8,2,6,5,1,0,0
2,15,9,5,3,4,2,0,0
2,11,8,2,12,5,4,0,1
2,9,12,2,9,0,2,1,0
2,9,12,0,9,1,4,1,1
2,9,12,4,11,3,4,1,0
2,15,9,2,11,0,4,1,0
2,11,8,4,0,3,4,0,0
2,11,8,3,3,1,4,1,0
2,15,9,4,7,1,4,1,0
2,15,9,4,2,3,4,1,0
0,15,9,2,13,0,4,1,1
2,9,12,0,12,1,4,1,0
2,11,8,2,11,0,4,1,0
2,11,8,4,12,1,4,1,0
2,9,12,4,12,1,4,1,0
2,11,8,0,2,3,4,1,0
5,12,13,2,9,0,4,1,0
1,15,9,2,3,0,4,1,1
2,12,13,6,11,1,4,0,0
2,12,13,2,9,0,1,1,1
0,11,8,2,4,0,0,1,0
2,9,12,4,3,4,2,0,0
2,9,12,2,9,5,4,0,1
4,9,12,4,9,1,4,0,0
2,9,12,2,9,0,4,1,1
2,9,12,4,5,4,2,1,0
4,15,9,2,13,2,3,1,1
2,4,2,2,5,0,2,1,0
1,12,13,2,9,0,4,1,1
2,11,8,0,0,4,4,0,0
1,11,8,2,5,0,4,1,0
2,9,12,6,9,4,4,0,1
2,3,1,2,5,0,4,1,0
2,14,14,2,0,2,1,0,0
1,0,5,4,4,4,4,1,0
3,0,5,2,2,0,4,1,0
2,9,12,2,6,0,4,1,1
2,1,6,4,6,4,4,0,0
2,11,8,2,2,0,4,1,0
2,15,9,6,7,2,2,0,0
4,11,8,2,11,5,4,0,0
5,9,12,2,12,3,4,0,1
2,9,12,2,5,0,4,1,1
2,11,8,2,2,0,4,1,0
2,15,9,2,2,0,4,1,1
2,11,8,4,0,4,4,0,0
4,11,8,2,13,0,4,1,0
2,15,9,4,3,1,4,1,0
4,11,8,2,2,0,4,1,0
2,9,12,2,3,0,4,1,1
1,11,8,4,0,2,4,1,0
2,12,13,2,6,0,4,1,0
1,9,12,2,9,5,4,0,1
0,7,11,0,0,1,2,0,0
2,11,8,3,2,1,4,1,0
2,11,8,2,7,0,4,1,0
2,9,12,2,9,0,4,1,1
2,14,14,2,9,0,4,1,1
2,9,12,4,9,1,2,1,0
2,8,10,0,0,4,4,0,0
2,15,9,2,2,0,4,1,0
2,11,8,4,6,1,4,1,0
2,11,8,2,3,0,4,1,1
2,15,9,5,0,4,4,0,1
2,11,8,4,7,1,4,1,0
2,15,9,0,0,1,4,0,0
2,11,8,4,3,1,4,0,0
2,12,13,2,9,0,4,1,1
2,15,9,4,13,3,4,0,0
2,0,5,4,9,1,4,1,0
2,11,8,2,12,5,4,0,0
2,12,13,2,9,0,1,1,1
4,15,9,2,4,0,4,1,0
2,9,12,4,7,1,4,0,0
2,11,8,4,7,2,4,1,0
2,15,9,4,2,4,1,1,0
3,11,8,2,11,0,4,1,1
4,15,9,2,2,0,4,1,1
2,15,9,4,13,1,4,1,0
2,12,13,2,9,0,4,1,1
2,12,13,2,9,0,4,1,1
5,11,8,4,0,1,4,0,0
2,1,6,2,2,0,4,1,0
2,8,10,4,0,4,2,0,0
2,1,6,4,5,3,4,1,0
2,1,6,4,6,4,2,0,0
5,1,6,2,13,0,4,1,0
4,11,8,2,4,0,4,1,0
4,11,8,2,2,0,4,1,0
2,15,9,2,10,0,4,1,1
2,9,12,2,11,0,4,1,1
2,11,8,2,6,0,4,1,1
2,12,13,2,9,0,4,1,1
2,12,13,2,9,5,4,0,1
1,12,13,2,9,5,4,0,1
2,12,13,2,3,0,4,1,1
2,15,9,0,12,1,4,1,1
2,11,8,4,13,1,4,0,0
2,11,8,2,2,0,4,1,0
1,11,8,2,5,0,4,1,0
2,7,11,2,2,0,4,1,0
4,15,9,5,11,4,4,0,0
2,5,3,4,8,3,4,0,0
4,11,8,2,11,5,4,0,0
2,12,13,2,9,0,2,1,1
2,15,9,2,13,0,4,1,1
2,15,9,4,8,1,4,0,0
2,11,8,2,11,0,4,1,0
2,2,7,4,7,1,4,1,0
4,14,14,2,9,0,4,1,1
2,11,8,2,2,0,4,1,0
3,11,8,2,2,0,4,1,1
2,11,8,2,7,5,4,0,0
2,11,8,4,6,2,4,1,0
2,9,12,4,13,4,2,0,0
5,11,8,2,7,0,4,1,0
4,8,10,2,3,0,4,1,1
2,11,8,2,2,0,4,1,0
2,11,8,4,6,1,4,0,0
2,7,11,0,3,4,4,0,0
2,9,12,2,9,5,2,0,1
2,9,12,4,0,3,4,1,0
2,15,9,2,9,0,4,1,0
1,8,10,2,9,5,4,0,1
2,7,11,4,3,3,4,0,0
2,9,12,2,0,0,1,1,1
0,15,9,0,3,1,2,0,0
2,0,5,4,13,1,4,1,0
2,15,9,4,11,1,4,0,0
2,9,12,0,9,1,2,1,0
3,15,9,2,11,0,4,1,1
2,11,8,2,6,0,4,1,0
2,15,9,4,11,3,4,1,0
2,9,12,4,7,1,4,0,0
2,11,8,0,3,4,4,0,0
2,15,9,2,9,0,4,1,1
2,11,8,2,0,0,4,1,1
2,9,12,5,0,4,1,0,0
2,9,12,2,9,0,4,1,1
5,9,12,0,0,4,4,0,0
2,10,15,2,9,0,1,1,0
2,11,8,4,7,1,4,0,1
2,12,13,5,9,1,4,1,1
5,8,10,0,12,1,4,0,0
1,15,9,2,10,0,4,1,1
2,9,12,4,3,1,4,1,0
2,3,1,3,2,1,4,1,0
2,9,12,2,3,0,4,1,1
2,11,8,2,2,0,4,1,0
2,15,9,0,3,4,4,0,0
1,8,10,2,2,0,4,1,1
4,7,11,2,3,0,4,1,1
2,11,8,0,7,2,2,0,0
2,11,8,4,5,3,4,1,0
2,15,9,2,4,0,4,1,0
2,0,5,2,2,0,4,1,0
1,12,13,2,9,5,4,0,1
2,15,9,2,2,0,4,1,1
4,5,3,2,3,0,4,1,0
2,15,9,4,11,3,1,0,0
4,9,12,2,4,0,4,1,0
4,1,6,0,3,4,4,0,0
2,8,10,4,3,1,2,0,0
2,11,8,2,5,0,4,1,1
4,9,12,2,11,0,4,1,0
2,0,5,0,7,4,2,0,0
0,9,12,4,9,1,4,0,0
2,11,8,2,4,0,4,1,0
2,11,8,0,3,3,4,1,0
2,15,9,2,2,0,4,1,0
2,11,8,4,0,3,4,1,0
2,4,2,4,6,3,4,1,0
2,9,12,2,3,0,4,1,0
2,11,8,0,0,3,4,0,0
5,15,9,0,0,4,2,0,0
2,9,12,2,9,0,4,1,0
2,4,2,2,6,0,4,1,0
2,2,7,4,11,3,4,0,0
4,15,9,2,3,0,4,1,0
2,9,12,6,9,4,4,0,0
2,11,8,2,10,0,4,1,1
2,11,8,3,0,4,4,0,0
4,10,15,2,11,0,4,1,1
2,11,8,0,13,4,4,1,0
2,11,8,2,12,0,4,1,0
2,9,12,4,0,1,2,0,1
2,11,8,5,6,1,4,1,0
2,11,8,3,0,1,4,0,0
4,10,15,4,9,1,4,0,0
2,11,8,5,11,4,2,0,0
2,11,8,4,3,1,4,0,0
2,8,10,0,0,4,4,0,0
2,11,8,2,13,0,4,1,1
2,15,9,4,12,3,4,0,0
2,11,8,4,0,1,4,0,0
2,9,12,0,9,1,4,0,1
2,11,8,4,13,1,4,0,0
2,11,8,2,2,0,4,1,1
5,7,11,4,0,1,4,1,0
2,15,9,4,5,2,4,1,0
2,15,9,4,3,4,4,0,0
2,15,9,4,11,3,4,0,0
2,11,8,0,0,1,4,0,0
2,9,12,2,9,5,4,0,1
2,11,8,4,0,1,4,0,0
2,12,13,2,12,0,4,1,0
2,8,10,2,0,0,4,1,0
2,15,9,4,2,1,4,1,0
1,12,13,4,9,1,4,0,0
2,11,8,2,11,3,1,0,0
2,6,4,2,10,5,2,0,0
5,9,12,4,10,3,4,1,0
2,0,5,4,6,3,4,1,0
2,7,11,4,5,3,4,1,0
2,15,9,4,6,3,4,1,0
2,11,8,2,6,0,4,1,1
2,11,8,0,2,1,4,1,0
2,9,12,4,9,3,4,1,0
2,9,12,2,3,5,4,0,1
2,7,11,2,3,0,4,1,1
2,11,8,2,5,0,4,1,0
1,9,12,2,9,0,4,1,0
2,15,9,2,2,0,4,1,1
2,10,15,2,11,0,4,1,0
1,9,12,2,9,0,4,1,0
4,11,8,4,7,1,4,1,0
2,15,9,2,2,0,4,1,1
4,11,8,2,2,0,4,1,0
2,11,8,2,2,0,2,1,1
4,14,14,4,9,1,4,1,1
2,9,12,4,0,1,4,0,0
2,11,8,0,5,1,4,0,0
2,15,9,4,11,3,4,1,0
0,9,12,2,9,0,4,1,1
4,11,8,2,4,0,1,1,0
2,15,9,2,2,0,4,1,0
2,9,12,2,9,0,4,1,0
2,11,8,2,11,0,4,1,0
2,11,8,2,7,3,1,1,0
2,9,12,2,3,5,4,0,0
1,9,12,4,9,2,4,1,0
2,11,8,0,6,1,4,0,0
2,11,8,2,11,0,4,1,1
3,11,8,4,13,3,4,1,0
2,5,3,4,7,4,3,0,0
2,11,8,2,2,0,4,1,0
4,9,12,2,9,0,4,1,1
2,11,8,2,6,0,4,1,1
2,11,8,0,0,4,4,0,0
2,11,8,4,6,3,4,1,0
2,9,12,4,0,1,4,0,0
5,14,14,4,9,1,4,1,0
2,15,9,2,6,0,4,1,1
2,9,12,4,12,1,4,1,1
1,12,13,2,9,0,4,1,1
3,9,12,2,4,0,4,1,1
2,15,9,0,3,1,4,0,0
5,5,3,2,13,0,4,1,0
2,0,5,4,11,4,4,0,0
5,15,9,4,7,1,4,1,0
2,11,8,2,5,0,4,1,0
2,15,9,0,7,1,4,0,0
0,11,8,4,0,3,4,1,0
2,11,8,0,7,1,4,0,0
2,8,10,0,9,1,4,0,0
5,12,13,2,9,0,4,1,1
0,8,10,2,9,5,4,0,1
2,11,8,4,4,2,4,1,0
2,9,12,2,0,0,1,1,1
2,9,12,2,3,0,4,1,1
2,15,9,0,0,4,4,0,0
3,11,8,4,4,3,4,1,0
2,11,8,2,0,0,4,1,0
2,0,5,5,13,4,4,1,0
2,11,8,2,2,0,4,1,1
2,1,6,4,7,3,4,0,0
0,15,9,2,9,0,4,1,1
2,11,8,2,0,0,4,1,0
2,15,9,6,13,4,4,0,0
2,15,9,4,0,3,4,1,0
3,9,12,2,3,0,4,1,1
2,11,8,0,7,1,4,0,0
1,8,10,2,10,0,4,1,1
2,7,11,4,7,1,4,1,0
2,15,9,4,7,4,2,0,0
2,15,9,2,4,0,4,1,0
2,15,9,2,11,0,4,1,0
2,15,9,2,2,0,1,1,1
4,15,9,2,4,0,4,1,0
2,1,6,4,8,3,4,0,0
2,2,7,4,13,1,1,1,0
2,11,8,2,2,0,4,1,0
2,11,8,2,13,0,4,1,1
2,11,8,2,2,0,4,1,0
4,11,8,2,13,0,4,1,0
2,15,9,2,3,0,4,1,0
4,8,10,4,4,3,4,1,0
2,15,9,4,11,3,4,0,0
2,11,8,2,6,5,4,0,0
2,7,11,2,10,0,4,1,0
2,9,12,4,11,4,2,0,1
2,15,9,4,7,1,2,1,0
2,11,8,5,2,1,4,1,0
2,11,8,0,0,4,4,0,0
2,15,9,2,5,0,4,1,0
2,5,3,4,5,1,4,0,0
2,15,9,0,0,4,2,0,0
2,15,9,2,9,5,4,0,0
2,12,13,2,3,0,4,1,1
1,8,10,4,10,3,4,1,0
2,9,12,2,3,0,4,1,1
5,10,15,2,9,0,4,1,0
2,7,11,2,9,0,4,1,1
4,5,3,2,4,0,4,1,0
4,14,14,0,7,1,4,0,0
2,15,9,4,5,1,4,1,0
2,15,9,2,6,0,4,1,0
0,7,11,2,11,0,1,1,0
2,9,12,2,3,0,4,1,1
1,14,14,2,9,0,2,1,1
2,14,14,4,3,1,4,1,1
0,14,14,0,3,1,2,1,1
2,1,6,2,13,0,4,1,0
2,9,12,0,3,1,4,0,1
2,8,10,2,11,0,4,1,1
2,15,9,4,11,1,4,0,0
2,15,9,2,11,5,4,0,1
5,9,12,4,0,1,4,0,0
2,11,8,4,7,1,4,1,0
2,11,8,4,5,3,4,0,0
2,15,9,4,0,1,1,0,0
2,11,8,4,6,1,4,1,0
2,11,8,4,6,3,4,1,0
3,9,12,2,2,0,4,1,1
2,3,1,6,5,1,4,0,0
2,15,9,2,3,0,4,1,1
2,9,12,2,9,0,4,1,1
2,15,9,4,5,3,4,1,0
2,9,12,4,12,3,4,1,0
2,15,9,4,0,3,4,0,0
2,11,8,0,6,1,1,0,0
2,15,9,4,2,1,4,1,0
2,11,8,5,7,4,4,0,0
2,11,8,6,11,1,4,0,1
2,11,8,2,11,2,4,0,0
2,9,12,0,5,1,4,1,0
2,7,11,4,0,1,4,0,0
2,15,9,2,11,0,4,1,0
5,14,14,4,9,1,4,1,0
4,15,9,4,11,1,4,1,0
2,11,8,2,2,0,4,1,1
2,9,12,4,3,1,4,1,0
2,15,9,5,4,3,4,1,0
2,11,8,2,3,0,4,1,1
2,15,9,4,12,4,1,0,0
1,9,12,2,10,0,4,1,1
2,11,8,2,7,5,2,0,0
4,15,9,2,3,0,4,1,0
3,15,9,2,3,0,4,1,1
1,12,13,2,9,0,2,1,1
2,11,8,4,7,2,2,0,0
2,15,9,2,6,0,4,1,0
5,13,0,4,7,1,4,1,0
2,15,9,2,3,0,4,1,0
4,12,13,2,11,0,4,1,0
2,12,13,2,3,0,4,1,1
2,1,6,2,13,0,4,1,0
0,15,9,4,10,3,2,1,0
2,11,8,0,7,1,4,0,0
4,9,12,2,12,0,4,1,1
2,7,11,0,0,4,4,0,0
0,11,8,2,3,0,4,1,1
2,9,12,2,3,0,4,1,0
4,5,3,4,4,4,4,1,0
2,10,15,2,9,0,4,1,1
2,12,13,2,9,0,4,1,1
2,9,12,3,13,4,4,1,0
2,14,14,4,9,3,1,1,0
2,8,10,2,3,0,4,1,1
2,6,4,2,5,0,4,1,0
2,11,8,5,0,4,4,0,0
1,15,9,2,0,5,2,0,0
2,6,4,5,4,1,2,1,0
3,15,9,2,10,0,4,1,1
2,15,9,2,3,0,4,1,0
2,12,13,2,3,0,4,1,1
2,11,8,4,0,1,4,1,0
2,14,14,2,3,0,1,1,1
1,11,8,2,3,0,3,1,1
2,15,9,2,9,0,4,1,0
1,8,10,2,0,5,4,0,0
2,15,9,0,0,1,4,0,0
2,7,11,4,9,3,4,1,0
1,11,8,2,9,0,4,1,0
2,11,8,2,6,0,4,1,1
2,11,8,0,2,1,4,0,0
2,15,9,2,13,0,2,1,1
1,9,12,2,9,0,4,1,0
3,15,9,6,11,1,4,0,0
1,9,12,4,12,1,4,0,0
2,15,9,4,7,3,4,1,0
2,8,10,2,11,0,4,1,1
4,8,10,4,4,3,4,1,0
2,15,9,5,3,1,4,0,0
4,14,14,0,9,4,4,1,1
2,15,9,0,11,4,4,0,0
2,11,8,4,2,3,4,1,0
2,8,10,0,5,4,4,0,0
4,11,8,2,4,0,4,1,0
1,11,8,2,3,0,4,1,0
2,11,8,2,11,0,4,1,0
2,11,8,4,11,4,4,1,0
2,15,9,4,11,3,4,0,0
2,15,9,2,5,0,4,1,0
2,2,7,4,0,3,4,0,0
2,3,1,4,2,1,4,1,0
2,0,5,4,7,2,2,1,0
2,9,12,0,12,4,4,0,0
2,11,8,2,2,0,4,1,0
2,3,1,3,7,3,3,0,0
2,11,8,0,0,2,4,0,0
2,11,8,2,7,0,4,1,0
2,9,12,2,2,0,4,1,0
2,11,8,0,0,1,4,1,0
4,7,11,0,12,1,4,1,0
2,15,9,4,7,1,4,0,0
3,12,13,2,3,0,4,1,1
1,9,12,2,9,5,4,0,0
2,11,8,4,4,3,4,1,0
2,7,11,2,2,0,4,1,0
2,15,9,0,9,1,4,0,0
2,15,9,2,11,0,4,1,0
2,11,8,4,0,1,4,0,0
1,12,13,6,9,4,4,0,0
2,15,9,4,13,3,4,1,0
2,9,12,2,3,0,4,1,1
2,11,8,0,5,1,4,1,0
2,0,5,2,5,0,4,1,0
1,12,13,2,9,0,4,1,1
2,0,5,4,7,1,4,1,0
2,2,7,4,7,3,4,1,0
2,7,11,2,9,5,4,0,1
2,11,8,2,2,0,4,1,0
2,12,13,6,9,4,2,0,0
2,15,9,2,9,0,4,1,1
4,11,8,4,2,1,0,1,0
2,6,4,4,7,3,2,1,0
2,6,4,0,11,1,4,1,0
2,15,9,4,6,1,1,1,1
2,5,3,2,6,5,4,0,0
2,15,9,4,0,1,4,0,0
0,15,9,4,0,4,4,1,0
2,15,9,2,0,5,4,0,0
2,9,12,2,9,0,4,1,0
2,8,10,4,2,1,4,1,0
2,1,6,2,2,0,4,1,0
2,11,8,2,13,0,4,1,0
4,11,8,2,4,0,4,1,0
2,11,8,4,11,3,4,0,0
2,9,12,0,11,1,4,0,0
2,11,8,0,0,1,4,0,0
5,15,9,2,7,0,4,1,0
3,15,9,2,11,0,4,1,0
4,9,12,2,9,0,4,1,1
2,11,8,2,3,0,4,1,1
4,11,8,2,2,0,4,1,0
4,5,3,6,4,2,4,0,0
1,9,12,4,9,3,4,0,0
2,9,12,0,0,1,4,1,0
2,6,4,2,4,0,2,1,0
2,12,13,2,9,0,4,1,1
2,15,9,0,11,1,4,0,0
2,7,11,4,11,3,4,0,0
0,9,12,2,9,0,4,1,0
2,9,12,2,3,0,4,1,1
4,1,6,2,13,0,4,1,0
2,11,8,2,3,0,4,1,0
2,9,12,2,3,5,4,0,1
1,8,10,0,3,1,4,0,0
2,11,8,2,7,5,4,0,0
2,11,8,0,4,1,4,1,1
3,7,11,2,9,0,4,1,0
2,2,7,0,3,1,4,1,0
2,11,8,4,6,3,2,1,0
2,11,8,4,6,4,2,0,0
2,11,8,0,7,4,2,0,0
5,10,15,2,9,0,4,1,1
2,15,9,0,0,3,4,1,1
1,11,8,2,10,0,4,1,1
4,12,13,4,3,1,4,1,0
3,14,14,2,3,0,4,1,1
2,15,9,4,11,1,2,0,0
2,9,12,2,11,0,4,1,0
2,15,9,4,9,3,4,1,0
2,8,10,2,2,0,4,1,1
2,11,8,2,2,0,4,1,1
2,11,8,2,13,3,4,1,0
2,15,9,4,7,1,4,0,0
2,11,8,4,7,3,4,1,0
1,9,12,2,9,0,4,1,0
2,15,9,2,3,0,4,1,0
2,15,9,4,0,1,4,0,0
2,8,10,2,9,0,4,1,1
2,15,9,4,3,1,4,1,0
2,15,9,2,0,0,4,1,0
0,15,9,4,0,3,2,1,0
5,14,14,2,3,0,4,1,1
3,15,9,0,4,1,4,1,0
2,11,8,2,6,0,4,1,1
2,15,9,4,7,3,4,1,0
2,1,6,2,6,0,4,1,0
4,7,11,2,4,0,4,1,1
1,12,13,2,9,0,4,1,1
2,7,11,2,6,0,4,1,0
3,9,12,2,3,0,4,1,0
2,15,9,0,11,1,4,1,1
2,11,8,2,6,0,4,1,1
2,11,8,2,2,0,4,1,0
2,11,8,0,0,4,4,0,0
2,12,13,2,9,0,4,1,0
2,11,8,2,11,0,4,1,0
2,11,8,2,2,0,4,1,0
2,9,12,4,9,3,4,0,0
2,9,12,4,7,1,4,1,0
2,12,13,0,9,1,4,0,0
2,1,6,4,0,3,4,0,0
2,9,12,4,11,1,4,1,0
2,15,9,4,11,3,4,0,0
2,7,11,2,13,0,3,1,0
2,11,8,0,11,4,4,0,0
2,2,7,0,4,3,4,1,0
2,15,9,2,2,0,4,1,1
2,11,8,4,7,4,4,1,0
1,12,13,0,9,1,4,0,1
1,9,12,2,9,0,4,1,1
2,15,9,4,7,1,4,0,0
2,5,3,2,12,0,4,1,0
5,9,12,2,3,5,4,0,0
2,11,8,2,11,0,4,1,0
2,5,3,2,11,0,4,1,0
2,13,0,2,7,0,4,1,0
2,1,6,4,2,3,4,1,0
4,9,12,2,11,0,4,1,0
1,11,8,5,13,3,4,1,0
0,9,12,0,0,1,4,1,0
2,3,1,2,7,5,1,0,0
2,15,9,4,11,4,2,0,0
2,9,12,2,3,0,4,1,1
2,11,8,4,5,2,2,1,0
2,11,8,2,11,0,4,1,0
2,9,12,4,0,3,4,0,0
3,15,9,2,3,0,4,1,1
2,9,12,4,11,1,4,1,0
2,11,8,4,7,4,2,1,0
2,2,7,0,13,1,4,0,0
2,9,12,2,0,0,4,1,0
2,15,9,6,10,1,2,0,0
2,15,9,2,2,0,4,1,0
4,11,8,2,4,0,4,1,0
2,10,15,2,9,0,4,1,0
2,8,10,2,9,3,4,0,1
2,9,12,2,3,5,4,0,0
2,2,7,2,2,0,4,1,0
3,9,12,4,11,3,4,0,0
4,11,8,2,4,0,4,1,1
5,11,8,2,3,0,4,1,0
2,9,12,4,11,1,4,1,0
2,11,8,4,0,1,4,0,0
2,8,10,2,12,5,4,0,0
0,15,9,2,12,0,4,1,1
2,8,10,2,7,0,4,1,1
2,9,12,4,0,1,4,1,0
1,9,12,0,9,4,4,0,1
2,15,9,2,0,0,4,1,0
2,6,4,6,13,4,4,1,1
2,15,9,2,9,0,4,1,0
4,11,8,4,2,1,4,1,0
4,11,8,2,13,0,4,1,0
2,9,12,2,3,0,4,1,1
2,9,12,4,0,1,4,0,0
2,9,12,2,3,0,4,1,1
2,11,8,2,5,0,4,1,0
2,9,12,4,3,1,4,0,0
2,8,10,4,2,3,4,1,0
2,11,8,5,4,1,4,1,0
2,11,8,2,2,0,4,1,1
2,15,9,5,3,4,4,0,0
2,11,8,4,7,2,4,1,0
1,12,13,0,9,1,4,0,1
2,11,8,2,3,0,2,1,0
0,12,13,4,9,1,4,0,0
4,15,9,0,2,1,4,1,0
2,15,9,0,0,1,4,0,0
2,15,9,4,7,2,1,1,0
2,7,11,2,3,0,4,1,1
2,11,8,0,2,1,4,1,0
2,6,4,2,6,0,2,1,0
3,9,12,2,2,0,4,1,0
2,11,8,2,9,5,1,0,1
2,0,5,2,0,0,2,1,0
2,11,8,2,2,0,4,1,1
2,15,9,4,12,1,4,0,0
2,11,8,0,2,1,4,1,0
2,11,8,0,2,4,4,1,0
0,15,9,4,0,1,4,1,1
2,11,8,4,2,3,4,1,0
5,9,12,4,9,1,4,0,0
2,1,6,0,11,1,4,0,0
2,8,10,2,0,2,4,0,0
2,15,9,2,2,2,1,1,1
2,14,14,2,9,0,4,1,1
2,15,9,4,2,1,4,1,0
0,11,8,2,0,0,4,1,1
2,12,13,4,9,1,4,0,0
4,14,14,2,9,0,4,1,1
2,11,8,4,2,2,4,0,0
2,15,9,4,0,4,4,0,0
1,15,9,0,0,4,4,0,0
2,11,8,4,12,1,4,1,0
2,15,9,2,9,5,4,0,0
4,7,11,4,11,1,4,0,0
2,8,10,4,11,1,2,0,0
1,9,12,2,10,0,4,1,0
2,2,7,4,11,3,4,0,0
2,1,6,0,11,3,4,1,0
2,4,2,6,6,1,4,0,0
2,11,8,2,2,0,4,1,0
2,9,12,2,11,0,4,1,1
4,15,9,2,3,0,4,1,0
2,11,8,4,7,1,4,1,0
2,15,9,4,0,3,4,0,0
2,9,12,2,0,0,4,1,0
5,9,12,2,11,0,4,1,0
2,9,12,4,11,1,4,1,1
2,15,9,4,3,1,4,0,0
1,9,12,0,9,4,2,0,0
2,12,13,4,11,1,4,0,0
2,11,8,4,7,3,4,0,0
2,0,5,4,6,1,4,1,0
2,11,8,0,13,1,4,1,0
2,7,11,2,3,5,4,0,0
3,12,13,2,11,0,4,1,1
4,9,12,4,11,1,4,1,0
0,9,12,5,9,1,4,1,0
2,15,9,2,6,0,4,1,0
2,12,13,4,12,1,4,0,0
2,15,9,4,11,3,4,0,0
1,9,12,2,10,0,4,1,1
2,11,8,2,5,0,4,1,0
3,15,9,2,3,0,4,1,1
2,11,8,0,6,4,4,1,0
4,9,12,2,3,0,4,1,1
4,11,8,4,9,1,4,1,0
2,2,7,4,0,3,4,0,0
2,9,12,4,3,1,4,0,0
2,9,12,4,3,3,4,1,0
1,15,9,2,10,0,2,1,0
2,0,5,0,13,1,4,1,0
5,11,8,4,0,4,2,0,0
2,11,8,2,2,0,4,1,1
3,11,8,2,4,0,4,1,0
5,15,9,2,0,5,4,0,0
3,15,9,2,3,0,4,1,1
2,15,9,2,2,0,1,1,1
2,12,13,2,9,0,4,1,0
0,10,15,2,9,0,1,1,1
1,9,12,4,9,3,1,0,0
2,2,7,4,7,3,4,0,0
2,15,9,4,7,1,4,1,0
2,15,9,0,2,1,4,1,0
2,8,10,4,12,1,4,1,0
2,2,7,4,11,3,4,0,0
2,8,10,0,5,1,4,0,0
2,9,12,4,0,1,4,0,0
1,4,2,4,5,2,4,1,1
2,11,8,2,7,0,4,1,1
2,11,8,4,11,1,4,0,0
2,11,8,2,13,0,4,1,0
2,11,8,2,6,3,4,1,0
2,1,6,4,11,3,2,0,0
4,11,8,2,11,0,4,1,1
2,10,15,2,9,0,4,1,1
2,13,0,4,7,1,4,0,0
2,6,4,2,6,0,4,1,0
2,11,8,0,0,1,4,0,0
2,8,10,2,3,0,4,1,1
2,15,9,4,3,4,2,0,0
3,14,14,2,9,0,4,1,1
2,11,8,2,11,0,4,1,1
2,7,11,0,11,3,4,1,0
2,15,9,2,3,0,4,1,1
2,14,14,2,3,0,4,1,1
2,11,8,5,0,1,4,0,0
2,8,10,2,4,0,4,1,0
5,9,12,0,10,1,4,1,0
2,11,8,5,2,1,0,1,0
2,11,8,4,6,1,4,1,0
4,11,8,0,4,4,4,0,0
2,7,11,0,2,1,4,1,1
4,15,9,2,4,0,4,1,1
0,9,12,6,3,4,4,0,1
2,12,13,4,9,1,4,0,0
2,9,12,2,7,0,0,1,1
2,9,12,2,3,0,4,1,1
2,11,8,2,6,0,4,1,0
4,9,12,2,11,5,4,0,0
4,9,12,4,4,3,4,1,0
2,15,9,2,7,0,1,1,1
2,11,8,4,7,3,4,0,0
3,11,8,2,7,0,4,1,0
3,14,14,2,9,0,4,1,1
2,0,5,6,7,1,4,0,0
0,15,9,2,0,0,4,1,1
2,11,8,4,11,3,4,1,0
6,15,9,2,0,5,4,0,0
2,11,8,4,2,2,3,1,0
2,1,6,2,2,0,4,1,0
1,9,12,2,7,0,4,1,1
1,12,13,2,9,0,4,1,1
2,11,8,2,11,0,4,1,0
2,8,10,3,11,4,2,0,0
2,11,8,2,10,0,4,1,0
2,15,9,2,2,0,4,1,1
2,7,11,4,9,3,2,1,0
2,11,8,2,6,0,4,1,0
1,15,9,4,10,3,4,1,0
2,2,7,0,6,1,4,0,0
2,11,8,4,5,1,4,1,0
2,9,12,2,9,0,4,1,0
2,1,6,4,7,3,4,1,0
2,11,8,2,13,0,4,1,0
2,9,12,4,3,1,4,1,0
2,7,11,4,3,1,1,0,0
2,9,12,4,9,3,2,0,0
1,10,15,2,3,0,4,1,1
2,6,4,4,6,3,2,1,0
2,8,10,4,13,1,4,1,0
2,11,8,4,7,1,4,0,0
2,15,9,2,13,0,4,1,1
2,11,8,0,7,1,4,0,0
2,15,9,2,13,0,4,1,1
2,15,9,0,6,1,4,0,0
2,11,8,2,3,5,4,0,1
2,9,12,2,9,0,4,1,0
2,12,13,2,9,0,4,1,0
1,5,3,2,3,0,4,1,0
1,11,8,2,10,0,4,1,1
2,11,8,0,6,1,4,1,0
2,15,9,2,11,0,4,1,1
2,3,1,2,5,2,4,1,0
3,9,12,2,3,0,4,1,1
2,15,9,2,2,0,4,1,1
2,0,5,2,2,0,4,1,0
2,12,13,0,9,1,4,0,1
2,15,9,0,6,3,4,1,0
2,11,8,2,2,0,4,1,0
0,11,8,4,1,1,4,1,0
2,9,12,2,2,0,4,1,1
2,11,8,6,11,1,4,0,0
2,11,8,2,2,0,4,1,0
2,11,8,2,2,0,4,1,0
5,15,9,0,0,3,4,1,0
5,15,9,4,7,3,4,0,0
2,10,15,2,9,0,4,1,1
2,9,12,4,9,1,1,1,0
2,0,5,0,2,1,4,1,0
2,2,7,2,6,0,4,1,0
2,11,8,2,2,0,4,1,0
2,11,8,4,7,4,2,0,0
2,9,12,4,9,1,1,1,0
4,9,12,6,2,1,4,1,1
2,15,9,2,6,0,2,1,0
2,9,12,3,0,1,4,0,0
2,2,7,4,7,3,4,1,0
5,9,12,2,0,5,4,0,1
2,9,12,2,13,0,4,1,0
2,1,6,4,2,1,2,0,0
2,8,10,2,2,0,4,1,0
2,11,8,2,2,0,4,1,0
2,0,5,0,13,4,4,1,0
2,8,10,0,0,1,4,0,0
4,8,10,2,9,0,4,1,0
2,15,9,4,0,3,4,1,0
2,15,9,2,3,0,4,1,1
2,13,0,2,6,2,2,1,0
5,11,8,2,2,0,4,1,0
1,12,13,4,9,1,4,0,0
2,11,8,2,2,0,4,1,0
2,8,10,2,2,0,4,1,0
2,12,13,2,9,0,4,1,1
2,11,8,4,11,4,4,0,0
1,5,3,2,10,0,4,1,0
2,11,8,4,11,3,4,1,0
4,14,14,4,9,1,1,1,1
2,15,9,2,3,0,4,1,1
2,9,12,4,3,1,4,0,0
2,8,10,4,7,1,4,0,0
2,11,8,2,5,0,4,1,1
2,11,8,0,2,1,1,0,0
2,11,8,2,13,0,4,1,0
2,11,8,5,7,1,4,0,0
2,11,8,4,2,3,4,1,0
5,15,9,0,3,1,4,0,0
2,6,4,2,7,0,2,1,0
1,11,8,0,0,4,4,0,0
2,15,9,2,2,0,4,1,0
2,11,8,2,2,0,4,1,0
0,11,8,2,11,5,4,0,1
2,15,9,4,0,2,4,0,0
2,7,11,5,12,4,4,0,0
2,15,9,2,7,0,4,1,1
2,15,9,2,11,0,4,1,0
4,11,8,0,7,1,4,1,0
2,11,8,4,2,1,4,1,0
2,11,8,0,12,1,2,0,0
2,11,8,5,0,4,4,0,0
2,9,12,2,11,0,4,1,1
1,15,9,2,10,0,4,1,1
1,5,3,4,7,2,2,0,0
2,15,9,2,2,0,4,1,1
2,3,1,2,6,0,4,1,0
2,11,8,0,7,1,4,0,0
2,15,9,4,0,3,4,0,0
2,15,9,4,11,3,4,1,0
2,9,12,4,11,1,4,1,0
2,15,9,2,11,0,4,1,0
2,11,8,4,2,3,4,1,0
2,4,2,2,6,0,4,1,0
2,11,8,0,7,4,4,0,0
4,11,8,2,2,0,4,1,1
2,7,11,2,2,0,4,1,1
2,15,9,4,11,1,4,0,0
2,9,12,4,3,1,4,0,0
2,11,8,2,7,5,2,0,0
2,11,8,0,7,4,4,0,0
2,1,6,6,5,1,4,0,0
2,9,12,2,3,0,4,1,0
2,11,8,0,7,4,4,0,0
1,10,15,0,3,1,4,0,1
4,5,3,2,4,0,4,1,0
2,13,0,0,7,1,3,1,0
4,9,12,2,9,0,4,1,0
2,11,8,2,13,0,4,1,0
2,14,14,2,9,0,4,1,1
2,11,8,4,2,1,4,1,0
4,12,13,2,3,0,4,1,1
2,9,12,4,9,3,4,1,0
2,15,9,2,13,0,4,1,1
2,15,9,4,7,1,2,1,0
2,11,8,4,11,3,4,0,0
2,11,8,2,2,0,4,1,0
2,11,8,6,2,1,2,0,0
2,11,8,6,6,4,2,0,0
2,0,5,4,7,3,4,1,0
2,5,3,2,2,0,4,1,0
3,12,13,2,11,0,4,1,1
2,6,4,2,13,0,2,1,0
2,15,9,5,3,4,4,0,0
2,15,9,2,11,0,4,1,0
2,15,9,2,11,0,4,1,1
2,15,9,0,0,1,4,0,0
4,9,12,2,11,0,4,1,1
2,12,13,2,12,0,1,1,1
2,9,12,2,9,0,4,1,1
2,9,12,2,3,0,4,1,0
2,11,8,6,0,1,4,0,0
3,11,8,2,2,0,4,1,1
3,9,12,2,3,0,4,1,1
2,11,8,6,3,1,4,0,0
2,6,4,2,2,0,4,1,0
3,10,15,4,9,1,4,0,0
2,10,15,0,9,1,4,0,0
2,15,9,0,5,1,4,1,0
2,12,13,2,9,0,4,1,0
0,12,13,0,9,4,4,0,0
2,7,11,2,2,0,4,1,1
2,11,8,4,5,4,4,1,0
2,2,7,2,2,0,4,1,0
5,5,3,2,7,5,2,0,0
2,12,13,2,3,0,4,1,1
2,8,10,5,11,4,4,0,0
2,15,9,2,9,0,4,1,0
2,15,9,4,7,1,4,0,0
2,15,9,0,3,1,4,0,0
2,11,8,2,6,5,4,0,0
2,15,9,2,7,3,1,0,0
2,15,9,4,3,3,4,1,0
2,11,8,0,0,4,2,0,0
4,11,8,0,11,3,4,1,0
2,1,6,0,6,4,4,0,0
2,15,9,4,2,1,4,1,0
2,1,6,4,9,3,4,1,0
2,11,8,4,7,1,4,0,0
2,11,8,2,13,0,4,1,0
2,11,8,4,2,2,2,1,0
2,1,6,0,13,4,4,1,0
1,9,12,2,9,0,4,1,0
2,11,8,2,2,0,4,1,0
2,12,13,0,11,1,4,0,1
2,0,5,4,0,1,2,1,0
2,8,10,2,2,0,4,1,1
2,9,12,2,9,0,4,1,0
2,0,5,0,7,1,2,0,0
2,11,8,5,11,1,4,0,0
2,11,8,2,9,0,4,1,1
1,9,12,4,0,3,2,0,0
2,11,8,4,6,3,4,1,0
2,12,13,2,9,5,4,0,1
0,0,5,2,2,0,4,1,0
2,8,10,0,0,4,4,0,0
1,11,8,2,2,0,4,1,1
2,15,9,2,3,0,4,1,1
2,11,8,4,7,4,4,0,0
2,11,8,2,2,0,2,1,0
2,1,6,2,11,0,4,1,0
2,11,8,0,13,1,4,1,0
2,7,11,4,6,2,4,0,0
2,0,5,2,13,0,4,1,0
2,15,9,4,0,3,4,1,0
2,11,8,2,6,5,4,0,0
2,11,8,5,11,4,4,0,0
2,10,15,2,9,0,4,1,1
2,9,12,2,3,0,1,1,1
2,15,9,0,0,4,4,0,0
2,2,7,4,10,3,2,1,0
2,9,12,4,3,1,4,0,1
2,11,8,4,2,1,2,1,0
2,9,12,0,9,4,2,0,1
1,7,11,0,9,4,4,0,0
1,7,11,2,0,5,4,0,1
2,7,11,0,12,1,4,0,0
2,11,8,2,6,0,4,1,0
4,14,14,4,9,1,4,1,0
4,15,9,2,2,0,4,1,0
2,0,5,2,5,0,0,1,0
2,8,10,2,11,0,4,1,0
2,12,13,2,3,0,4,1,1
2,15,9,4,10,1,4,1,0
2,7,11,2,12,5,4,0,0
2,11,8,2,6,0,4,1,1
2,11,8,6,0,4,4,0,0
2,11,8,4,0,3,4,1,0
3,11,8,2,3,5,4,0,1
